"ToxPi Score","HClust Group","KMeans Group","Name","Source","Infection Rate: Transmissible Cases!25!0xcc3333ff","Infection Rate: Disease Spread!5!0xe64d4dff","Pop Concentration: Pop Mobility!10!0x57b757ff","Pop Concentration: Residential Density!10!0x5ced5cff","Intervention: Social Distancing!10!0x4258c9ff","Intervention: Testing!10!0x6079f7ff","Health & Environment: Pop Demographics!10!0x6b0b9eff","Health & Environment: Air Pollution!10!0x8e26c4ff","Health & Environment: Age Distribution!10!0x9a42c8ff","Health & Environment: Co-morbidities!10!0xb460e0ff","Health & Environment: Health Disparities!10!0xc885ecff","Health & Environment: Hospital Beds!5!0xdeb9f1ff"
"0.6947915274471316","8","5","North Carolina, Robeson","-79.1025,34.6424","0.6757058564079585","0.605108055009823","0.5853089601519642","0.9698","1.0","0.751491911899152","1.0","0.4251497005988024","0.49129758316188105","0.5810636510878822","0.6826268589182356","0.41267351749283776"
"0.6736573330338832","7","5","Virginia, Galax City","-80.917,36.666","0.8377209464693182","0.87012987012987","0.7034837461964067","0.9188","1.0","0.5881367906958894","0.4413399224589495","0.33532934131736525","0.6661358670949733","0.4737576781950569","0.6725649108226711","0.1836022098079947"
"0.6709650101885012","7","5","Arkansas, St. Francis","-90.7483,35.022","0.8303943469962092","0.740298507462687","0.509142944524598","0.9908","0.825","0.5574725952297617","0.7033118845195946","0.43113772455089816","0.5166605513962695","0.6140125686927993","0.6056968412878142","0.37538479186532797"
"0.6662896767423442","7","5","Texas, Potter","-101.894,35.4013","0.8498490940116051","0.671153846153846","0.6549458485849775","0.985","1.0","0.7194085185102618","0.5983391704097168","0.2694610778443114","0.42544161229202965","0.4086973220646494","0.6486374604248089","0.31698058208522395"
"0.6611780116680582","7","5","Mississippi, Neshoba","-89.1173,32.7534","0.7840076692408234","0.465994962216625","0.5404065469824364","0.8316","0.825","0.5163989158141343","0.9079795552428814","0.44311377245508987","0.5215324091055006","0.6072142978867505","0.6484228481638843","0.4600802919793608"
"0.6598850880461445","8","4","North Carolina, Scotland","-79.4758,34.8386","0.5290957782412928","0.42","0.5942342207762943","0.9965","1.0","0.751491911899152","0.9335712223392009","0.43113772455089816","0.5561726637917245","0.5829923183214187","0.6548945220704852","0.42965914244880454"
"0.6596077814800142","7","5","New Jersey, Cumberland","-75.1071,39.372","0.7620566097164791","0.491834170854271","0.6112107701839656","0.9844","1.0","0.7118730106573777","0.6750008800709041","0.4131736526946108","0.5016507991249867","0.4244276397156191","0.539123439716179","0.46635693323639954"
"0.6579227315361557","7","5","Tennessee, Lake","-89.4892,36.3418","1.0","0.86284289276808","0.48492912013933626","0.9481","0.825","0.26145055415676854","0.603691115496392","0.4610778443113772","0.5166605513962695","0.534016245255937","0.6576872670618262","0.0"
"0.656989818849153","7","5","South Carolina, Lee","-80.2569,34.1639","0.763381960636868","0.569620253164557","0.4593003399173551","0.9771","0.75","0.6761677914855059","0.6667235168467193","0.43113772455089816","0.5670390838965326","0.5758775549646384","0.6429284351677798","0.5456665212210694"
"0.6554824437872723","8","5","North Carolina, Richmond","-79.7449,35.0042","0.6096887256834174","0.508928571428571","0.5893251167144115","0.9102","1.0","0.751491911899152","0.7874476391306519","0.43113772455089816","0.558371441896005","0.5451531352989174","0.6389240755837253","0.40558680468862746"
"0.6539935961795055","7","5","Virginia, Emporia City","-77.5341,36.6946","0.7638377269904744","0.54","0.7057924439353598","0.8656","1.0","0.5881367906958894","0.7224578504312635","0.3712574850299401","0.542700408721451","0.39758524404656015","0.6890084247423715","0.22557397432959575"
"0.6533383077536397","8","5","South Carolina, Dillon","-79.3774,34.3901","0.6511804453294174","0.459677419354839","0.5102578595448183","0.7851","1.0","0.6761677914855059","0.8193959856481328","0.4251497005988024","0.526341402378779","0.648040993831076","0.6946490211464534","0.44767253857192935"
"0.6515226049483177","7","5","North Carolina, Duplin","-77.9314,34.9345","0.742580024708547","0.692934782608696","0.5179321021977036","0.767","0.75","0.751491911899152","0.6848615404637928","0.4131736526946108","0.5648909983668218","0.5239396788871992","0.7187925371614089","0.49806537421513747"
"0.650141440804736","7","5","Georgia, Clinch","-82.7043,30.914","0.753976748861","0.780487804878049","0.477390695013792","0.9637","0.675","0.49930824224945697","0.6500866200557273","0.39520958083832336","0.5166605513962695","0.7304738107220571","0.7431157848892379","0.40127390060562457"
"0.6498451766040884","8","4","North Carolina, Halifax","-77.6556,36.2567","0.5687416518858729","0.415094339622642","0.5487756681610488","0.8918","1.0","0.751491911899152","0.8577586033392686","0.407185628742515","0.6095051758860066","0.6045199403860707","0.651327259354194","0.3425984405136909"
"0.6494970246436538","7","5","Mississippi, Holmes","-90.0892,33.1235","0.7993735132642942","0.447916666666667","0.4783419315115618","0.9729","0.675","0.5163989158141343","0.604931398410728","0.4131736526946108","0.4886637078344629","0.7605046660316123","0.7256346957780366","0.5215434469529122"
"0.6487080675150101","7","5","South Carolina, Williamsburg","-79.7277,33.6219","0.7006145407942361","0.50561797752809","0.47104705901374555","0.9717","0.75","0.6761677914855059","0.6821185503399628","0.407185628742515","0.6037268925796017","0.6422844575781382","0.6054490440610356","0.5896521587749732"
"0.6457147425946601","8","5","North Carolina, Vance","-78.4067,36.3688","0.6401436588942164","0.401069518716578","0.6149459266384973","0.9172","1.0","0.751491911899152","0.7127248188796065","0.4191616766467066","0.5670390838965326","0.44991516693370304","0.6067713559486049","0.4625808699932369"
"0.6453723259787096","8","5","Florida, Jackson","-85.215,30.7955","0.6748812661777366","0.888888888888889","0.5174167887720768","0.9784","1.0","0.36515492191213655","0.649471227972814","0.44910179640718567","0.5898852876912913","0.5168251671605023","0.6232009418716878","0.49210066611477965"
"0.6450314291240373","7","5","Mississippi, Leake","-89.524,32.7537","0.766497228832634","0.349431818181818","0.45100231942438607","0.922","0.75","0.5163989158141343","0.881903907530112","0.4251497005988024","0.5117241638959221","0.5367340782201216","0.7004578435270726","0.5531259077348442"
"0.642891419806146","8","4","North Carolina, Lenoir","-77.6425,35.2403","0.6016572809833283","0.448979591836735","0.5960858195732576","0.9672","1.0","0.751491911899152","0.661191602341477","0.43712574850299407","0.6017807168377609","0.46663038404511664","0.6386317087677708","0.37474371446521143"
"0.6406006282255344","7","5","North Carolina, Sampson","-78.3691,34.9882","0.675959792591033","0.642241379310345","0.5456402479651437","0.7902","0.75","0.751491911899152","0.7774557707446468","0.4610778443113772","0.560557323866868","0.4490443571442791","0.6799112629168544","0.46221792567620856"
"0.6403804674396951","7","5","Arkansas, Jefferson","-91.9262,34.2677","0.6914256355324192","0.50828729281768","0.5798570622038836","0.9812","1.0","0.5574725952297617","0.6511529324791452","0.44311377245508987","0.542700408721451","0.5599848038692407","0.5469428592433029","0.31924734710885416"
"0.6393541857341434","8","5","North Carolina, Bertie","-76.9655,36.0688","0.6558395642116516","0.44047619047619","0.4890340295377214","0.923","0.675","0.751491911899152","0.7049105940503322","0.3652694610778443","0.6371246099900815","0.5829665267521141","0.6497576346919025","0.7070710958208386"
"0.6353859694924399","7","5","Florida, Hamilton","-82.95,30.4967","0.828431948027138","0.951388888888889","0.47190742776386024","0.9857","0.75","0.36515492191213655","0.6852065258230375","0.3712574850299401","0.5472454870957077","0.5273333621103252","0.6917450944082001","0.0"
"0.634902397314915","8","5","North Carolina, Bladen","-78.5618,34.613","0.6118596177603425","0.614285714285714","0.49517612882285594","0.7555","0.825","0.751491911899152","0.7880612097296624","0.4191616766467066","0.6189409155096902","0.5629550169678148","0.6352892318055856","0.4958239470225135"
"0.6329754867043015","8","5","North Carolina, Edgecombe","-77.5944,35.9123","0.6144383773400769","0.413173652694611","0.5759854423565465","0.9089","0.825","0.751491911899152","0.7109065462602644","0.43113772455089816","0.5878652729484978","0.532676103550438","0.6132205028345896","0.46465461941177205"
"0.6312457828755765","8","5","South Carolina, Clarendon","-80.2165,33.6661","0.6388113455260428","0.204379562043796","0.49253173013435386","0.9615","1.0","0.6761677914855059","0.6297391674472558","0.4251497005988024","0.6527643232093532","0.4987997686370444","0.6322631020361399","0.4448771151184942"
"0.6306593026849174","7","5","Arizona, Apache","-109.4892,35.3947","0.7837264995261171","0.472972972972973","0.4161137831327712","0.9118","0.675","0.6267102942890856","0.6956422590083905","0.16167664670658685","0.5016507991249867","0.5635678991010153","0.8240942472408336","0.6223652393120364"
"0.6297663545566559","8","5","North Carolina, Columbus","-78.658,34.2674","0.5989479973054384","0.280701754385965","0.5344238274483578","0.9007","0.825","0.751491911899152","0.7969459943566238","0.40119760479041916","0.6037268925796017","0.5934310984729191","0.6078799033663483","0.4391226571763956"
"0.6291097947865891","7","5","Mississippi, Newton","-89.1184,32.4002","0.7483622431109095","0.526881720430108","0.48133218968687985","0.8383","0.75","0.5163989158141343","0.8385791347300329","0.43712574850299407","0.5334405085950897","0.47718693634313586","0.5842846659660683","0.5457557344034042"
"0.6287727954005847","7","5","Mississippi, Scott","-89.5379,32.4067","0.7760849288241758","0.320537428023033","0.511291950664052","0.7711","0.75","0.5163989158141343","0.6652825357182343","0.43113772455089816","0.5016507991249867","0.668779319283212","0.7075774720589249","0.4719203784418221"
"0.6285653284365027","8","4","Virginia, Petersburg City","-77.3937,37.2053","0.5495356065351805","0.396551724137931","0.7585121005887018","0.8898","1.0","0.5881367906958894","0.6958177327180848","0.3712574850299401","0.5449798764246452","0.6525530991509025","0.6404486462047846","0.2868919924728384"
"0.627848631952446","7","5","Mississippi, Attala","-89.5784,33.0866","0.7833996204998955","0.497854077253219","0.4839444678079876","0.9239","0.675","0.5163989158141343","0.6072472494138926","0.4131736526946108","0.5938927650957907","0.5294560432397817","0.6343493948164357","0.5266386412931904"
"0.6272184760238305","8","5","Georgia, Colquitt","-83.7678,31.1881","0.6117354927958659","0.239837398373984","0.5758263324986739","0.9491","1.0","0.49930824224945697","0.6701970292344505","0.47904191616766467","0.504194780386106","0.5274228850505384","0.7513684256676749","0.46902781573331914"
"0.6258699975524508","8","4","Texas, Angelina","-94.609,31.2546","0.579905532350053","0.60431654676259","0.6030565529156242","0.9452","1.0","0.7194085185102618","0.5817100538098164","0.407185628742515","0.526341402378779","0.43279206461772884","0.6704651744978141","0.370586939353336"
"0.6256550673194337","7","5","Mississippi, Noxubee","-88.5695,33.1101","0.762770388549242","0.41044776119403","0.4707424745373141","0.9685","0.675","0.5163989158141343","0.6467090394746566","0.4251497005988024","0.526341402378779","0.545301045021162","0.7053589238672693","0.4580739756613655"
"0.6256195879955955","7","5","Iowa, Crawford","-95.382,42.0372","0.8996183654286798","0.910919540229885","0.5973518427672669","0.8583","0.675","0.5306255646958271","0.4953768570462226","0.34730538922155696","0.5561726637917245","0.33907001033232065","0.4574111536123592","0.5182513695820467"
"0.6249893598316651","7","5","Oklahoma, Texas","-101.489,36.7478","0.9268561396335819","0.738601823708207","0.4779061573231501","0.9182","0.675","0.6933119590201189","0.5577631111589024","0.251497005988024","0.39950476257029566","0.31699201211695843","0.58290906435231","0.505683328855994"
"0.6236984614667878","8","4","North Carolina, Wayne","-78.0003,35.3644","0.6014194325904743","0.177045177045177","0.6046589947962611","0.9427","1.0","0.751491911899152","0.6604949644963835","0.4610778443113772","0.526341402378779","0.4600731664642781","0.5730571262231354","0.44852837553341424"
"0.6236028575391525","7","5","Missouri, Buchanan","-94.8014,39.6582","0.7229101868525944","0.633663366336634","0.6425091932495344","0.8571","1.0","0.6713285985896172","0.48834049077904923","0.43113772455089816","0.5239446622367122","0.4557853563010153","0.4035548607436509","0.3944553649782495"
"0.6216178698540877","7","5","North Carolina, Wilkes","-81.1623,36.2084","0.7591042868210456","0.854320987654321","0.5434573805942663","0.4578","1.0","0.751491911899152","0.40564091519550066","0.39520958083832336","0.6281436499318728","0.4736008359122853","0.5470841981307175","0.48574737958841274"
"0.619470821383356","8","5","Alabama, Barbour","-85.3871,31.8683","0.6238208074956526","0.455696202531646","0.5432794017173901","0.9889","0.825","0.40374195381018385","0.6787939698681912","0.5089820359281437","0.579673914473061","0.5562758217660607","0.6562293085985033","0.4302174822509245"
"0.6194568954489843","8","4","North Carolina, Anson","-80.0995,34.974","0.5425933792199026","0.369565217391304","0.550797515463639","0.9682","0.75","0.751491911899152","0.7145380855469134","0.43113772455089816","0.5627304600978258","0.5394470389605265","0.6200497023587123","0.6271053949784581"
"0.6187258755525893","7","5","Georgia, Mitchell","-84.1938,31.2248","0.7066524759860019","0.177835051546392","0.5268764659985251","0.9592","0.75","0.49930824224945697","0.6733190897277122","0.48502994011976047","0.5287228277828","0.44841099869776785","0.7275177609207302","0.5602788063448255"
"0.6177836750019288","7","5","Mississippi, Forrest","-89.2583,31.1896","0.6844201032053635","0.456730769230769","0.6307642537608229","0.9599","1.0","0.5163989158141343","0.6004794401615862","0.43113772455089816","0.45839165180163993","0.3988606254546785","0.6230638419397655","0.32776768282358176"
"0.6174708319892286","8","5","Alabama, Dallas","-87.1087,32.3269","0.6832919268261726","0.662068965517241","0.5392030962331157","0.8392","0.75","0.40374195381018385","0.6370563548285177","0.48502994011976047","0.5539608364828539","0.6347084045629977","0.6475826871853106","0.37727565363713245"
"0.6160715931958721","7","5","Mississippi, Lauderdale","-88.6623,32.4042","0.6895695148512727","0.346020761245675","0.5960859334190018","0.9688","1.0","0.5163989158141343","0.6045687026250952","0.44311377245508987","0.542700408721451","0.456393711219886","0.5309014405303006","0.2899957248248454"
"0.6155164802416121","8","4","Georgia, Crisp","-83.7681,31.9229","0.5989903597913213","0.134715025906736","0.5792013921834247","0.9475","1.0","0.49930824224945697","0.6040134819263561","0.47904191616766467","0.5712984652022484","0.5423985091231329","0.6963413332919934","0.4200385008884034"
"0.6154705966783788","7","5","Alabama, Butler","-86.6806,31.753","0.8228836244715774","0.660516605166052","0.47825754552335126","0.6259","0.75","0.40374195381018385","0.6190393448581093","0.4550898203592814","0.5998243249034969","0.6377364550829594","0.5504401186374641","0.37177106308583974"
"0.6148809905015732","8","5","California, Kings","-119.816,36.0741","0.6213152400871057","0.575268817204301","0.5973713010625772","0.9363","0.825","0.5528135213810501","0.6331256794702912","0.8203592814371258","0.3492587427141526","0.2622387369028559","0.5823369264738637","0.5725713660156698"
"0.6138385771301534","7","5","Virginia, Accomack","-75.6323,37.7671","0.8300585199175782","0.471556886227545","0.5575862624622242","0.7682","0.825","0.5881367906958894","0.6328882824945442","0.34131736526946105","0.6527643232093532","0.4532236462812121","0.5429408008065159","0.0"
"0.6138179874842811","8","4","South Carolina, Florence","-79.7019,34.0236","0.6183205413607099","0.366088631984586","0.572291217475043","0.9344","1.0","0.6761677914855059","0.6245026155144832","0.43113772455089816","0.5334405085950897","0.48447216199319937","0.5191261066247487","0.33668209584095554"
"0.6132346664254319","7","5","Tennessee, Hardeman","-88.9916,35.2077","0.7872073287231075","0.906593406593407","0.5062518827277562","0.6718","0.75","0.26145055415676854","0.5936780485927017","0.40119760479041916","0.5691748594129424","0.5777369395054603","0.6299424555736269","0.5657719209075034"
"0.6131048964258465","7","5","Iowa, Wapello","-92.4095,41.0306","0.827125201177113","0.925","0.5995607192899727","0.7752","0.825","0.5306255646958271","0.4601255974272186","0.40119760479041916","0.560557323866868","0.43179859133930626","0.37927860486527937","0.34030839221081577"
"0.6130878372649948","8","5","Mississippi, Jones","-89.169,31.6226","0.6694727587658945","0.473354231974922","0.6054995271570012","0.766","1.0","0.5163989158141343","0.6378051782329782","0.4251497005988024","0.5380992168517501","0.519275828433956","0.5558319489106551","0.37835727382192114"
"0.6129444161426346","7","5","Mississippi, Claiborne","-90.907,31.9706","0.6805803689920372","0.448979591836735","0.496766504587649","1.0","0.675","0.5163989158141343","0.635315076467998","0.3712574850299401","0.5191044408593759","0.6011947221586201","0.7167192034736182","0.4082162699862731"
"0.6124445343569935","7","5","Arizona, Navajo","-110.3219,35.3998","0.7410956432758794","0.381260096930533","0.4932312946089095","0.9618","0.675","0.6267102942890856","0.6923960507676519","0.16167664670658685","0.5561726637917245","0.5142709578394693","0.6690911473532387","0.523676934901578"
"0.61232917912924","8","4","South Carolina, Darlington","-79.9603,34.3336","0.5992036777895846","0.363207547169811","0.5227193431977164","0.8341","1.0","0.6761677914855059","0.6108464435222997","0.43712574850299407","0.5734100391661536","0.4946191938788595","0.606996141702711","0.43703413920078404"
"0.6117220028300393","7","5","Alabama, Sumter","-88.1992,32.5912","0.7365357998389427","0.419354838709677","0.44490150693438224","0.9866","0.675","0.40374195381018385","0.5664147918721365","0.44311377245508987","0.5561726637917245","0.6376848589227117","0.6584823739991675","0.4467923892758004"
"0.6117154321895834","8","2","New York, Bronx","-73.8628,40.8521","0.704420970314421","0.101887321311782","0.934725653397629","0.9704","1.0","0.1452368843520714","0.7716816522754274","0.43712574850299407","0.43165328621112686","0.3019739186578074","0.6212297064547544","0.44083993215207296"
"0.6115899158644252","8","5","Oklahoma, Caddo","-98.3753,35.1736","0.6384696872360999","0.428571428571429","0.4903194547352778","0.8357","0.75","0.6933119590201189","0.7520008167123645","0.3532934131736527","0.5449798764246452","0.5217902541073609","0.6335690636668104","0.518898356178241"
"0.6103645879989692","8","4","Texas, Polk","-94.8277,30.7947","0.5170305622459831","0.574468085106383","0.5369161874012801","0.9319","0.825","0.7194085185102618","0.6484245670469726","0.4131736526946108","0.5918944128138512","0.501172400779815","0.6165997981530508","0.5305147288382512"
"0.6102540616585919","8","5","North Carolina, Lee","-79.1757,35.4762","0.6478442537477027","0.36038961038961","0.6216216926178469","0.6447","1.0","0.751491911899152","0.6541692610589525","0.44910179640718567","0.5310891329236117","0.37624142628442653","0.5623903397353269","0.47512954048366585"
"0.6102264563534923","9","5","South Dakota, Todd","-100.7196,43.1934","0.6092073310227609","0.8125","0.4439185911680459","0.9472","0.25","1.0","0.7135560264983531","0.1317365269461078","0.2533938881977874","0.8594911641041051","0.8924787728248073","0.41357481424508513"
"0.6100693307892643","8","4","Georgia, Sumter","-84.1982,32.0365","0.5847877740330831","0.072289156626506","0.5656318808450623","0.979","1.0","0.49930824224945697","0.6696686582571617","0.502994011976048","0.5334405085950897","0.5063580926289407","0.646897793090769","0.4489068676546298"
"0.6094602993053201","7","5","Alabama, Greene","-87.9568,32.855","0.7083385865594776","0.320987654320988","0.47483267480086483","0.9554","0.675","0.40374195381018385","0.6606850607765993","0.44910179640718567","0.626321192473144","0.5298040777583973","0.6844337439750818","0.45518589551171373"
"0.6094501575734085","8","5","Georgia, Dougherty","-84.2172,31.5333","0.6196244699122894","0.0764599638771824","0.6620645153928169","0.9204","1.0","0.49930824224945697","0.6320737720547778","0.4610778443113772","0.5016507991249867","0.5163126398586393","0.6994134860067841","0.277069027898903"
"0.6093943580266776","7","5","Mississippi, Copiah","-90.4457,31.8698","0.6967622702655687","0.415384615384615","0.5014476445134404","0.8736","0.75","0.5163989158141343","0.5971939096808984","0.40119760479041916","0.5449798764246452","0.5250498344495428","0.6674424358927623","0.5810425408227995"
"0.6089928720383866","8","4","North Carolina, Pasquotank","-76.2513,36.2672","0.6111082099306493","0.586206896551724","0.5974613085176752","0.8268","1.0","0.751491911899152","0.6436314322473139","0.32934131736526945","0.5380992168517501","0.41809146058209434","0.49829818048285585","0.37664419886247424"
"0.6086317322418152","8","5","South Carolina, Marlboro","-79.6756,34.5991","0.5735075423703191","0.328767123287671","0.49556580643860154","0.9847","0.75","0.6761677914855059","0.8716036822765244","0.43712574850299407","0.5517358041566147","0.5775549027339745","0.6652904998588428","0.0"
"0.6084365293974039","8","4","North Carolina, Wilson","-77.918,35.7063","0.5432464632991791","0.244541484716157","0.6302507702623684","0.8644","1.0","0.751491911899152","0.6538680981926205","0.4610778443113772","0.558371441896005","0.41386583654236786","0.5932222008390468","0.39704322583716745"
"0.6084156599219884","8","4","Texas, Bowie","-94.4183,33.4463","0.5234251026435458","0.415384615384615","0.6105900161474453","0.9806","1.0","0.7194085185102618","0.6616427198627293","0.4191616766467066","0.5357771420024626","0.5070572738771738","0.49439349690937756","0.32061968153505105"
"0.608180518391341","8","5","Texas, Walker","-95.5744,30.7387","0.6519666058871667","0.335802469135802","0.5955482555154494","0.9895","0.825","0.7194085185102618","0.631366739440998","0.4251497005988024","0.43472072581226856","0.3981904555718199","0.5358336469151123","0.4994413764824666"
"0.6073241569525926","8","5","North Carolina, Greene","-77.6758,35.4854","0.6026372801585279","0.568181818181818","0.5211321051483333","0.9793","0.75","0.751491911899152","0.7670338106644852","0.44311377245508987","0.5166605513962695","0.352950151964795","0.7191855488920522","0.0"
"0.6071914922432048","7","2","Maryland, Prince George's","-76.8496,38.8307","0.7439544389660327","0.361707914060375","0.7648619279990435","0.8641","1.0","0.4167867362521145","0.7575985313506071","0.4131736526946108","0.4377631248108773","0.32295522285180195","0.28438377274547827","0.5750612597805161"
"0.6071286717820237","8","4","Oklahoma, Comanche","-98.472,34.6597","0.5929365868681276","0.609302325581395","0.6010166046032063","0.9163","1.0","0.6933119590201189","0.7961562554643344","0.3532934131736527","0.42544161229202965","0.3681596912334738","0.4526629178959133","0.3915466272631039"
"0.6070097003601912","8","5","Virginia, Mecklenburg","-78.3613,36.6788","0.6565542765287726","0.365853658536585","0.5415633065277308","0.7265","1.0","0.5881367906958894","0.590560333523084","0.40119760479041916","0.7021046890169179","0.5299490924708627","0.47327901737620526","0.4200357990221128"
"0.606902907791386","8","4","North Carolina, Warren","-78.1065,36.3973","0.538223568347465","0.464285714285714","0.47244280040139314","0.795","1.0","0.751491911899152","0.884882290746708","0.40119760479041916","0.6806267907799217","0.40830068003047726","0.614642490732735","0.0"
"0.6068429149661217","8","5","Texas, Grimes","-95.989,30.5458","0.6313784218306658","0.676923076923077","0.5226437658312084","0.9147","0.675","0.7194085185102618","0.6069848195886851","0.43113772455089816","0.5472454870957077","0.419259411923144","0.542124620204727","0.5802489926673734"
"0.6068013707504556","8","4","Arkansas, Crittenden","-90.3084,35.2125","0.5548669108383044","0.160869565217391","0.6105246694755192","0.8504","1.0","0.5574725952297617","0.6386531145970625","0.4251497005988024","0.46689449529952165","0.6212102652000956","0.5734425078338925","0.7473354528831625"
"0.6064351134535939","8","5","South Carolina, Allendale","-81.3532,32.9884","0.6714573982574524","0.645161290322581","0.4798341939207929","0.9978","0.32499999999999996","0.6761677914855059","0.6633620063052044","0.43113772455089816","0.5878652729484978","0.5675997751232914","0.6317939102196494","0.4373082056223255"
"0.6063036895683039","8","5","Texas, Gonzales","-97.4942,29.4563","0.6829025738573198","0.693333333333333","0.5253972221246673","0.8762","0.675","0.7194085185102618","0.5732435319586904","0.40119760479041916","0.5380992168517501","0.4369241410726592","0.5272938471803256","0.504217871610121"
"0.6062201093269324","8","5","Georgia, Thomas","-83.9185,30.8639","0.662591743050129","0.325088339222615","0.5759889773044112","0.8093","1.0","0.49930824224945697","0.6432532501580688","0.49101796407185627","0.5627304600978258","0.4060733464819049","0.5986140311122378","0.3448831357485249"
"0.6057981824535046","8","5","Florida, Gadsden","-84.6192,30.578","0.6754801376892029","0.504716981132076","0.5425498315298534","0.9841","0.75","0.36515492191213655","0.6803499315001675","0.4550898203592814","0.5472454870957077","0.565019300278303","0.6635612482440127","0.15669580992059964"
"0.6057180136676946","8","4","Mississippi, Simpson","-89.9172,31.9128","0.5887326264856664","0.373333333333333","0.5209002868581619","0.8437","1.0","0.5163989158141343","0.5925891759484382","0.4131736526946108","0.5494974081927578","0.605627527677214","0.669449157422817","0.4032816267144372"
"0.6052445934237829","8","4","Georgia, Decatur","-84.5762,30.8797","0.5814511376631665","0.224137931034483","0.5566868257670159","0.9806","1.0","0.49930824224945697","0.6870659337382767","0.4730538922155689","0.5287228277828","0.40139294451815116","0.6586673135716458","0.4287252565584269"
"0.6050775519786845","8","4","Georgia, Baldwin","-83.247,33.0688","0.605975587881679","0.193661971830986","0.6063864403336762","0.9494","1.0","0.49930824224945697","0.601738822203654","0.502994011976048","0.5117241638959221","0.4409560541036734","0.6271032031848848","0.42417701233310184"
"0.6050099900798667","7","5","Alabama, Franklin","-87.8429,34.4424","0.7990951049352893","0.696048632218845","0.5293035227363181","0.5275","1.0","0.40374195381018385","0.5227036735887363","0.44910179640718567","0.540406913436432","0.4458121127927019","0.6012414568393791","0.3941027358794987"
"0.6048837372095144","7","5","Iowa, Woodbury","-96.0459,42.3898","0.8390679474507048","0.502086230876217","0.6782553211350489","0.7911","1.0","0.5306255646958271","0.5756250709048315","0.3592814371257485","0.4965101409658336","0.34866384433993225","0.27892629921866363","0.30669210533634633"
"0.6046376773214147","8","4","Texas, Gregg","-94.8159,32.4794","0.540606948463331","0.488235294117647","0.6743786538798262","0.951","1.0","0.7194085185102618","0.6379441555530592","0.43113772455089816","0.504194780386106","0.33203519445214247","0.5355594470512675","0.353354947833947"
"0.6045905755520379","7","5","Kentucky, Muhlenberg","-87.1463,37.2143","0.843943728259985","0.731182795698925","0.4890584833635516","0.4791","0.825","0.6498233878958141","0.3579301333694465","0.502994011976048","0.5837920978957992","0.45060127907647485","0.5274856901946057","0.43229278425861833"
"0.6043143014662176","7","5","Colorado, Logan","-103.1108,40.725","0.8235405085149164","0.406185567010309","0.4867271728719059","0.9634","0.75","0.903104230085054","0.5226730513790352","0.16167664670658685","0.5539608364828539","0.3617246928772812","0.3155961709393925","0.5462438243863299"
"0.6038262927946523","7","2","Georgia, Monroe","-83.921,33.0143","0.6864461511565833","0.747368421052632","0.594921376171473","0.6762","1.0","0.49930824224945697","0.5590334591568538","0.5089820359281437","0.5691748594129424","0.3563879692044502","0.4057513663667464","0.576539526050625"
"0.603154095929467","7","5","Minnesota, Nobles","-95.7533,43.6743","0.9119710007261436","0.335550628233555","0.5257494416181494","0.7533","0.75","0.7794980274392814","0.5317365890484309","0.29341317365269465","0.526341402378779","0.27673847062055373","0.42094014946072617","0.4680122579351729"
"0.603090305844493","7","5","Florida, Hendry","-81.1647,26.5539","0.6882370437645643","0.531707317073171","0.5469611612246843","0.9892","0.75","0.36515492191213655","0.6446336801027867","0.25748502994011974","0.46408171358848016","0.3962064929689814","0.8247666666949265","0.6273857773521043"
"0.6028821484918412","8","2","Alabama, Montgomery","-86.2097,32.2207","0.6553345322612398","0.535539215686274","0.6824234818292259","0.7463","1.0","0.40374195381018385","0.6342865860157479","0.532934131736527","0.49129758316188105","0.4614068876921968","0.48369800663723544","0.3876645735375624"
"0.6028271284241551","8","4","South Carolina, Sumter","-80.3794,33.9183","0.5303423113329064","0.207667731629393","0.5669412922173417","0.9624","1.0","0.6761677914855059","0.6611159073552837","0.44910179640718567","0.5239446622367122","0.4443420031660332","0.5995707028103429","0.444130610953138"
"0.6027756850488818","7","5","Texas, Titus","-94.968,33.2134","0.6782355272905901","0.822916666666667","0.578991225824858","0.596","0.825","0.7194085185102618","0.6436260756690746","0.4191616766467066","0.47793802351369025","0.3154190006768219","0.6686041519236804","0.36700047757223697"
"0.6026880090434534","7","5","Georgia, Bacon","-82.4594,31.5546","0.6942042276783241","0.543859649122807","0.5288464515182124","0.8204","0.75","0.49930824224945697","0.5318284597049595","0.44311377245508987","0.5142005305328247","0.5138029565484451","0.6919290650765658","0.4654604824008011"
"0.6025270657705364","7","5","Louisiana, Franklin","-91.6759,32.1368","0.7913405488014272","0.511194029850746","0.5058766419872988","0.8854","0.825","0.17214552458425092","0.5676610442599939","0.37724550898203596","0.5648909983668218","0.5262128443038857","0.6376022481482123","0.47121024914052956"
"0.6020345869643804","8","4","California, Kern","-118.7278,35.3433","0.5214256864740637","0.342158859470468","0.6338942687663895","0.9245","0.825","0.5528135213810501","0.6003401931008326","1.0","0.37522787829441234","0.3054406875437147","0.5913310211244108","0.484482241847105"
"0.6020250667485192","7","5","Mississippi, Yalobusha","-89.7076,34.0282","0.737014829155264","0.71830985915493","0.4764249068395972","0.7689","0.75","0.5163989158141343","0.6039140632012552","0.40119760479041916","0.6017807168377609","0.4738546191288127","0.4945181222008512","0.4732647661560688"
"0.6019920962275156","8","2","Illinois, Cook","-87.8166,41.8414","0.7352967287730283","0.342824936287003","0.8223579570945715","0.8758","0.75","0.42780561490378566","0.6204805193272244","0.718562874251497","0.4833394486037307","0.24747306287389803","0.3611072926869177","0.4166402860524928"
"0.601952542520831","8","4","North Carolina, Montgomery","-79.9042,35.3316","0.5502423070704865","0.357142857142857","0.532783871103438","0.8246","1.0","0.751491911899152","0.633445843269088","0.40119760479041916","0.6037268925796017","0.4096955529780313","0.5497628546628087","0.5270501079604071"
"0.6018768725946628","8","2","Wisconsin, Milwaukee","-87.9673,43.0049","0.6412813266007193","0.338726623240176","0.8040903408418779","0.8529","1.0","0.5349291819271391","0.6584740139128471","0.5089820359281437","0.4555137084840577","0.35621276706115024","0.3929595309341411","0.37366540044408303"
"0.6014463391625879","8","4","North Carolina, Burke","-81.7076,35.7499","0.5719524393589194","0.424083769633508","0.6082745098269694","0.7924","1.0","0.751491911899152","0.5244198995806958","0.4251497005988024","0.6037268925796017","0.3781775727454603","0.5871885927043216","0.4106543527665872"
"0.6014197675623796","8","5","Missouri, Pemiscot","-89.7874,36.2131","0.6698038322486907","0.529411764705882","0.49638683501549014","0.6199","0.75","0.6713285985896172","0.5938244531991504","0.47904191616766467","0.540406913436432","0.6184908412427395","0.6704484609018729","0.27740722600421874"
"0.6012144505995094","8","4","North Carolina, Rowan","-80.5245,35.64","0.5805024750756094","0.260952380952381","0.625651459970441","0.8144","1.0","0.751491911899152","0.5728030057328527","0.4550898203592814","0.5539608364828539","0.43382701107108196","0.5121152375795275","0.4282179424669274"
"0.6011595376717089","8","5","Alabama, Hale","-87.6328,32.7604","0.667859965701291","0.380952380952381","0.4970406089370803","0.9347","0.75","0.40374195381018385","0.6056200293331345","0.4670658682634731","0.5858342498966352","0.5786807247509423","0.6094193708881375","0.4445306205747121"
"0.6008513570342017","7","5","Georgia, Hancock","-82.9977,33.2722","0.8436720639054198","0.61744966442953","0.46773524306986247","0.921","0.32499999999999996","0.49930824224945697","0.7024564639278078","0.4730538922155689","0.6476236650502001","0.48693250099754337","0.5696269634387666","0.0"
"0.6006284912332878","8","5","Alabama, Randolph","-85.4571,33.2953","0.6577978936562606","0.378151260504202","0.5142029044399483","0.8157","1.0","0.40374195381018385","0.5618960077524503","0.47904191616766467","0.6189409155096902","0.4849647057615886","0.4878260226086508","0.6159426999463322"
"0.6003929987150777","8","5","Texas, Houston","-95.4223,31.3193","0.6221183823944196","0.825","0.45336789573982594","0.958","0.575","0.7194085185102618","0.6176925613937133","0.407185628742515","0.6388951207196634","0.32186031456163405","0.5680529787079689","0.5553070191536794"
"0.6003825327912145","8","4","Georgia, Toombs","-82.3296,32.1206","0.49646446674729244","0.272727272727273","0.56395776524687","0.9223","1.0","0.49930824224945697","0.6431084214766375","0.4610778443113772","0.540406913436432","0.5652367670639868","0.6958677814069966","0.47198624293310953"
"0.6002062460304095","8","5","Georgia, Appling","-82.2891,31.7485","0.6558675499638873","0.333333333333333","0.5163242433545093","0.894","0.825","0.49930824224945697","0.5761073539659265","0.4550898203592814","0.5472454870957077","0.5089438851170708","0.651941181222493","0.4445646408785765"
"0.6001059592357016","8","4","North Carolina, Nash","-77.9842,35.9658","0.5110254383892571","0.328767123287671","0.6086092606996699","0.8688","1.0","0.751491911899152","0.7016427854746085","0.44910179640718567","0.5648909983668218","0.49348283042207125","0.4206247711720991","0.40146595677536884"
"0.5996921274737986","7","5","Florida, Liberty","-84.8829,30.2377","0.9213659715688054","0.959798994974874","0.44748084056387166","0.7507","0.5","0.36515492191213655","0.647060581328993","0.37724550898203596","0.526341402378779","0.47557824324585063","0.6232756686013663","0.0"
"0.5995909350628352","8","4","Mississippi, Adams","-91.3533,31.4767","0.5508296474499697","0.134502923976608","0.5879328131862639","0.9742","1.0","0.5163989158141343","0.6609942129585932","0.3592814371257485","0.5734100391661536","0.50220042050166","0.701579350037321","0.3491278377646766"
"0.5991003733903252","8","4","Alabama, Russell","-85.1842,32.2873","0.5439956126458175","0.4","0.6080550132713158","0.7768","1.0","0.40374195381018385","0.6666124394005838","0.5449101796407185","0.46968620728685795","0.6053300512514289","0.5831181054145875","0.541023371377693"
"0.599088259300382","8","4","Georgia, Peach","-83.8294,32.5693","0.5115175267017715","0.202898550724638","0.6156751374318926","0.9513","1.0","0.49930824224945697","0.645637724810429","0.5089820359281437","0.5142005305328247","0.4759379585348932","0.6095506573953847","0.5755357245100039"
"0.5989202421140918","8","5","Mississippi, Yazoo","-90.3966,32.7789","0.6159323339492113","0.208791208791209","0.5170101176610407","0.9405","0.75","0.5163989158141343","0.6688548696948388","0.4131736526946108","0.45839165180163993","0.6120445373720291","0.6760224451482187","0.5797607939420073"
"0.5984613505084978","8","4","Georgia, Tift","-83.5236,31.4574","0.6064474492549906","0.284090909090909","0.6254560607824974","0.9561","1.0","0.49930824224945697","0.6018530988277457","0.4730538922155689","0.4939129750014257","0.4103747827702627","0.590109233038516","0.344869037575639"
"0.5984542884412914","8","5","Georgia, Butts","-83.9544,33.2831","0.6533995966273639","0.233502538071066","0.5410957643976465","0.8319","1.0","0.49930824224945697","0.5732649966661342","0.4970059880239522","0.5142005305328247","0.4292784715715709","0.5640529791924209","0.5606427445563879"
"0.5983353188763069","8","5","Maryland, Baltimore City","-76.6115,39.3021","0.6812812546099921","0.398494218876042","0.8443283545876485","0.873","0.825","0.4167867362521145","0.6671817805706922","0.38922155688622756","0.46408171358848016","0.48773606721609","0.45339819500430617","0.3120136717705498"
"0.5982642334654785","7","5","Virginia, Sussex","-77.2579,36.9243","0.7432772146357705","0.6125","0.5044610694495952","0.8965","0.675","0.5881367906958894","0.6687342486460124","0.3652694610778443","0.5561726637917245","0.4531948292095784","0.6063908188584105","0.0"
"0.5982195647432336","8","4","Mississippi, Washington","-90.942,33.2839","0.559505754335062","0.31858407079646","0.58920235398011","0.7883","1.0","0.5163989158141343","0.6315606333889499","0.4251497005988024","0.5067215141840639","0.5935818391604589","0.7081171516496018","0.3213120585568308"
"0.5981849602116959","8","4","Texas, Liberty","-94.8121,30.1515","0.4693762944710573","0.4","0.5566324309383172","0.9933","1.0","0.7194085185102618","0.5795346128905364","0.43712574850299407","0.4555137084840577","0.4606340264739184","0.6474172468080969","0.5086099477207454"
"0.598132683530955","8","4","North Carolina, Cumberland","-78.8262,35.0476","0.5221327670361331","0.406047516198704","0.6740987200810862","0.8567","1.0","0.751491911899152","0.7512898271753541","0.4550898203592814","0.40284731239848715","0.3869382851246069","0.47104751009204476","0.43759896263447895"
"0.5980450266333636","8","4","Georgia, Coffee","-82.8549,31.5489","0.5954969612328195","0.25","0.5572392675557096","0.9462","1.0","0.49930824224945697","0.6116232975337019","0.4670658682634731","0.46689449529952165","0.4225087750790923","0.6526782750260969","0.4766044176558891"
"0.5980217197323323","8","4","North Carolina, Hertford","-76.981,36.3608","0.5008919069755103","0.215686274509804","0.4869427506420327","0.9828","0.75","0.751491911899152","0.7627602469462551","0.3652694610778443","0.595880459448231","0.5869133114724673","0.6477954827510239","0.370689935446938"
"0.5975944440026572","8","5","Pennsylvania, Philadelphia","-75.1379,40.0034","0.6559560323639965","0.192365269461078","0.8421449071556667","0.8949","0.75","0.5168765274771758","0.689941601455808","0.49101796407185627","0.46408171358848016","0.3704321335660465","0.5262385894887711","0.3764487951777609"
"0.5972535210674849","8","4","North Carolina, Forsyth","-80.2546,36.1286","0.578522637709956","0.575757575757576","0.7149390532219156","0.7835","1.0","0.751491911899152","0.6453190186905242","0.38323353293413176","0.5166605513962695","0.35911436659198104","0.3944701735585826","0.3655100457946503"
"0.5969805028826158","8","4","South Carolina, Orangeburg","-80.7989,33.4391","0.4721631229514929","0.276785714285714","0.5206447462076623","0.865","1.0","0.6761677914855059","0.7047558099413609","0.44910179640718567","0.5878652729484978","0.5231757714625286","0.607858829701901","0.4177712067129346"
"0.5965801228585332","8","4","Virginia, Hopewell City","-77.2975,37.2919","0.5809253121844782","0.448979591836735","0.7304967166315459","0.6523","1.0","0.5881367906958894","0.6670479451189931","0.3712574850299401","0.526341402378779","0.5023013546589213","0.5757406272757892","0.33365227512449014"
"0.5960590882919463","8","4","California, Fresno","-119.6467,36.7573","0.5214502008474018","0.468959731543624","0.6536356965005031","0.844","1.0","0.5528135213810501","0.600681622781037","0.7365269461077845","0.41912465076501093","0.27956900198773216","0.5897268792531106","0.4731098339655676"
"0.5957852264219409","8","5","Alabama, Tallapoosa","-85.7983,32.867","0.6383360801658373","0.187675070028011","0.5365739958548955","0.8685","1.0","0.40374195381018385","0.5832139959147069","0.502994011976048","0.626321192473144","0.462348771541813","0.5621042707961037","0.42367880495752996"
"0.5953851038664377","8","5","Mississippi, Jefferson","-91.0376,31.734","0.6572479257884212","0.4","0.44131394302470994","0.9962","0.5","0.5163989158141343","0.636989453622038","0.3532934131736527","0.5092312328105775","0.7438586317912047","0.7084085495614437","0.3869996881233196"
"0.5953688706735196","8","4","Texas, Dallas","-96.778,32.7667","0.608662698961317","0.471574758385446","0.7952325574979736","0.7081","1.0","0.7194085185102618","0.6547054270628857","0.4191616766467066","0.3679909167750092","0.25810289533187863","0.539257996274806","0.4454135374469162"
"0.595324829135033","7","2","Maryland, Wicomico","-75.6271,38.373","0.7157565163046644","0.435705368289638","0.6547977386516703","0.9421","1.0","0.4167867362521145","0.5720399965995387","0.37724550898203596","0.5142005305328247","0.37293761854057406","0.37450021200833106","0.41941609542868624"
"0.5951119969356375","8","4","South Carolina, Chesterfield","-80.1564,34.6414","0.5548075371762108","0.372340425531915","0.5079753628586768","0.866","0.75","0.6761677914855059","0.6539485299997656","0.4191616766467066","0.5627304600978258","0.5237490182224035","0.6393170873143686","0.5333219587274647"
"0.5948680508554798","8","5","Arkansas, Mississippi","-90.0519,35.7627","0.5831903730286843","0.672131147540984","0.5517472688059775","0.7574","0.825","0.5574725952297617","0.6140633913275167","0.4610778443113772","0.4886637078344629","0.6132929514292984","0.5859482743272747","0.3742861921712489"
"0.5945154770573581","8","4","Mississippi, Warren","-90.8335,32.3581","0.6027554032799083","0.413533834586466","0.5868989391391064","0.8354","1.0","0.5163989158141343","0.6188924608468047","0.407185628742515","0.5310891329236117","0.5318534497993089","0.5345789160893917","0.3109811887382036"
"0.5943290352125036","7","5","Virginia, Buckingham","-78.5252,37.5724","0.8848417635879499","0.666666666666667","0.4600104207321378","0.7488","0.5","0.5881367906958894","0.602472117005825","0.34730538922155696","0.5858342498966352","0.46367984036994125","0.5874363899311","0.0"
"0.5941318144988371","8","5","Georgia, Early","-84.9026,31.3216","0.6386353337753399","0.0735930735930736","0.48912046458879027","0.8039","0.75","0.49930824224945697","0.6700684361531195","0.4670658682634731","0.5918944128138512","0.5902977176848361","0.7042805335900283","0.45465426931404546"
"0.5937111870486095","8","4","Texas, Nacogdoches","-94.618,31.6202","0.5757643566594193","0.261802575107296","0.5479801879555175","0.999","0.825","0.7194085185102618","0.612304704994637","0.4131736526946108","0.47793802351369025","0.4054628171726078","0.6749075998537439","0.3518043084207069"
"0.593577203572513","8","2","New Jersey, Salem","-75.347,39.5872","0.7073956095218945","0.428884026258206","0.6127527750594811","0.5922","1.0","0.7118730106573777","0.5493970919296991","0.4730538922155689","0.5734100391661536","0.431790999195833","0.2880445347086281","0.408523329579663"
"0.5932715185381616","8","4","Oklahoma, Seminole","-96.6169,35.1648","0.4750363782240824","0.428571428571429","0.492871906192129","0.7841","0.825","0.6933119590201189","0.7712982766673198","0.38323353293413176","0.5670390838965326","0.5438866971377391","0.687208685353355","0.5321343613595505"
"0.5929348034335081","10","4","North Carolina, Alamance","-79.3998,36.0435","0.5071675951545517","0.403940886699507","0.660293531057498","0.802","1.0","0.751491911899152","0.6684730566603848","0.44910179640718567","0.5449798764246452","0.35909151129344635","0.446081515598569","0.5205648246836766"
"0.5929040813721727","8","5","California, Imperial","-115.3669,33.0393","0.6765167314822823","0.544529262086514","0.5855252598752605","0.9869","0.575","0.5528135213810501","0.5257578612656666","0.62874251497006","0.4437744133187831","0.2704043520779607","0.6204115880447406","0.5168300929393455"
"0.5928553470733291","8","5","Virginia, Richmond City","-77.4797,37.5326","0.6326061810457502","0.484480431848853","0.8112598956826671","0.879","0.825","0.5881367906958894","0.6571239583470768","0.37724550898203596","0.4407808887294848","0.3785219896012398","0.49883640671736384","0.26206146224411064"
"0.592853251809737","8","4","Texas, Jefferson","-94.1643,29.8833","0.5003792418145774","0.270642201834862","0.6702411380050683","0.8762","1.0","0.7194085185102618","0.6847725631793917","0.4191616766467066","0.4833394486037307","0.4075288220261789","0.580048253847064","0.3673920426988725"
"0.5925676757843628","8","5","Mississippi, Leflore","-90.299,33.5555","0.6044853477988701","0.175","0.5736604802412227","0.9376","0.75","0.5163989158141343","0.6841439811849159","0.43113772455089816","0.46968620728685795","0.5890703733331614","0.6960509042842639","0.32126798222380676"
"0.5924438690185093","8","5","Tennessee, Lauderdale","-89.6302,35.7589","0.5712753693102165","0.522727272727273","0.5078562017852954","0.9465","0.825","0.26145055415676854","0.6642998087938113","0.43113772455089816","0.5166605513962695","0.6562136705945486","0.6225294913217075","0.5686966009857818"
"0.5924128760931285","8","4","Alabama, Pike","-85.9408,31.804","0.5827163149161947","0.311320754716981","0.5521566555085942","0.9233","1.0","0.40374195381018385","0.6617875551628772","0.47904191616766467","0.5016507991249867","0.45343703665464397","0.6011312439965792","0.43292525217920147"
"0.5919399142249941","8","2","Indiana, Elkhart","-85.8588,41.5976","0.6392594862042962","0.537617554858934","0.6710227164832427","0.7966","1.0","0.4061590902707796","0.4757853408143649","0.6047904191616766","0.48601108590571473","0.38913113702568264","0.4599512568563592","0.4856807767087958"
"0.5917638811932042","7","5","Tennessee, Wayne","-87.7864,35.2387","0.7232305604791401","0.952380952380952","0.4774348343299513","0.879","0.75","0.26145055415676854","0.44562022116287253","0.40119760479041916","0.595880459448231","0.5035653282560172","0.6134543720647504","0.3703565266354325"
"0.5912509015230052","8","5","Mississippi, Kemper","-88.6411,32.7546","0.7128084851575965","0.33","0.4120619390742283","0.9446","0.5","0.5163989158141343","0.8580507033989828","0.4191616766467066","0.5938927650957907","0.5745327906238308","0.6249162654899004","0.0"
"0.5911728911299008","8","4","Texas, Cherokee","-95.1656,31.8373","0.4615310253128478","0.5","0.5537841155300733","0.9217","0.825","0.7194085185102618","0.6487803339639094","0.4191616766467066","0.5561726637917245","0.4597078151552864","0.6387936368675766","0.4866496307522044"
"0.5910515779272775","8","4","Georgia, Clayton","-84.3559,33.5419","0.556483650786941","0.224550898203593","0.7491096797949353","0.7746","1.0","0.49930824224945697","0.7020310850022745","0.5089820359281437","0.3087088081983978","0.40289115408689796","0.6790226567326544","0.520012972058116"
"0.5908404279379235","8","9","North Carolina, Yadkin","-80.6624,36.1622","0.658751246056659","0.76530612244898","0.5578960036138326","0.4174","1.0","0.751491911899152","0.4243912378308411","0.4131736526946108","0.6017807168377609","0.3982987192561087","0.47622799815569106","0.6306278651398185"
"0.5902296734130784","7","5","North Carolina, Northampton","-77.3977,36.4174","0.66064387655352","0.310077519379845","0.504845302877417","0.6294","0.75","0.751491911899152","0.6919339293926787","0.39520958083832336","0.6915204375207985","0.5206468572359968","0.6361744468253917","0.0"
"0.5901906856988298","8","5","Kansas, Wyandotte","-94.7638,39.1173","0.6789506270187791","0.345186470078057","0.7132492112934719","0.6686","0.75","0.535277945802919","0.6747129674931698","0.4251497005988024","0.41912465076501093","0.47493283449097784","0.6839913181346998","0.3247502801406921"
"0.5900318676958468","8","4","Mississippi, Pike","-90.4039,31.1751","0.5250873983356151","0.130681818181818","0.5851397377195666","0.9659","1.0","0.5163989158141343","0.642340505489927","0.3712574850299401","0.542700408721451","0.5292903398023141","0.6609932890067777","0.366636519368056"
"0.5899838040298468","8","2","Indiana, Marion","-86.1383,39.7816","0.6726323326291407","0.265979634400687","0.7837495282807024","0.6839","1.0","0.4061590902707796","0.5935093193310049","0.5868263473053893","0.42856039038869453","0.40108746355187586","0.4790432701676483","0.39478298460759137"
"0.5899636400565224","8","5","Louisiana, Madison","-91.2397,32.3692","0.6228190535659005","0.666666666666667","0.5064099948546424","0.9917","0.75","0.17214552458425092","0.6413983434944922","0.39520958083832336","0.47245716285929296","0.6642670427925146","0.6579791494257246","0.4651954692184066"
"0.5899009275552008","8","4","Texas, El Paso","-106.2363,31.7698","0.5630477415455043","0.419335347432024","0.726099686531283","0.859","1.0","0.7194085185102618","0.4632047554558343","0.38922155688622756","0.4159255598121659","0.23883612012246283","0.711679085393274","0.4661985682974573"
"0.5898763937942754","8","4","Mississippi, Hinds","-90.4444,32.2656","0.5950524477133705","0.342447916666667","0.6708971046359709","0.872","1.0","0.5163989158141343","0.5489572562650358","0.4610778443113772","0.46124754169706367","0.46541955999952234","0.5799433699768832","0.27731650422338855"
"0.5896392317860507","7","5","Virginia, Northampton","-75.8775,37.3406","0.8179691302124116","0.520408163265306","0.5665914947323863","0.5514","0.75","0.5881367906958894","0.5915281999886864","0.3233532934131737","0.7109436441933698","0.4422908717546915","0.4130085792825774","0.25622123220235243"
"0.5894710711326714","8","9","North Carolina, Randolph","-79.8057,35.7102","0.6251631709769222","0.479452054794521","0.6062849293425553","0.4769","1.0","0.751491911899152","0.536499826393677","0.4730538922155689","0.5561726637917245","0.37415491541747176","0.5095563618183472","0.5632798668806563"
"0.5891709321993285","7","5","Louisiana, East Carroll","-91.2343,32.7393","0.7166682933056662","0.75","0.4887878399099248","0.9946","0.5","0.17214552458425092","0.6495840406739659","0.39520958083832336","0.47793802351369025","0.6381087629247291","0.626803206249044","0.509577881067024"
"0.5891053833593474","8","4","Georgia, Ware","-82.4222,31.0545","0.6014783548274669","0.245614035087719","0.5709254033851727","0.9029","1.0","0.49930824224945697","0.6051961342712863","0.4251497005988024","0.5494974081927578","0.4427466309794294","0.5744666394808321","0.3342484564431532"
"0.5890344428216591","8","4","North Carolina, Surry","-80.691,36.4169","0.56233586247906","0.786666666666667","0.5653078085253123","0.7014","1.0","0.751491911899152","0.4365759347181467","0.39520958083832336","0.613308186513927","0.3937471746724549","0.4949782305412868","0.423477436062303"
"0.5887006037785817","8","5","Texas, Camp","-94.9779,32.972","0.5990405176411212","0.714285714285714","0.5638528280482988","0.6291","0.75","0.7194085185102618","0.6102374491307733","0.4131736526946108","0.579673914473061","0.374711521951109","0.6216926003945136","0.4843258215679669"
"0.5876047510027637","8","5","Ohio, Marion","-83.1574,40.5861","0.6774955616103893","0.0632911392405063","0.5807239382694369","0.7459","1.0","0.672432174036711","0.4141812055126154","0.5149700598802395","0.560557323866868","0.5169513846053057","0.4192157423664587","0.38948617070137226"
"0.5874115948383121","8","4","Ohio, Ashtabula","-80.7483,41.7086","0.5714893717038602","0.379912663755459","0.5588572461268503","0.844","1.0","0.672432174036711","0.36577895640262775","0.47904191616766467","0.5817386943120182","0.4795465649768519","0.5293548273406816","0.42642958995623276"
"0.5873882721019255","8","2","Indiana, LaPorte","-86.7407,41.5437","0.5985177639333918","0.354929577464789","0.6383240915318789","0.9051","1.0","0.4061590902707796","0.5098223932958055","0.562874251497006","0.5539608364828539","0.4752658001988642","0.4281408025989884","0.3778938736640361"
"0.5871375378640566","8","5","Texas, Harrison","-94.3693,32.5494","0.6021035618210009","0.395","0.5732063709055063","0.7179","0.825","0.7194085185102618","0.6565838137223092","0.4191616766467066","0.5357771420024626","0.46142278455809776","0.4952111308673351","0.46557776307105253"
"0.587069962264939","8","5","Arizona, La Paz","-113.981,33.7285","0.5931662411181186","0.621621621621622","0.4811791503330162","0.7514","0.675","0.6267102942890856","0.6164101809066311","0.16167664670658685","0.8571725399341503","0.4436651150893019","0.6595568886599583","0.5437545975738012"
"0.5868955037383757","8","5","South Carolina, Barnwell","-81.4358,33.2668","0.5537981597420362","0.4","0.495747088196118","0.9758","0.75","0.6761677914855059","0.6671112353723813","0.44311377245508987","0.560557323866868","0.5490995884089875","0.6341015975896572","0.0"
"0.5866049863721886","9","5","Colorado, Alamosa","-105.7885,37.5725","0.639889882999785","0.717948717948718","0.5541025284735582","0.9943","0.75","0.903104230085054","0.5364962417269621","0.09580838323353291","0.452613368495235","0.26008755272116346","0.6048297932201178","0.4450423304458247"
"0.5864473527460415","8","5","Mississippi, Jefferson Davis","-89.8267,31.5688","0.6901803348167581","0.441176470588235","0.43045522115669876","0.5113","0.75","0.5163989158141343","0.6203418297822894","0.40119760479041916","0.6388951207196634","0.6191533505721343","0.6845669682905541","0.4244876517272307"
"0.5862945772463763","8","5","New Jersey, Passaic","-74.2995,41.0324","0.7304194485512218","0.129665358259597","0.7927174898013095","0.9067","0.675","0.7118730106573777","0.6092525695258874","0.40119760479041916","0.4833394486037307","0.2173473687207196","0.40894717546889814","0.46285249500701553"
"0.5861330880491149","10","4","Virginia, Norfolk City","-76.2642,36.8993","0.5228561762942889","0.397142857142857","0.8242305710829707","0.9411","1.0","0.5881367906958894","0.6618789893360938","0.34730538922155696","0.38232698451072306","0.3945436820199197","0.48439149975577556","0.3940756493677123"
"0.5860919673036855","7","2","South Dakota, Minnehaha","-96.7911,43.6744","0.7615868219972837","0.319333119589612","0.6209148635260614","0.6765","1.0","1.0","0.6258502638067909","0.29940119760479045","0.4407808887294848","0.27596838100962584","0.14713584071991515","0.35192908222277064"
"0.586059684171544","7","2","Illinois, Winnebago","-89.1609,42.3364","0.7104737610762708","0.637186629526462","0.6912481563661588","0.554","1.0","0.42780561490378566","0.5386684023904593","0.5089820359281437","0.5494974081927578","0.3612228254256567","0.38531221300000457","0.42846335696684595"
"0.5860212786100384","8","4","Oklahoma, McIntosh","-95.666,35.3724","0.4856079248473788","0.8","0.46655726244652895","0.582","1.0","0.6933119590201189","0.7303335443613419","0.40119760479041916","0.6960934005090119","0.4926639140904223","0.6490884852891895","0.0"
"0.5858306518620894","8","5","Florida, Calhoun","-85.1939,30.4067","0.6377360214161787","0.631578947368421","0.48345407390411127","0.9026","0.675","0.36515492191213655","0.6220241472488547","0.40119760479041916","0.5878652729484978","0.5205220850714506","0.605823767726555","0.49822349489886875"
"0.5858209253959158","7","2","Illinois, Kankakee","-87.8621,41.1375","0.6920744701845","0.455098934550989","0.6379555222606835","0.7596","1.0","0.42780561490378566","0.5277418172023527","0.5568862275449102","0.5334405085950897","0.4044362823183184","0.3241234960337305","0.386072911706665"
"0.585665945294869","8","4","Georgia, Muscogee","-84.8714,32.5093","0.516219991589538","0.245283018867925","0.7319244797402832","0.8596","1.0","0.49930824224945697","0.6514846149130232","0.532934131736527","0.44674408486908573","0.480820648047788","0.5363512839372291","0.3369306845693243"
"0.5851821846826858","8","5","Missouri, St. Louis City","-90.2435,38.6356","0.6075386859394736","0.241202815099168","0.8242153034590445","0.7985","0.675","0.6713285985896172","0.602618024529475","0.5089820359281437","0.44674408486908573","0.5132880228892721","0.5010693673576931","0.26716749702594483"
"0.5849420299545041","8","5","Alabama, Macon","-85.6927,32.3876","0.5684567298741358","0.296296296296296","0.4773773216318581","0.915","0.75","0.40374195381018385","0.6414545274074867","0.5209580838323353","0.5918944128138512","0.6919036517159994","0.5941688201569842","0.31197326045822704"
"0.5846996647561895","8","4","North Carolina, Craven","-77.084,35.1183","0.486776621351134","0.5","0.6083961503098304","0.9054","1.0","0.751491911899152","0.5992871437001615","0.38323353293413176","0.579673914473061","0.38209481882223495","0.4253902049365423","0.41367315799884097"
"0.5845639514483242","8","5","Louisiana, Washington","-90.0387,30.8529","0.6437253168511848","0.223140495867769","0.5399924600402295","0.964","0.825","0.17214552458425092","0.6006070021270505","0.3652694610778443","0.5627304600978258","0.6741543558255539","0.659817644979242","0.444897888620416"
"0.5844507779251804","7","5","Illinois, Union","-89.2555,37.4712","0.7777863311822033","0.827868852459016","0.5431066702320128","0.7609","0.75","0.42780561490378566","0.3423798541902965","0.49101796407185627","0.6189409155096902","0.3851632049380013","0.40888637673583716","0.4380677385965177"
"0.583754761752933","7","5","Nebraska, Dakota","-96.5666,42.3904","0.9455353120014166","0.389958734525447","0.5973339945703126","0.8055","0.75","0.25083837871869175","0.6437431012518768","0.3532934131736527","0.4555137084840577","0.35015364584204317","0.5317406326047619","0.0"
"0.5837289717927863","8","2","Ohio, Lucas","-83.6547,41.621","0.6224164021718483","0.315681233933162","0.724117564688498","0.5957","1.0","0.672432174036711","0.5505738097407813","0.532934131736527","0.5215324091055006","0.44654119931173153","0.3822055430762052","0.3133873866353443"
"0.5835931040575681","8","5","Oklahoma, Tillman","-98.9243,34.3729","0.6922432884676749","0.909090909090909","0.43704492336311423","0.5008","0.675","0.6933119590201189","0.6873493982013594","0.3233532934131737","0.6056629582719985","0.5882650671013211","0.5989725256338723","0.0"
"0.5834819831003665","8","4","Georgia, Ben Hill","-83.2215,31.761","0.5851850321387834","0.377777777777778","0.5478996866329574","0.6253","1.0","0.49930824224945697","0.6478463684550279","0.4610778443113772","0.540406913436432","0.48324943777439106","0.6465780547336356","0.3800135438509144"
"0.5834743245607075","8","2","Virginia, Fredericksburg City","-77.4922,38.2978","0.6465146376784987","0.584269662921348","0.7882977564226704","0.9109","1.0","0.5881367906958894","0.6253985409612007","0.34730538922155696","0.38232698451072306","0.33890334950248274","0.2859754399763297","0.23552676012214027"
"0.5831175115247766","8","5","Mississippi, Chickasaw","-88.9482,33.9198","0.6698353582423477","0.333333333333333","0.4869173896337864","0.7163","0.825","0.5163989158141343","0.6135098179539875","0.4251497005988024","0.540406913436432","0.529238823887433","0.6103812504458473","0.3688220400334995"
"0.5830044470147425","8","4","Mississippi, Grenada","-89.8025,33.7704","0.5979956115875431","0.413793103448276","0.5750993627545057","0.6008","1.0","0.5163989158141343","0.5944645688555387","0.38922155688622756","0.560557323866868","0.5820742135495528","0.6082508725284316","0.3176063854720561"
"0.582883309007312","9","5","Arizona, Yuma","-113.9067,32.769","0.5967349797333321","0.728658536585366","0.5401861281391742","0.9796","0.675","0.6267102942890856","0.49138148024793254","0.29940119760479045","0.579673914473061","0.3374015500724912","0.6523251094770813","0.4963899413235429"
"0.5826632598902296","8","5","South Carolina, Fairfield","-81.1196,34.3929","0.7189082972375996","0.65","0.4282082368170098","0.4581","0.75","0.6761677914855059","0.6312723771179514","0.4251497005988024","0.613308186513927","0.5947413581482636","0.5840723548524112","0.0"
"0.5823731932123116","8","4","Georgia, Upson","-84.3002,32.8792","0.6119762669172555","0.131782945736434","0.5787923206866958","0.7644","1.0","0.49930824224945697","0.5984771475965269","0.49101796407185627","0.579673914473061","0.3569309237833777","0.6240976626278303","0.38226919900747225"
"0.5823495312623377","8","5","Alabama, Clarke","-87.8355,31.681","0.6280859976660251","0.486486486486487","0.5176173844872425","0.7345","0.75","0.40374195381018385","0.6502041385247483","0.44311377245508987","0.5998243249034969","0.5452181165082111","0.6175613143717184","0.40825979662044476"
"0.582139536512493","8","2","Alabama, Mobile","-88.2084,30.7847","0.6062525076906365","0.302795954788816","0.670417053788488","0.723","1.0","0.40374195381018385","0.684276049562229","0.4670658682634731","0.5191044408593759","0.4579982025513245","0.4887548383135207","0.3907131052731322"
"0.5818130151143707","8","4","Georgia, Bibb","-83.7049,32.809","0.5079868917915501","0.192893401015228","0.7158685861352855","0.865","1.0","0.49930824224945697","0.6119945855099477","0.4970059880239522","0.5067215141840639","0.4611791734829718","0.587569129794516","0.3232030791258961"
"0.5814596887516301","8","2","New Jersey, Hudson","-74.0752,40.7377","0.6971261536345407","0.111104698141521","0.8556325871481312","0.8434","0.825","0.7118730106573777","0.5869882546909269","0.4131736526946108","0.41269877075759065","0.19142243575055343","0.40437104134543966","0.4506372463872687"
"0.5810949747917942","7","5","Kansas, Finney","-100.7382,38.0434","0.9154651289429657","0.63452188006483","0.4890076249804258","0.7119","0.75","0.535277945802919","0.4938570883587019","0.2754491017964072","0.3679909167750092","0.3281955335242224","0.5028508186815855","0.40646878517665497"
"0.5809956926044657","10","4","North Carolina, Guilford","-79.7882,36.0796","0.5346836554945362","0.436855670103093","0.7078254898476632","0.7619","1.0","0.751491911899152","0.6604199059409739","0.44910179640718567","0.49908933331939354","0.3178978813567733","0.3456971150032259","0.4277714999871325"
"0.5809392582240093","8","4","North Carolina, Pitt","-77.3735,35.5954","0.4876202240869941","0.366336633663366","0.6317855958321373","0.9647","1.0","0.751491911899152","0.62688003493712","0.407185628742515","0.4407808887294848","0.3491812434594535","0.5050962539623637","0.36484058637744077"
"0.5805519978786225","7","5","Virginia, Richmond","-76.7292,37.9376","0.7887880891645822","0.294117647058824","0.5324815292189574","0.9341","0.75","0.5881367906958894","0.6043500245957452","0.3233532934131737","0.6335581539925471","0.42022508633716177","0.35166604878843993","0.0"
"0.5804315343285849","8","4","Texas, Grayson","-96.6775,33.6274","0.5542803470987455","0.728571428571429","0.6032150375879353","0.6383","1.0","0.7194085185102618","0.5759972425559956","0.43113772455089816","0.5648909983668218","0.335725069784622","0.4306099336167459","0.4122461442029031"
"0.5803510117365158","8","2","Minnesota, Ramsey","-93.0987,45.0163","0.6444311480712964","0.680084745762712","0.7942994905629285","0.944","0.75","0.7794980274392814","0.5844995451403484","0.3592814371257485","0.47793802351369025","0.20258024318546763","0.20550165555434577","0.41133796225008046"
"0.5798890755841807","8","4","North Carolina, Hoke","-79.2365,35.0189","0.5761092428047953","0.344594594594595","0.5504386709715189","0.5129","0.825","0.751491911899152","0.8921727633289036","0.44311377245508987","0.32546182219766456","0.4238672591791638","0.6223909380336164","0.5784118048557247"
"0.5797998553795967","10","1","Oklahoma, Okfuskee","-96.3264,35.4649","0.31386755184524245","0.5","0.42699131862009554","0.9137","0.675","0.6933119590201189","0.8292342977019945","0.38323353293413176","0.5648909983668218","0.691890445677054","0.7944879287264447","0.4801776631703816"
"0.5797444326963653","8","4","Texas, Madison","-95.93,30.9669","0.5055484423801053","0.875","0.5252743416748684","0.9621","0.675","0.7194085185102618","0.6490174797719047","0.407185628742515","0.5016507991249867","0.34384025851689926","0.5135472778578402","0.49681999711005526"
"0.5796763895618596","7","5","Louisiana, Caldwell","-92.1175,32.0903","0.7032140430533057","0.6","0.49740085432671505","0.9589","0.675","0.17214552458425092","0.5279505207607283","0.3712574850299401","0.579673914473061","0.5478700409974396","0.6611399568668113","0.39316292970207106"
"0.5792809512506247","8","4","Georgia, Richmond","-82.0703,33.3578","0.4753216928690624","0.151020408163265","0.7170668328967399","0.9261","1.0","0.49930824224945697","0.654749997272397","0.4970059880239522","0.46408171358848016","0.45212157955859555","0.630556377441926","0.2724134466939474"
"0.5790371278169899","8","4","Mississippi, Oktibbeha","-88.8791,33.4249","0.5846916725582602","0.490196078431373","0.6013098248003335","0.886","1.0","0.5163989158141343","0.5569641681237898","0.43712574850299407","0.38582646381517377","0.37036856691078357","0.535534618883384","0.4832171405008892"
"0.5789460645643103","7","5","Arkansas, Lincoln","-91.74,33.9532","0.8364714895777483","0.144502617801047","0.47855096745374076","0.9873","0.575","0.5574725952297617","0.6150109398116439","0.4191616766467066","0.5016507991249867","0.47061010258685176","0.468638693355292","0.0"
"0.578873349455577","8","5","California, Tulare","-118.802,36.2203","0.6288357360435322","0.495091164095372","0.6123668999562277","0.6371","0.75","0.5528135213810501","0.46964912849917617","0.8862275449101797","0.3927283612037091","0.3133814773322623","0.6121459881737986","0.3797380491635831"
"0.5788614234373771","8","5","Georgia, Dooly","-83.7975,32.1563","0.6531488995900632","0.165605095541401","0.5232783811967191","0.8727","0.75","0.49930824224945697","0.5967221179972036","0.49101796407185627","0.5878652729484978","0.48200063227911977","0.7172003854785012","0.0"
"0.5787361233928747","7","5","Louisiana, Union","-92.3749,32.8312","0.7514439644305015","0.444915254237288","0.49254443367837825","0.8647","0.75","0.17214552458425092","0.5992924671730491","0.407185628742515","0.6075890184122873","0.4886716877266044","0.49812087103026365","0.5057687457373751"
"0.578695620922683","8","4","Arizona, Pinal","-111.3449,32.9053","0.5177885514221969","0.358407079646018","0.5588799306950782","0.8271","0.825","0.6267102942890856","0.6739926548464881","0.5209580838323353","0.6056629582719985","0.33532750542054257","0.46793078778807795","0.6369162560228638"
"0.5786769111261326","10","4","Mississippi, Sunflower","-90.5888,33.6019","0.5098734653473975","0.191176470588235","0.5309085115598416","0.9328","0.75","0.5163989158141343","0.6523238683504716","0.43712574850299407","0.4407808887294848","0.7206749550847561","0.7043165041552059","0.3557201964343139"
"0.578670783549782","2","4","South Carolina, Laurens","-82.0049,34.4824","0.43532247352213016","0.298245614035088","0.5223497273208497","0.8704","1.0","0.6761677914855059","0.5661794171074395","0.4550898203592814","0.5712984652022484","0.45328104550878345","0.6066246880885715","0.5491296969534525"
"0.5783753009777878","8","4","Georgia, McDuffie","-82.4825,33.4785","0.5007770903822227","0.181818181818182","0.5614188949636156","0.8854","1.0","0.49930824224945697","0.6246076108166382","0.4730538922155689","0.5517358041566147","0.433544475384319","0.6235814789618822","0.46837809321920515"
"0.5780065326372512","8","4","Texas, Caldwell","-97.6181,29.8367","0.47615038812610466","0.444444444444444","0.555417448095714","0.9631","0.825","0.7194085185102618","0.5598530866470884","0.4251497005988024","0.46968620728685795","0.3784271031366023","0.6002880551926538","0.6323066919203503"
"0.5779857728391733","7","5","Kentucky, Warren","-86.4267,36.999","0.7128072852669711","0.556701030927835","0.613634999925487","0.8806","0.825","0.6498233878958141","0.4589012583157457","0.4670658682634731","0.4407808887294848","0.3214465437726335","0.3309531800099095","0.35249460989154435"
"0.5778143867911507","8","5","Alabama, Bullock","-85.7127,32.1003","0.662674371909454","0.6","0.40306664756422667","0.765","0.5","0.40374195381018385","0.7361293185960662","0.49101796407185627","0.526341402378779","0.6121183867289108","0.6569357608095484","0.34328494231235507"
"0.5777999910259979","8","2","New Jersey, Camden","-74.9639,39.8034","0.7087863926947866","0.298829213900762","0.7705851214344583","0.6301","0.75","0.7118730106573777","0.5867329277979207","0.5149700598802395","0.5117241638959221","0.3421522112418931","0.27740027524143585","0.4111630579767575"
"0.5775106632922307","8","4","Texas, Lamar","-95.574,33.6698","0.5705683158271279","0.396396396396396","0.5639272621024375","0.6902","0.825","0.7194085185102618","0.6530377492771542","0.4131736526946108","0.5918944128138512","0.42676486145509723","0.5519804339503518","0.31775482516620146"
"0.5768272021513655","8","5","Georgia, Terrell","-84.4407,31.7753","0.6364467865159305","0.0703517587939698","0.5620011888128879","0.9433","0.675","0.49930824224945697","0.6859431889926015","0.4730538922155689","0.5858342498966352","0.4440322179994683","0.7155742010386409","0.0"
"0.5767900214152188","8","5","Mississippi, Montgomery","-89.6173,33.4942","0.7309406955424163","0.549295774647887","0.47668886259536103","0.3508","0.75","0.5163989158141343","0.6200013614158549","0.39520958083832336","0.624489779413553","0.5427282249131978","0.605595227469013","0.4519273781016262"
"0.5766984538489928","8","5","Georgia, Turner","-83.6207,31.7161","0.6289221588067292","0.148148148148148","0.5412850671727503","0.9666","0.75","0.49930824224945697","0.6388499657076773","0.4610778443113772","0.579673914473061","0.5040614663776605","0.6214947017295301","0.0"
"0.5766318157173017","7","5","New Mexico, McKinley","-108.2622,35.5801","0.8250818007810512","0.375489647453833","0.5116532105370699","0.8338","0.5","0.2328984071594001","0.6935582642660505","0.17964071856287425","0.41269877075759065","0.6115115710985687","0.7701996826596805","0.4229754914909839"
"0.5765165624903957","7","2","Minnesota, Rice","-93.2966,44.3543","0.7046258190202864","0.918552036199095","0.5931674622706589","0.8723","0.825","0.7794980274392814","0.48156790049048925","0.29341317365269465","0.5067215141840639","0.1888119621948054","0.1439314325937648","0.6024099853078523"
"0.576388931965368","8","2","Louisiana, Rapides","-92.53,31.1978","0.6085100910193122","0.375286041189931","0.6087736968255217","0.9335","1.0","0.17214552458425092","0.6690612782245132","0.37724550898203596","0.526341402378779","0.5258531031048248","0.5108609912058629","0.34432379223612963"
"0.5763083680927299","8","2","Michigan, Wayne","-83.2813,42.281","0.5930524782646598","0.10044173327724","0.8117573066985339","0.6587","1.0","0.41517557433580937","0.6277077665718496","0.502994011976048","0.504194780386106","0.444435558175804","0.49226990132074955","0.4275352787879045"
"0.5762797548063022","9","5","Texas, Frio","-99.108,28.8675","0.6173165798124737","0.771428571428571","0.5309948719690261","0.9885","0.575","0.7194085185102618","0.46002594271778563","0.34131736526946105","0.4377631248108773","0.2041764087466496","0.7414090602950241","0.5517918150284464"
"0.5762337083831985","10","4","Ohio, Cuyahoga","-81.6592,41.4241","0.5509262906688475","0.284827800186162","0.7615099797336993","0.6332","1.0","0.672432174036711","0.5480259668603443","0.6107784431137724","0.5648909983668218","0.37517080687361043","0.3470693254525903","0.3402280671744634"
"0.5761485537882816","8","2","Virginia, Winchester City","-78.1733,39.1705","0.6044265557285536","0.425","0.7928063845128686","0.836","1.0","0.5881367906958894","0.56804082767059","0.3592814371257485","0.526341402378779","0.31216280762477394","0.37865402505174256","0.23373371594348977"
"0.5758142646285623","8","4","North Carolina, Chowan","-76.6012,36.1291","0.5229991788133853","0.571428571428571","0.5738452779549122","0.7173","0.75","0.751491911899152","0.6087986240533184","0.33532934131736525","0.6774549264631455","0.47380648049205026","0.54806194349327","0.33675513887213143"
"0.5758083828615039","8","4","Mississippi, Lowndes","-88.4419,33.4739","0.5743595258310792","0.482142857142857","0.5735919569961184","0.6562","1.0","0.5163989158141343","0.5947456236505428","0.4550898203592814","0.5117241638959221","0.4679816603464506","0.5659585713557307","0.3578876604029821"
"0.5755951758624935","9","5","Colorado, Crowley","-103.7845,38.3261","0.7804291306482641","0.923076923076923","0.3737694745169947","0.8478","0.5","0.903104230085054","0.6915381865933954","0.14371257485029942","0.4555137084840577","0.2870642241259922","0.5798260114662535","0.0"
"0.5754460591482187","8","5","Florida, DeSoto","-81.8094,27.1868","0.5596890110549804","0.491803278688525","0.5745408500659585","0.9643","0.75","0.36515492191213655","0.5958998704578016","0.2694610778443114","0.6424111072462477","0.4216633339684331","0.6986931057991213","0.5316546101540222"
"0.5752378833030305","8","2","Indiana, Lake","-87.3828,41.4187","0.6406842519831675","0.291251778093883","0.7264389672108085","0.504","1.0","0.4061590902707796","0.5944084841491332","0.6766467065868265","0.5287228277828","0.41908127911035303","0.40853696569025755","0.35828540296412564"
"0.5748490581302169","8","4","Georgia, Whitfield","-84.9609,34.8099","0.5277454730956578","0.344444444444444","0.6720670300730048","0.8577","1.0","0.49930824224945697","0.507414228231396","0.4730538922155689","0.47245716285929296","0.3636201430682659","0.6275584670047578","0.44169631192920283"
"0.5747972152545552","7","5","Kansas, Seward","-100.8507,37.1932","0.8337439845973968","0.288918205804749","0.49669258835714986","0.8771","0.75","0.535277945802919","0.5349700308755165","0.251497005988024","0.3530812563017395","0.31859824288870575","0.6512198321107177","0.37541844792260465"
"0.5742941930145107","8","4","Georgia, Laurens","-82.9222,32.4633","0.5344601875759369","0.319148936170213","0.5501899903677694","0.7622","1.0","0.49930824224945697","0.5972779430275671","0.49101796407185627","0.5539608364828539","0.5346707528316157","0.5385046733273173","0.31164414659599815"
"0.5738558527678592","8","5","Mississippi, Winston","-89.0339,33.0875","0.6306743606212664","0.373333333333333","0.49364289538818923","0.7861","0.75","0.5163989158141343","0.7347895690767996","0.4251497005988024","0.6037268925796017","0.487896474267646","0.612141143653236","0.0"
"0.5734977295817345","7","5","Kansas, Ford","-99.8883,37.692","0.8813717345002576","0.407236335642802","0.4980375501486683","0.7972","0.75","0.535277945802919","0.47296661758648073","0.2754491017964072","0.3787943342919467","0.2846091086022538","0.5531264052894413","0.4324261043630384"
"0.5733445461171363","8","4","Texas, Anderson","-95.6535,31.8153","0.47874443332917466","0.407407407407407","0.5484869940374867","0.978","0.825","0.7194085185102618","0.60624730167829","0.4131736526946108","0.49129758316188105","0.4100791700122165","0.5164416366679824","0.5162143653496695"
"0.5733369150076638","8","2","New Jersey, Mercer","-74.7048,40.2805","0.7316193349614033","0.253191117328204","0.7515274310886779","0.8672","0.75","0.7118730106573777","0.5862530127601022","0.34730538922155696","0.49908933331939354","0.21280758556629972","0.26047557931685233","0.4490723991958557"
"0.5732592506202748","9","5","South Dakota, Oglala Lakota","-102.5555,43.3375","0.5208592932159726","0.888888888888889","0.4328932790968659","0.9882","0.07500000000000001","1.0","0.6643819600215002","0.08982035928143713","0.21687739269064263","0.9798304729616701","0.9721444912169448","0.0"
"0.5731813639868193","8","5","New Jersey, Essex","-74.2466,40.7868","0.6706938890402501","0.11127744510978","0.8402131726402379","0.9411","0.5","0.7118730106573777","0.669795779609172","0.4131736526946108","0.46124754169706367","0.2746424349063969","0.431008274320008","0.37867947630971727"
"0.5730454782259621","8","4","Ohio, Clark","-83.785,39.9159","0.5205062183326106","0.543478260869565","0.6217422945786626","0.5848","1.0","0.672432174036711","0.4569674599651292","0.5149700598802395","0.5938927650957907","0.49386998808351745","0.4021007778967781","0.4985765640427735"
"0.5729971285197938","8","4","Georgia, Lowndes","-83.2706,30.8357","0.4785515669522255","0.217821782178218","0.6257183421499444","0.9398","1.0","0.49930824224945697","0.6185469146023642","0.44311377245508987","0.41269877075759065","0.48245512578516947","0.6175114158099234","0.43604342843642446"
"0.5728101718010034","8","5","Mississippi, Lincoln","-90.4539,31.5329","0.6291761708416385","0.257425742574257","0.546516169267769","0.6033","1.0","0.5163989158141343","0.5409561869611084","0.38922155688622756","0.542700408721451","0.506815996173735","0.5957772009837768","0.4335748286262328"
"0.572465621269107","8","4","Georgia, Troup","-85.0281,33.0335","0.5359244859236659","0.226130653266332","0.6077421628644586","0.7838","1.0","0.49930824224945697","0.605267921946711","0.49101796407185627","0.49129758316188105","0.43659149277808035","0.5901720906928162","0.3954925333124948"
"0.5723668598900273","10","4","Virginia, Portsmouth City","-76.3597,36.8591","0.512550982924967","0.220720720720721","0.7789831370172744","0.7469","1.0","0.5881367906958894","0.6655632445088534","0.3592814371257485","0.49129758316188105","0.4660664424173412","0.49261398339371026","0.34801062526373006"
"0.5722694848183483","8","5","Alabama, Lowndes","-86.6516,32.1597","0.7744465983525052","0.453125","0.43743668749462405","0.4954","0.675","0.40374195381018385","0.6627456862749715","0.4730538922155689","0.5775976316230177","0.6424542734722426","0.6232594394574816","0.0"
"0.5722477986617109","8","4","Florida, Columbia","-82.6216,30.2251","0.5224479422834309","0.37037037037037","0.58503831092863","0.9726","1.0","0.36515492191213655","0.5746090104598212","0.34730538922155696","0.579673914473061","0.5052947412059827","0.5479018320886752","0.36842864417552434"
"0.5720828223692109","8","2","Michigan, Berrien","-86.4131,41.9545","0.6152225324232552","0.412","0.6541262035890946","0.7364","1.0","0.41517557433580937","0.566288712417507","0.5269461077844312","0.595880459448231","0.34651006057600164","0.3300770484661582","0.4711495638795297"
"0.571950926845943","8","5","Texas, Red River","-95.0484,33.6189","0.6950230853038923","0.971428571428571","0.4699486208048292","0.2983","0.575","0.7194085185102618","0.6604136390841789","0.407185628742515","0.6806267907799217","0.5132523535835265","0.6019790350950392","0.0"
"0.5718195104476477","8","2","Louisiana, Iberia","-91.7587,29.868","0.6071533189202735","0.24929178470255","0.5866868134811503","0.901","1.0","0.17214552458425092","0.6350624544692196","0.38323353293413176","0.48601108590571473","0.5059291607164274","0.6125916840655604","0.4451088695743675"
"0.5716000140264057","8","4","Alabama, Chambers","-85.3907,32.9136","0.5850528802667013","0.103658536585366","0.5030102219240805","0.7943","1.0","0.40374195381018385","0.5886607524785155","0.502994011976048","0.5978576089534523","0.5508244396777339","0.48267714504167564","0.41294514501788987"
"0.5713935424055981","8","9","Virginia, Essex","-76.9423,37.9336","0.6644889809658161","0.741935483870968","0.5496737188209861","0.3044","1.0","0.5881367906958894","0.6857047965918605","0.32934131736526945","0.6476236650502001","0.45957630820897283","0.37533940408279237","0.3408661698079624"
"0.5713167103826342","8","4","Georgia, Meriwether","-84.6886,33.0416","0.5540240689043264","0.228571428571429","0.5002981791113547","0.7794","0.75","0.49930824224945697","0.636738720369768","0.47904191616766467","0.6056629582719985","0.5012170378543986","0.6186564182449005","0.5435790419337124"
"0.5710037016534827","10","4","Texas, Nueces","-97.5433,27.7363","0.4686006077414434","0.541125541125541","0.706723205006205","0.8742","1.0","0.7194085185102618","0.457173757957728","0.4131736526946108","0.47793802351369025","0.3336861364914124","0.5243233082843362","0.37771075658782394"
"0.5709813342341354","10","5","Arkansas, Lee","-90.7838,34.785","0.5567874565014712","0.7","0.487450718632756","0.9077","0.575","0.5574725952297617","0.6791533789090266","0.4251497005988024","0.5878652729484978","0.5623165091121406","0.613189861242031","0.0"
"0.5709732881624552","10","4","Georgia, Candler","-82.077,32.4021","0.4447569053847254","0.3","0.5044181368524152","0.9408","0.825","0.49930824224945697","0.5362943534529274","0.44910179640718567","0.558371441896005","0.5740729000952175","0.7571321940070617","0.4615495472172134"
"0.5708716474972942","8","2","California, Los Angeles","-118.2282,34.3083","0.6060544845314538","0.332654210117149","0.8218768639554189","0.9045","0.675","0.5528135213810501","0.5832783277130871","0.6706586826347305","0.4555137084840577","0.1327411059289485","0.43259134252686077","0.4509174494096303"
"0.5707877623030745","8","5","Georgia, Macon","-84.0423,32.3521","0.554225731194529","0.111111111111111","0.42647695604398733","0.9201","0.675","0.49930824224945697","0.6858742368020876","0.502994011976048","0.5357771420024626","0.49489394495033523","0.7521333754645138","0.40233847151532526"
"0.5706225866071745","2","4","South Carolina, Greenwood","-82.1272,34.1527","0.4228649294857408","0.231884057971014","0.5642942565668884","0.8787","1.0","0.6761677914855059","0.6154372747577336","0.44910179640718567","0.5734100391661536","0.4394200593478701","0.580134607426093","0.3660243094647828"
"0.5706113882148334","8","4","Mississippi, Bolivar","-90.8737,33.797","0.5549497262987537","0.186046511627907","0.5505761179941897","0.8386","0.825","0.5163989158141343","0.5719289354048858","0.43712574850299407","0.49908933331939354","0.5391339041864256","0.6945258492111486","0.35973195338281294"
"0.5705342171412872","2","4","Georgia, Spalding","-84.2801,33.2631","0.47411730379956774","0.100418410041841","0.6471125231935764","0.724","1.0","0.49930824224945697","0.6191339561438748","0.4970059880239522","0.560557323866868","0.5025205988144655","0.6187230304026367","0.45562717410283965"
"0.5704121377173413","7","2","Pennsylvania, Huntingdon","-77.9767,40.4216","0.7207736073723447","0.769230769230769","0.545312652019826","0.6657","0.825","0.5168765274771758","0.35129238783336025","0.4670658682634731","0.6189409155096902","0.39259640064769774","0.32750000575286814","0.466635121832858"
"0.5703881899623819","2","4","Virginia, Danville City","-79.404,36.5802","0.39322704442615025","0.159090909090909","0.702972127357475","0.8841","1.0","0.5881367906958894","0.6539689534213116","0.4191616766467066","0.6207997313712245","0.440853882118605","0.5868881113164246","0.3407160719826151"
"0.5702441287489258","8","4","North Carolina, Alexander","-81.1775,35.9224","0.47755624409208985","0.777777777777778","0.5219800761114233","0.5696","1.0","0.751491911899152","0.45937225611892096","0.4251497005988024","0.6017807168377609","0.4358832326401009","0.4728989647380671","0.614230502596464"
"0.5699632827173525","10","4","Virginia, Newport News City","-76.5175,37.0817","0.4726775565322641","0.342245989304813","0.7798204739619129","0.9507","1.0","0.5881367906958894","0.651370414624379","0.3592814371257485","0.4407808887294848","0.40677128975629473","0.39824926293647467","0.3932271803073154"
"0.5699584971146474","10","4","Georgia, Jefferson","-82.4161,33.0587","0.4982330129432117","0.318181818181818","0.5181750973951263","0.9032","0.75","0.49930824224945697","0.5894799824811147","0.47904191616766467","0.5670390838965326","0.5097662730033523","0.675403678759357","0.45678699706310505"
"0.5698464463165746","10","4","Ohio, Hamilton","-84.545,39.1967","0.5597653812038874","0.325859491778774","0.7562420265797543","0.6988","1.0","0.672432174036711","0.5299847867430483","0.6047904191616766","0.504194780386106","0.3587374398715199","0.25055218450937905","0.37000713753976"
"0.5697679300859366","7","5","Kansas, Lyon","-96.1528,38.4558","0.712864654916066","0.309859154929577","0.5600479430594928","0.9379","0.825","0.535277945802919","0.45649344911578593","0.3652694610778443","0.49908933331939354","0.3685513927648979","0.3901207629974551","0.4945152463629319"
"0.569706862225902","7","5","Washington, Yakima","-120.738,46.4574","0.7271808600394118","0.426251691474966","0.6031205968473241","0.7915","0.75","0.5051412015799757","0.5127703020880279","0.29341317365269465","0.46408171358848016","0.3308165151533888","0.6028326396181742","0.47316327891939625"
"0.5696216990957177","8","4","Texas, Washington","-96.4095,30.215","0.5865365414702147","0.198895027624309","0.5512007986198245","0.8892","0.825","0.7194085185102618","0.5636485233778057","0.4131736526946108","0.6335581539925471","0.32816519308679964","0.3818412351298956","0.49857259159406986"
"0.5693832620743436","8","5","Mississippi, Jasper","-89.1179,32.0192","0.7166133516396058","0.509090909090909","0.4369116637855708","0.3451","0.675","0.5163989158141343","0.5991628889346827","0.4191616766467066","0.6037268925796017","0.6094668963671913","0.5823090704806285","0.5679478753526201"
"0.5693706610499594","8","2","Ohio, Franklin","-83.0112,39.97","0.613405759209072","0.389592760180995","0.7555839827215264","0.6699","1.0","0.672432174036711","0.5383383672652016","0.5449101796407185","0.40944379978250145","0.34334086693097265","0.253208314020854","0.40332960122565975"
"0.5691732496452097","10","4","Mississippi, Tallahatchie","-90.1729,33.9534","0.49217295552142026","0.333333333333333","0.49511381171328533","0.9548","0.675","0.5163989158141343","0.6498354767770188","0.4191616766467066","0.4939129750014257","0.5672831441138158","0.6792752984799955","0.5335705330970432"
"0.5691322265950082","8","4","North Carolina, Harnett","-78.8724,35.3673","0.50859136510193","0.279166666666667","0.5877031691705962","0.5982","1.0","0.751491911899152","0.6898659995793489","0.4730538922155689","0.42229651508178717","0.37840539966778175","0.5269982103129912","0.550151976844434"
"0.5687923958293662","8","4","Georgia, Floyd","-85.2158,34.2627","0.47241084735993727","0.194444444444444","0.6336789318504142","0.9389","1.0","0.49930824224945697","0.5804702350361431","0.4730538922155689","0.5380992168517501","0.4339520066496708","0.5541252243164412","0.3601357161511341"
"0.5683885910639611","8","4","North Carolina, Davidson","-80.2126,35.7912","0.5229864237875141","0.346715328467153","0.6223236198053116","0.5024","1.0","0.751491911899152","0.5422473288306814","0.4670658682634731","0.5691748594129424","0.40958789707994797","0.5006763556270499","0.5181316473571881"
"0.5681540517563516","2","4","Texas, Hunt","-96.0855,33.1235","0.402003027244925","0.272727272727273","0.5942475279297503","0.9545","1.0","0.7194085185102618","0.5643542160286464","0.44311377245508987","0.5310891329236117","0.3846682702847873","0.5292699271178215","0.47980615445695574"
"0.568145494553659","8","5","Georgia, Washington","-82.7936,32.9671","0.5817498094578331","0.317460317460317","0.4297802132309154","0.9252","0.75","0.49930824224945697","0.5674176086089119","0.4670658682634731","0.5517358041566147","0.4972265330221674","0.625892557496284","0.35017434503634837"
"0.5680343341155024","8","2","Ohio, Belmont","-80.9924,40.0163","0.6786095209604239","0.509433962264151","0.5929278639928719","0.5651","1.0","0.672432174036711","0.33141465649418617","0.49101796407185627","0.6151952376728468","0.3914720773236755","0.2961304028666966","0.3869960329036001"
"0.5679391869542678","8","2","New Jersey, Union","-74.3068,40.6584","0.6960284889601979","0.10796897522136","0.8224708523930072","0.7905","0.75","0.7118730106573777","0.6148609654283366","0.44311377245508987","0.4833394486037307","0.18079778268682717","0.29588926685569183","0.42467805567422584"
"0.567864028464309","8","5","Alabama, Wilcox","-87.3089,31.9877","0.6626107910478661","0.236559139784946","0.44630749474030673","0.6176","0.675","0.40374195381018385","0.6145645341442499","0.44311377245508987","0.5878652729484978","0.6598698844142745","0.657104471238142","0.436652849081957"
"0.5677806354193026","8","5","Maryland, Somerset","-75.7512,38.1164","0.5719061419462351","0.418181818181818","0.5622370854564998","0.9395","0.75","0.4167867362521145","0.6370760160524356","0.3592814371257485","0.5310891329236117","0.5060695595830758","0.5507008749567475","0.4113216728691069"
"0.5677271102131951","8","5","Missouri, Sullivan","-93.1115,40.2099","0.7677296890479717","1.0","0.42188637605041246","0.4944","0.5","0.6713285985896172","0.46809094158023895","0.37724550898203596","0.6226493223021841","0.46471981214516705","0.4604022817207398","0.3930836273492316"
"0.5677140384742407","8","2","Michigan, Muskegon","-86.1518,43.2912","0.579630210379881","0.356837606837607","0.6620970597644151","0.788","1.0","0.41517557433580937","0.6001832865963252","0.43712574850299407","0.5357771420024626","0.4136995365633213","0.3831823195346451","0.46738096851906163"
"0.5674935441460904","10","2","Ohio, Columbiana","-80.7809,40.7693","0.6181764991855719","0.339759036144578","0.5786640315552976","0.7023","1.0","0.672432174036711","0.29650991840639873","0.5089820359281437","0.6056629582719985","0.43414168807819786","0.3731433829117531","0.41302469320281976"
"0.5674588173221623","8","5","New Jersey, Atlantic","-74.6585,39.4754","0.6834332409867622","0.388111888111888","0.6883665677547978","0.8812","0.5","0.7118730106573777","0.5670373080217177","0.38323353293413176","0.5561726637917245","0.3337711627638557","0.3803305925054541","0.37722266315023834"
"0.5672725555089074","8","5","Georgia, Calhoun","-84.6273,31.5317","0.69660684196449","0.148760330578512","0.4659485029212004","0.9834","0.5","0.49930824224945697","0.668747580386596","0.4550898203592814","0.49908933331939354","0.4690221897504556","0.7344040046744779","0.0"
"0.5671961161209716","8","4","California, San Bernardino","-116.1775,34.8406","0.5266656718192873","0.369910482240832","0.657490639900822","0.8141","0.825","0.5528135213810501","0.6195771563418722","0.7125748502994013","0.3927283612037091","0.23638387777196818","0.5368253202742823","0.4816766073408095"
"0.5669234330714861","8","4","Mississippi, Tate","-89.9449,34.6513","0.505868009232546","0.254545454545455","0.5507175539138468","0.8768","1.0","0.5163989158141343","0.5584089280428979","0.4191616766467066","0.5287228277828","0.4436291931814807","0.5783622395782555","0.44479765615872363"
"0.5668776257109843","9","5","South Dakota, Ziebach","-101.6655,44.9788","0.47459670598752185","1.0","0.24320924803066338","0.971","0.25","1.0","0.6837349499393475","0.11377245508982038","0.3213436387749264","0.7549821163111871","0.8451425990683261","0.4325870984084597"
"0.5667430798697254","8","9","Mississippi, Covington","-89.5539,31.6323","0.662529045765161","0.371428571428571","0.5413204600812725","0.2579","1.0","0.5163989158141343","0.5394766696161096","0.4131736526946108","0.540406913436432","0.525540831525254","0.6638531306079111","0.4883620489373094"
"0.5665273650062083","8","4","Arkansas, Craighead","-90.6324,35.8302","0.5121441105015365","0.408759124087591","0.6165202735210171","0.9058","1.0","0.5574725952297617","0.5571524871570954","0.4670658682634731","0.46689449529952165","0.45433923608681537","0.3950328646219318","0.3531488082007001"
"0.566457921088342","6","4","West Virginia, Fayette","-81.0829,38.0297","0.5206299908556176","0.631578947368421","0.5303581049603335","0.7584","1.0","0.42782761630184035","0.3661073021714392","0.38323353293413176","0.613308186513927","0.6150115273632629","0.5349873091728211","0.4682519667265284"
"0.5662555628971632","8","4","Oregon, Marion","-122.5815,44.9029","0.5684616269549709","0.365291262135922","0.6824445335756602","0.9274","1.0","0.5704827129810713","0.45349924180071016","0.3652694610778443","0.5117241638959221","0.29989049419694414","0.40340007831167496","0.5205683038386458"
"0.5661216912630487","2","4","North Carolina, Rockingham","-79.775,36.3959","0.4145735868523964","0.422222222222222","0.5738881046320947","0.7351","1.0","0.751491911899152","0.581529962241144","0.43712574850299407","0.6075890184122873","0.4345661856700308","0.5089989997276169","0.3973722629213724"
"0.5660670336570196","8","2","Alabama, DeKalb","-85.8078,34.4595","0.6354535658965975","0.598958333333333","0.5620619053534789","0.4779","1.0","0.40374195381018385","0.4556417856603068","0.4970059880239522","0.542700408721451","0.4177300347242767","0.5874449889550987","0.48699554811167206"
"0.5660288700164515","10","7","South Carolina, Marion","-79.364,34.0786","0.49760674786504966","0.274509803921569","0.5085101284693931","0.5014","0.825","0.6761677914855059","0.7009078974373968","0.4131736526946108","0.5858342498966352","0.6301855628798501","0.6560035539402849","0.39381253355711515"
"0.5658490009475825","8","2","Delaware, Kent","-75.5688,39.0865","0.6664571736741647","0.325680272108844","0.6154588727216288","0.8373","1.0","0.2712393218741049","0.6304153843266543","0.37724550898203596","0.542700408721451","0.38054493506931947","0.32408800992060927","0.5302739999782872"
"0.5656171227200112","8","5","Georgia, Grady","-84.2342,30.8745","0.5932502922084434","0.3","0.5571821440434429","0.5234","0.75","0.49930824224945697","0.6903841779301874","0.48502994011976047","0.5627304600978258","0.4635045627552124","0.6778335691605573","0.4554304142451775"
"0.5653586186982099","8","5","Alabama, Choctaw","-88.2656,32.0223","0.6923949680203894","0.416666666666667","0.45047110452861744","0.5775","0.675","0.40374195381018385","0.5467603398411922","0.4251497005988024","0.6561524538860896","0.5480634977589401","0.6035755468464533","0.4824947661460778"
"0.5651716184009735","7","5","Colorado, Morgan","-103.8093,40.2628","0.7717609718699168","0.290843806104129","0.500302157318052","0.681","0.75","0.903104230085054","0.5238780907854109","0.19760479041916168","0.5191044408593759","0.32337081019544367","0.36352955296823175","0.4558536493091615"
"0.5651261230538979","10","4","Ohio, Richland","-82.538,40.7718","0.5180973918572235","0.425806451612903","0.5980703196367828","0.7303","1.0","0.672432174036711","0.43181156183069425","0.4970059880239522","0.5978576089534523","0.4267366065958832","0.39667200815429704","0.41008713098488186"
"0.5651100591660563","8","2","Georgia, Hall","-83.819,34.3221","0.6711918951963568","0.211090400745573","0.6647965633568796","0.6527","1.0","0.49930824224945697","0.524827699958846","0.44910179640718567","0.49129758316188105","0.3253028253667078","0.46338045073661543","0.41927127994890734"
"0.5649503222723211","8","2","Louisiana, Terrebonne","-90.8263,29.3734","0.5837992632527045","0.195767195767196","0.6041088713374343","0.8507","1.0","0.17214552458425092","0.7998338660165168","0.34131736526946105","0.47245716285929296","0.4919340934206293","0.5562920572510907","0.4314166632999629"
"0.5647949666699262","8","5","Louisiana, Morehouse","-91.8042,32.8169","0.6054022317575609","0.364705882352941","0.5340253279101302","0.9023","0.75","0.17214552458425092","0.5786911713488939","0.407185628742515","0.5734100391661536","0.5857222657845165","0.5693930942086058","0.5824110221172792"
"0.5647751167433169","10","5","Alabama, Perry","-87.2977,32.6405","0.5935570039853709","0.5","0.46299770670287443","0.994","0.5","0.40374195381018385","0.6243608095831176","0.4610778443113772","0.5918944128138512","0.6501655590955375","0.6375581630110924","0.0"
"0.5647349783169978","8","4","Texas, Harris","-95.3934,29.8586","0.5154526681756062","0.276132596685083","0.7816065156047461","0.6014","1.0","0.7194085185102618","0.6353155209001232","0.5389221556886228","0.3530812563017395","0.24392877394582246","0.5363540695365526","0.444944899386097"
"0.5644937100023355","8","5","Georgia, Seminole","-84.8682,30.9346","0.6038004336295352","0.25","0.5270614732231372","0.7791","0.825","0.49930824224945697","0.5716275575094201","0.44311377245508987","0.6561524538860896","0.37328550139136835","0.5915250441729442","0.3109924921357001"
"0.5643951921719855","6","2","Wisconsin, Racine","-88.0594,42.7475","0.7039211847180502","0.593625498007968","0.6738683018807355","0.4839","1.0","0.5349291819271391","0.5440786630043883","0.5209580838323353","0.526341402378779","0.3132008781794048","0.1948923977482184","0.412310564799418"
"0.5641754137413919","7","9","Virginia, Manassas Park City","-77.444,38.7706","0.7810795934814254","0.584699453551913","0.743412345068163","0.2611","1.0","0.5881367906958894","0.6434837595756262","0.3712574850299401","0.2820766377382973","0.4812236699735886","0.43645327320637384","0.0"
"0.5640923934036698","8","9","North Carolina, Caldwell","-81.548,35.952","0.5163725021525736","0.564102564102564","0.591303635167703","0.3693","1.0","0.751491911899152","0.4588443454225517","0.4131736526946108","0.5978576089534523","0.4736344403756009","0.5583208213497054","0.5284919285007599"
"0.5640101717391035","9","5","South Dakota, Roberts","-96.9467,45.6298","0.5790845865636317","0.526315789473684","0.4263328722650007","0.5059","0.675","1.0","0.6592340284036724","0.16766467065868262","0.6017807168377609","0.5224793960153817","0.5523465585918723","0.45703908564100715"
"0.5639604577687541","8","5","Texas, Gray","-100.8129,35.4008","0.6282424929021286","0.362637362637363","0.4810415016517869","0.8106","0.825","0.7194085185102618","0.5474971511720669","0.24550898203592814","0.5287228277828","0.3632741408965857","0.5965013356948756","0.36005270158223873"
"0.5638767885939542","10","4","Kentucky, Henderson","-87.5739,37.7934","0.5187599873616322","0.28735632183908","0.6125598648397464","0.7714","1.0","0.6498233878958141","0.44668521376378756","0.5389221556886228","0.5539608364828539","0.4879872599927654","0.35289062247365827","0.3873047739271171"
"0.5637720321861615","8","2","Colorado, Denver","-104.8726,39.7602","0.6504734862174988","0.29155672823219","0.8265312278269804","0.8717","0.75","0.903104230085054","0.6153789184523565","0.311377245508982","0.40944379978250145","0.12484111133514526","0.23947942719842225","0.446664724955467"
"0.5632709361880941","10","4","Virginia, Roanoke City","-79.9619,37.2779","0.48468831261081124","0.333333333333333","0.7676863805478356","0.7431","1.0","0.5881367906958894","0.5900286210558274","0.3592814371257485","0.5334405085950897","0.43372989685226515","0.5003403881260317","0.2935104623175886"
"0.5631115417361003","8","2","California, Santa Barbara","-120.0188,34.6533","0.6609107811824424","0.641748942172073","0.6536356740206513","0.9156","0.75","0.5528135213810501","0.48085896926741256","0.43113772455089816","0.5016507991249867","0.1623158291725812","0.382986722016929","0.46948721624920514"
"0.5630204946846847","10","5","Florida, Union","-82.375,30.0441","0.5842537450554566","0.75","0.4856176053520677","0.8634","0.75","0.36515492191213655","0.5845338960619859","0.3053892215568862","0.49908933331939354","0.5918018806126247","0.6398557980009328","0.23455832820778308"
"0.5626433156244119","10","4","South Carolina, Jasper","-81.0249,32.4317","0.3935831331639174","0.192307692307692","0.5143987071140352","0.9226","0.75","0.6761677914855059","0.6892877168542497","0.43113772455089816","0.560557323866868","0.4970268893608641","0.6508306959965245","0.5218458340251276"
"0.5624880131883794","8","4","Florida, Okeechobee","-80.8894,27.3863","0.5099644676660491","0.617647058823529","0.572663887205546","0.8704","0.825","0.36515492191213655","0.5972088765872662","0.24550898203592814","0.6037268925796017","0.45591972884500725","0.6836342769692341","0.4562958002862688"
"0.5623906416758493","8","5","Missouri, Saline","-93.2026,39.1373","0.6639792570478665","0.199170124481328","0.4892536598473165","0.8739","0.75","0.6713285985896172","0.5003600009324463","0.39520958083832336","0.5755097168756041","0.395140430513622","0.41049863317907975","0.41829839062355484"
"0.5623647002956151","8","9","Ohio, Hocking","-82.4799,39.4954","0.620962602176132","0.677966101694915","0.5126480720311846","0.5868","1.0","0.672432174036711","0.23539914668686632","0.4610778443113772","0.5858342498966352","0.4771657282826728","0.32788005839100637","0.5578638475418943"
"0.5623064093232554","8","4","Mississippi, Marion","-89.8209,31.2313","0.5055853636733224","0.137931034482759","0.5071838425996134","0.9179","0.825","0.5163989158141343","0.5558486930495563","0.38323353293413176","0.5648909983668218","0.5058224402562788","0.6794966930697075","0.4802521480515245"
"0.5620869407758218","8","9","Alabama, Marshall","-86.3049,34.3698","0.7034065310151536","0.46474358974359","0.5903284664112379","0.3149","1.0","0.40374195381018385","0.4474968700103158","0.5269461077844312","0.5539608364828539","0.43553706150300325","0.536395369074349","0.45178394442343595"
"0.5619201876038382","8","2","Indiana, St. Joseph","-86.2904,41.6176","0.5956391502458198","0.318901795142555","0.6924789469681146","0.7157","1.0","0.4061590902707796","0.5432148410019714","0.5868263473053893","0.5142005305328247","0.35888459864006156","0.34083103632409406","0.4343163616378327"
"0.5619036068871995","2","4","Virginia, Henry","-79.8763,36.6854","0.45140632806582853","0.441176470588235","0.5854269665777277","0.7956","1.0","0.5881367906958894","0.5460713180053046","0.40119760479041916","0.6726459331898672","0.4894273077569463","0.59618510961515","0.0"
"0.5617559582371031","7","2","Iowa, Marshall","-92.9991,42.0359","0.7746818751596439","0.299485861182519","0.6500434697304938","0.7415","0.825","0.5306255646958271","0.4075786326578584","0.37724550898203596","0.5648909983668218","0.3196712410768521","0.30691890793364124","0.4240550720597794"
"0.561690323078502","8","5","Louisiana, East Feliciana","-91.0498,30.8443","0.6824472865867873","0.272727272727273","0.49276469242527915","0.9287","0.675","0.17214552458425092","0.6408153600733","0.37724550898203596","0.5472454870957077","0.4963439465581733","0.5254645562158772","0.6458442194320907"
"0.5614336206425671","10","7","Oklahoma, Adair","-94.6586,35.8849","0.4866322177853286","0.121621621621622","0.4858522278204531","0.5571","0.675","0.6933119590201189","0.6543375282452771","0.407185628742515","0.5191044408593759","0.7467578957952883","0.7880023268232262","0.4277537909034034"
"0.5614209949162565","8","5","Virginia, Harrisonburg City","-78.8754,38.4354","0.7020434118719029","0.255150554675119","0.7750204817205463","0.9787","0.825","0.5881367906958894","0.5202189039344257","0.34730538922155696","0.31296818950411365","0.24529989715028422","0.5424289772090741","0.0"
"0.5613996684481546","8","9","Kentucky, Logan","-86.8776,36.8595","0.695924872353921","0.873563218390805","0.49893556852874066","0.2534","0.825","0.6498233878958141","0.458923690013958","0.47904191616766467","0.5755097168756041","0.43402131115386594","0.44694904811832165","0.43859485353551797"
"0.5613972254352994","8","9","Georgia, Putnam","-83.3755,33.3206","0.6380904403718476","0.467532467532468","0.5344186238327027","0.2719","1.0","0.49930824224945697","0.5948183823458437","0.4970059880239522","0.6710290464557254","0.4385830439420605","0.4074877636494064","0.5478437854924791"
"0.5613597404536794","9","7","South Dakota, Corson","-101.197,45.7089","0.5043871765898684","0.666666666666667","0.31512557025253446","0.5931","0.5","1.0","0.663017175874011","0.12574850299401197","0.38582646381517377","0.8213904627362649","0.8014187420693685","0.4341371262432499"
"0.561331784370017","8","5","Louisiana, Concordia","-91.6381,31.4482","0.5685642147166176","0.303571428571429","0.5526532934709023","0.9653","0.75","0.17214552458425092","0.6235611001908649","0.3592814371257485","0.5449798764246452","0.5573280945199226","0.6509558057400545","0.5344918429831333"
"0.5613290611021942","8","2","Michigan, Oceana","-86.2673,43.6412","0.6070633004222046","0.702127659574468","0.4726972209489781","0.7281","1.0","0.41517557433580937","0.4012993973617654","0.3592814371257485","0.6189409155096902","0.3667154530327005","0.49693275236227913","0.5774968645154205"
"0.5613243562101188","8","4","Georgia, Elbert","-82.8394,34.113","0.5831380093606419","0.41304347826087","0.601226688758036","0.5234","0.825","0.49930824224945697","0.592804600086323","0.4550898203592814","0.613308186513927","0.41468798282878006","0.6067353853834274","0.44125356783042846"
"0.5610616911931635","8","2","Mississippi, Union","-89.0078,34.4916","0.6056637121154353","0.583333333333333","0.5554764268520276","0.5298","1.0","0.5163989158141343","0.49604589091477674","0.4251497005988024","0.542700408721451","0.4108129875431148","0.5521539888995078","0.3578137472309484"
"0.5610114442315228","8","5","Georgia, Charlton","-82.1395,30.7837","0.5995819095944573","0.576923076923077","0.4647484693499957","0.7536","0.675","0.49930824224945697","0.7579762957495378","0.3532934131736527","0.5067215141840639","0.4538783801121803","0.7607004256274654","0.0"
"0.5609539327931082","10","4","South Carolina, Bamberg","-81.0566,33.2193","0.44606130043807046","0.25","0.49888452458147836","0.986","0.75","0.6761677914855059","0.6586806149330167","0.43113772455089816","0.624489779413553","0.5310509940782212","0.6153594797760039","0.0"
"0.5607791569355921","8","4","Missouri, Pettis","-93.2847,38.728","0.5345886492052089","0.397058823529412","0.5874828587205198","0.6412","1.0","0.6713285985896172","0.4337597567652472","0.38922155688622756","0.540406913436432","0.46873656901726485","0.5359002590728483","0.41340382885803384"
"0.5605036813447754","7","9","Virginia, Manassas City","-77.4851,38.7464","0.8032708836215828","0.550522648083624","0.7245638888182764","0.2814","1.0","0.5881367906958894","0.628768264455012","0.3712574850299401","0.3295349972503631","0.22040346628779872","0.36667497905653207","0.42423522424022286"
"0.560381650987267","8","4","South Carolina, Edgefield","-81.9623,33.7722","0.4958019909831324","0.27906976744186","0.4852656780324841","0.9013","0.75","0.6761677914855059","0.6196482784168019","0.43712574850299407","0.5755097168756041","0.4320422668517753","0.4614595983335334","0.5744233953267549"
"0.5603791342045543","7","5","South Carolina, Saluda","-81.7271,34.008","0.6822761814509681","0.443478260869565","0.49464876188241247","0.4368","0.75","0.6761677914855059","0.6839273121700591","0.43712574850299407","0.595880459448231","0.4437106883282697","0.5590488316772542","0.0"
"0.5603009692477676","10","5","Florida, Dixie","-83.1572,29.6063","0.5721947166898549","0.681818181818182","0.4828182041068724","0.9904","0.75","0.36515492191213655","0.5154309475954534","0.3053892215568862","0.6661358670949733","0.5178930538797769","0.6391440168172686","0.0"
"0.5602977387442164","8","5","Louisiana, Richland","-91.7663,32.4139","0.6370103095465255","0.311320754716981","0.5177363678050511","0.8513","0.825","0.17214552458425092","0.5910599434555792","0.39520958083832336","0.5494974081927578","0.5379731315122441","0.5961932241870925","0.43884080500520517"
"0.5601779487341224","7","5","South Dakota, Brown","-98.3517,45.5899","0.7236353064057768","0.737113402061856","0.5276576669459297","0.758","0.675","1.0","0.5534570111060954","0.17365269461077848","0.5494974081927578","0.262996440065229","0.12738582040320703","0.39386470161432857"
"0.5601439561335381","10","4","Texas, Henderson","-95.8585,32.2113","0.43064067430067077","0.416666666666667","0.5443642614846876","0.618","1.0","0.7194085185102618","0.520398657892949","0.44311377245508987","0.6476236650502001","0.4171318970254684","0.5461806950457874","0.5212859302395428"
"0.5597635824910805","10","4","Ohio, Montgomery","-84.2905,39.7539","0.47169139578170743","0.378","0.7109149140028819","0.6422","1.0","0.672432174036711","0.5202797593079316","0.5389221556886228","0.5648909983668218","0.4479479170134728","0.3537523415687357","0.35495206339811963"
"0.5597436307215539","8","4","North Carolina, Pender","-77.9035,34.5227","0.49746032614778535","0.636363636363636","0.5262215136738666","0.5269","1.0","0.751491911899152","0.5963966609713282","0.38323353293413176","0.5691748594129424","0.40022459595300786","0.4189981022801826","0.5246431466870609"
"0.5596833704335452","8","2","Louisiana, Ouachita","-92.157,32.4765","0.5979453637525438","0.189044038668099","0.6495208010768743","0.9516","1.0","0.17214552458425092","0.5834937242452396","0.38922155688622756","0.48601108590571473","0.5031015094408273","0.5188351931649628","0.3054546127996175"
"0.5596295067687044","6","9","Colorado, Adams","-104.3363,39.8743","0.6380984140915931","0.328155339805825","0.6981796111453099","0.5524","1.0","0.903104230085054","0.5405084978334441","0.3712574850299401","0.35686496197471207","0.24821133819685365","0.31791681740190547","0.4952043756193816"
"0.5590512474927454","8","2","Louisiana, Caddo","-93.8838,32.5799","0.5924188398090245","0.141094420600858","0.6666632770809995","0.8103","1.0","0.17214552458425092","0.6559675525551599","0.43712574850299407","0.5357771420024626","0.5068824395442135","0.49451000762890884","0.31434918387467287"
"0.5589322938018444","7","5","Iowa, Buena Vista","-95.151,42.7355","0.7304765848039169","0.939024390243902","0.6138054111437913","0.7052","0.675","0.5306255646958271","0.4133860292352635","0.34131736526946105","0.4965101409658336","0.2633522309153966","0.4043188416363773","0.49486886305872185"
"0.5588677568532838","10","4","Texas, Cameron","-97.4814,26.1452","0.4789903151743375","0.276632302405498","0.6840217923348523","0.8596","1.0","0.7194085185102618","0.22664297736509928","0.37724550898203596","0.452613368495235","0.2605656019864181","0.8513885183167085","0.4371374710736893"
"0.5587927166317972","8","2","Georgia, Habersham","-83.5309,34.6333","0.6337832027839532","0.173913043478261","0.5749371435402456","0.7163","1.0","0.49930824224945697","0.48276522276393824","0.40119760479041916","0.5837920978957992","0.2575949555032307","0.5248179338337804","0.5455624572431615"
"0.5587809491187158","8","4","Texas, Bastrop","-97.3121,30.1037","0.5216860556380951","0.371212121212121","0.5702508583702582","0.8032","0.825","0.7194085185102618","0.596351132976224","0.4251497005988024","0.49129758316188105","0.3747012298317367","0.4846339680099352","0.4098953456470978"
"0.5583624810707705","10","4","Mississippi, Tippah","-88.9099,34.7687","0.5268777735427099","0.188405797101449","0.5334351212036578","0.6068","0.825","0.5163989158141343","0.5394398517777792","0.4131736526946108","0.5380992168517501","0.6937112312328926","0.6276299236830564","0.5488915354385024"
"0.5581892005675315","8","4","Georgia, Bleckley","-83.3304,32.4383","0.58517758966211","0.393939393939394","0.44026923849926275","0.6125","1.0","0.49930824224945697","0.5184099759578538","0.47904191616766467","0.5539608364828539","0.4272346572206044","0.5454934998039787","0.48246593917499414"
"0.5580971843533317","7","5","Indiana, Cass","-86.3483,40.7614","0.8173427577506985","0.211340206185567","0.5682286882376971","0.5088","0.75","0.4061590902707796","0.40553027754759174","0.5389221556886228","0.560557323866868","0.47527133392119103","0.4483935630370832","0.33065074875456524"
"0.5580970979945512","8","5","Mississippi, Wilkinson","-91.3102,31.1608","0.5863516436001723","0.115384615384615","0.4360839783131851","0.8201","0.675","0.5163989158141343","0.627730415643027","0.34131736526946105","0.5472454870957077","0.5809573359575508","0.6899286414232426","0.43576033744568704"
"0.5580876446645856","8","5","Alabama, Marengo","-87.788,32.2477","0.6791877579557503","0.450980392156863","0.5243662523568229","0.4088","0.75","0.40374195381018385","0.5901927288647635","0.4550898203592814","0.5978576089534523","0.5796608672203684","0.5621934099744561","0.3614666516003683"
"0.5580370888683978","10","4","Texas, San Augustine","-94.17,31.3946","0.47451775423072545","0.136363636363636","0.46392960807124667","0.7819","0.575","0.7194085185102618","0.6188727351867842","0.37724550898203596","0.7109436441933698","0.5875822621408097","0.6520202680206779","0.4681697239823083"
"0.5579467808058695","8","5","Georgia, Burke","-81.9993,33.0592","0.5998465411655066","0.232142857142857","0.5224637225917005","0.6613","0.75","0.49930824224945697","0.6369887424999416","0.47904191616766467","0.5016507991249867","0.48380970126019907","0.5774425073494405","0.4932826946895652"
"0.5578578883034246","8","2","Illinois, Rock Island","-90.5704,41.4661","0.5942603607249497","0.27719298245614","0.6627906554734077","0.7816","1.0","0.42780561490378566","0.528912418740678","0.47904191616766467","0.5858342498966352","0.36314218603399034","0.30718874772897964","0.4253208436144452"
"0.5576343841272783","8","4","Georgia, Franklin","-83.2316,34.3753","0.5038425870279591","0.354838709677419","0.5546757710066691","0.688","1.0","0.49930824224945697","0.4814515495590212","0.44910179640718567","0.6075890184122873","0.42155283486705436","0.6042105423791997","0.45502844860299335"
"0.5574061090921294","10","4","Georgia, Dodge","-83.1695,32.1727","0.4936042549502833","0.236842105263158","0.5151868590749432","0.9602","0.75","0.49930824224945697","0.5990367492188454","0.48502994011976047","0.5561726637917245","0.46483982804844287","0.5963528511396311","0.3780350800030537"
"0.5572426395736872","8","9","Georgia, Worth","-83.8509,31.5516","0.6364380225572239","0.169230769230769","0.5446823608803358","0.2407","0.75","0.49930824224945697","0.5708384930402403","0.47904191616766467","0.5817386943120182","0.7114433921681319","0.6425736951495813","0.538991519390436"
"0.5571260633681934","8","2","Illinois, Coles","-88.2236,39.5195","0.5840641888984582","0.698630136986301","0.6132575935842044","0.7631","1.0","0.42780561490378566","0.3521909541009211","0.5149700598802395","0.5380992168517501","0.3604039613499763","0.35431357927591617","0.4609185428326557"
"0.5571130701343385","8","9","Ohio, Mahoning","-80.7729,41.0163","0.6183857016286387","0.263552960800667","0.6418249846940678","0.4422","1.0","0.672432174036711","0.48419150323875465","0.502994011976048","0.6189409155096902","0.39787709262914656","0.35059153412764904","0.3502408519904658"
"0.5570437960986087","8","5","Louisiana, St. Mary","-91.447,29.6926","0.6207442904048885","0.260223048327138","0.5972961567918977","0.7908","0.825","0.17214552458425092","0.7555643773906404","0.3592814371257485","0.5287228277828","0.4981681257594198","0.5534015740573986","0.40139035512932575"
"0.5568064969575545","10","4","Kentucky, Perry","-83.2292,37.2502","0.4246588767340003","0.315789473684211","0.571774270610542","0.9831","1.0","0.6498233878958141","0.265691448159586","0.39520958083832336","0.5287228277828","0.6452059455589765","0.5802195076489529","0.24158462959466095"
"0.5567631289037497","8","5","Texas, Dawson","-101.9477,32.7426","0.5783734746294747","0.315789473684211","0.5249735925293944","0.8752","0.675","0.7194085185102618","0.527454254175536","0.25748502994011974","0.4939129750014257","0.383277159152321","0.6509418777434368","0.4961145616571645"
"0.5566822216875914","10","4","Arizona, Maricopa","-112.4918,33.3484","0.5296664395856703","0.376972942502818","0.7290967847844378","0.7259","1.0","0.6267102942890856","0.6107802475859518","0.4550898203592814","0.49908933331939354","0.22542919834417996","0.3334491981167895","0.4806606481603755"
"0.5566780264867719","8","5","Georgia, Johnson","-82.6617,32.7021","0.6067708758142378","0.169014084507042","0.4768085508245129","0.993","0.575","0.49930824224945697","0.6061107914927488","0.4670658682634731","0.5734100391661536","0.49897425820461005","0.6673633490945774","0.0"
"0.5565463892820367","8","4","Texas, Wilbarger","-99.2418,34.0795","0.45770200864550536","0.8","0.5167623824716687","0.8577","0.75","0.7194085185102618","0.591659368251219","0.29940119760479045","0.5755097168756041","0.3839246487923901","0.516004055348163","0.4044099131151953"
"0.556190731014641","8","4","Colorado, Prowers","-102.3926,37.9554","0.5511990248184876","0.9","0.5105929513699945","0.7367","0.675","0.903104230085054","0.38414076455014157","0.2035928143712575","0.560557323866868","0.3471121092799287","0.5656801325363936","0.4758124991543095"
"0.5559192523224477","10","1","Texas, Falls","-96.9363,31.2535","0.3499753505393112","0.333333333333333","0.49636447172271764","0.9987","0.675","0.7194085185102618","0.6619556681929663","0.4191616766467066","0.5627304600978258","0.4451703337774771","0.6916295525927814","0.4745298589498279"
"0.555895050251304","10","4","South Carolina, Richland","-80.9027,34.0179","0.5397644916933865","0.225859247135843","0.6616894090889791","0.8211","1.0","0.6761677914855059","0.6219704121043937","0.407185628742515","0.42544161229202965","0.3358504076847301","0.34513684620015794","0.3836103354832037"
"0.5558259277997891","7","5","Minnesota, Stearns","-94.6108,45.5519","0.7973279429684014","0.682985074626866","0.6082450977007918","0.7806","0.675","0.7794980274392814","0.45313115212567623","0.23952095808383234","0.4886637078344629","0.22234810280248185","0.16242623763269595","0.4071568382874126"
"0.5555999626368494","8","2","Virginia, Williamsburg City","-76.7091,37.2813","0.6260444126773389","0.511627906976744","0.7300883356432556","0.8348","0.75","0.5881367906958894","0.5483841542047659","0.34131736526946105","0.5067215141840639","0.28059481398687913","0.32261999907711886","0.44282314943492884"
"0.5554978784475201","6","4","Alabama, Dale","-85.611,31.4304","0.5377796130041305","0.533333333333333","0.5570109213590679","0.455","1.0","0.40374195381018385","0.6168910241345296","0.47904191616766467","0.5380992168517501","0.4890758600911593","0.5482728012507584","0.49094817550378883"
"0.5554646565348688","8","5","Georgia, Stewart","-84.8321,32.08","0.6553422465582612","0.324324324324324","0.4482264598853721","0.7759","0.5","0.49930824224945697","0.7089659711458394","0.47904191616766467","0.5142005305328247","0.49677267168273626","0.7203746364641492","0.0"
"0.5553178417300721","8","5","Virginia, Greensville","-77.5635,36.6788","0.5778171479560031","0.22","0.5363848283544073","0.9567","0.75","0.5881367906958894","0.6160457515661735","0.37724550898203596","0.5067215141840639","0.4711187251713008","0.5845770327820229","0.0"
"0.5553038122110292","10","7","South Carolina, Colleton","-80.6764,32.8758","0.5097373578786514","0.372549019607843","0.4636908527521772","0.4473","0.825","0.6761677914855059","0.6838647310704925","0.4191616766467066","0.6037268925796017","0.570343703488025","0.5859779470157209","0.41089230619817174"
"0.5551669211800611","8","4","Texas, Coryell","-97.7994,31.3908","0.5669231831898567","0.285714285714286","0.5806030090638212","0.6734","0.825","0.7194085185102618","0.6295506653631404","0.38922155688622756","0.3335641371157166","0.3818855496990886","0.49683016963936544","0.6999156152827133"
"0.5550315865481177","10","4","Texas, Bexar","-98.5202,29.4493","0.461703506080229","0.303301886792453","0.753888057590082","0.781","1.0","0.7194085185102618","0.5605154348353699","0.44311377245508987","0.4159255598121659","0.25357873852623125","0.4941902692717753","0.42072954450739203"
"0.5549658034604806","7","5","Texas, Shelby","-94.1455,31.7921","0.6693513211646392","0.323699421965318","0.5145915274185971","0.5294","0.675","0.7194085185102618","0.6236098535457156","0.407185628742515","0.5539608364828539","0.33042689336998965","0.7482612712918193","0.0"
"0.5549162214431925","8","5","Georgia, Quitman","-85.0177,31.8673","0.6135839108231795","0.375","0.47279110890311704","0.6065","0.5","0.49930824224945697","0.6826658312458777","0.4730538922155689","0.7266232409599707","0.4520486530628583","0.802002022345109","0.0"
"0.554891648554955","8","2","Georgia, DeKalb","-84.224,33.7694","0.568046060127811","0.233654876741693","0.7953742752471666","0.7208","1.0","0.49930824224945697","0.6571357962063848","0.43113772455089816","0.41269877075759065","0.2454577475074361","0.4146654053149962","0.4452501128252657"
"0.5546457664030102","7","2","Virginia, Culpeper","-77.9563,38.482","0.7232780176014163","0.515068493150685","0.6021277594066825","0.5718","0.825","0.5881367906958894","0.5798336851659213","0.34730538922155696","0.5117241638959221","0.2994703213500428","0.27810333628808714","0.5276826868692854"
"0.5542528629408492","2","4","Florida, Suwannee","-82.991,30.1975","0.4426613322830914","0.0784313725490196","0.49200642619981355","0.9312","1.0","0.36515492191213655","0.5633315248308569","0.3652694610778443","0.6207997313712245","0.49316081855675015","0.6023720468256825","0.6979936780081383"
"0.5541447683797652","8","5","Louisiana, Winn","-92.6379,31.9445","0.6937239732745979","0.4875","0.4866478015068252","0.6651","0.675","0.17214552458425092","0.6625893553724674","0.38323353293413176","0.5691748594129424","0.5959929194093035","0.5457053264655796","0.3863207037501408"
"0.5540182712265947","8","5","Louisiana, Jackson","-92.5569,32.3025","0.6450815171280219","0.411764705882353","0.5087600453077905","0.8395","0.75","0.17214552458425092","0.5739675969942887","0.38922155688622756","0.6056629582719985","0.4437009306033524","0.5692473952526848","0.5088724733412193"
"0.5539617740079696","2","4","Florida, Putnam","-81.7423,29.6078","0.37717698682354756","0.0859375","0.5785491664670895","0.9064","1.0","0.36515492191213655","0.5827810478004815","0.29940119760479045","0.6611775880966219","0.5837296259195508","0.6968905808107815","0.5290536588585967"
"0.5538148504307724","8","2","Pennsylvania, Berks","-75.9246,40.4157","0.6579300242911132","0.228657699698051","0.6690604651227466","0.623","1.0","0.5168765274771758","0.4745448324282347","0.4191616766467066","0.5494974081927578","0.36466994722548396","0.31026090044377025","0.4729199245419401"
"0.5537710071438041","10","4","Mississippi, Coahoma","-90.6042,34.2277","0.4953960736027984","0.131578947368421","0.5580375221163156","0.8188","0.675","0.5163989158141343","0.5990967518794953","0.43113772455089816","0.4886637078344629","0.6969664477753541","0.679678362590806","0.30815699808975877"
"0.5537376837142084","8","4","Illinois, Knox","-90.2133,40.9315","0.5449558721394842","0.406976744186047","0.5739125375902832","0.8294","1.0","0.42780561490378566","0.466709135939644","0.48502994011976047","0.626321192473144","0.3851787224044062","0.36723440006850155","0.3885029009726931"
"0.5536220233990885","8","5","Georgia, Atkinson","-82.8755,31.2963","0.5926264111481897","0.45","0.5259103108536283","0.7042","0.675","0.49930824224945697","0.6527568101049733","0.44311377245508987","0.4496902805094778","0.47008208069763496","0.7936477677478708","0.0"
"0.5535158616090278","10","4","Georgia, Pulaski","-83.4755,32.2333","0.4736041396788589","0.114285714285714","0.5347844533554413","0.8701","0.75","0.49930824224945697","0.6010236526312516","0.47904191616766467","0.5978576089534523","0.548224073648272","0.606880115435236","0.38115000266413734"
"0.5534567474009937","8","4","Georgia, Chatham","-81.1249,32.0004","0.49212414424158624","0.350282485875706","0.7083266192070634","0.8208","1.0","0.49930824224945697","0.6051795712512603","0.4131736526946108","0.4965101409658336","0.3398046013634186","0.4311625722999277","0.3969846778780639"
"0.5534519134019021","10","4","Texas, Brazos","-96.3021,30.6636","0.5054879846426944","0.352564102564103","0.679417029800856","0.914","1.0","0.7194085185102618","0.5375185813786061","0.4251497005988024","0.30440018439969097","0.21523645645438447","0.45385248992006666","0.45832788714464506"
"0.553203500382069","2","1","Oklahoma, Carter","-97.2855,34.251","0.33851221304223245","0.625","0.5367535621770686","0.7335","1.0","0.6933119590201189","0.7472537801813335","0.38922155688622756","0.5380992168517501","0.4430272502975049","0.48415278600505207","0.38188622150245255"
"0.5531093165912531","8","5","Alabama, Pickens","-88.0882,33.2809","0.5992896924741721","0.298701298701299","0.48649437524314615","0.8163","0.675","0.40374195381018385","0.566624362939984","0.44910179640718567","0.5878652729484978","0.46793087205908923","0.5945934423842986","0.43727900212439946"
"0.553030064996986","8","4","Georgia, Stephens","-83.2941,34.5515","0.49995127815073687","0.122448979591837","0.586348611734011","0.7781","1.0","0.49930824224945697","0.5129973965085649","0.407185628742515","0.6017807168377609","0.42508699030562813","0.5891162274361913","0.40369862695087577"
"0.552810025491645","8","2","Delaware, Sussex","-75.3903,38.6614","0.7716224415030236","0.355112083105522","0.6104168248225694","0.4247","1.0","0.2712393218741049","0.5961045097593256","0.3712574850299401","0.7181526079808993","0.35471989366895773","0.21976586189894792","0.47431333660099556"
"0.5527608667789242","10","4","Arizona, Pima","-111.789,32.0971","0.5004188584060066","0.27007299270073","0.7030431888558037","0.9825","0.825","0.6267102942890856","0.6065804571993366","0.29341317365269465","0.5938927650957907","0.23283188419832265","0.4222514400640155","0.47440797803224294"
"0.5526347273212253","8","2","Pennsylvania, Delaware","-75.4024,39.9168","0.6935626731915158","0.28010801080108","0.7730580977366867","0.7272","0.825","0.5168765274771758","0.49758849741928746","0.532934131736527","0.5287228277828","0.26668816282876145","0.137819222112911","0.45617187208367493"
"0.5525343755315173","8","9","Kentucky, Grayson","-86.3425,37.4623","0.6115393115906888","0.330097087378641","0.47869674832936576","0.5501","1.0","0.6498233878958141","0.24342032584360862","0.4970059880239522","0.5539608364828539","0.5449382199118187","0.47708596274733245","0.4355028044863567"
"0.5522972113330318","8","9","Mississippi, Clay","-88.7778,33.6536","0.6380891991215725","0.40506329113924","0.5449200994119202","0.2375","0.825","0.5163989158141343","0.6072500170826202","0.44311377245508987","0.5670390838965326","0.5167968446289123","0.6352902007096981","0.4253031285808752"
"0.5522541219483044","10","4","South Carolina, Pickens","-82.7279,34.8881","0.43966325985249327","0.362637362637363","0.5673941585860083","0.9175","1.0","0.6761677914855059","0.4154696678098606","0.44311377245508987","0.5334405085950897","0.34490224274900777","0.4591485197991317","0.5311260638483917"
"0.5522101060043764","10","4","North Carolina, Durham","-78.8761,36.0364","0.5463072789089973","0.229979466119097","0.7353040039380723","0.9019","0.75","0.751491911899152","0.6825577687094434","0.4550898203592814","0.43165328621112686","0.19443912175955028","0.33347027178123695","0.37192442012960014"
"0.5518318666063856","8","4","Louisiana, Webster","-93.3312,32.7085","0.5173510439538405","0.185840707964602","0.5519415829694797","0.9134","1.0","0.17214552458425092","0.6305225564543246","0.4131736526946108","0.5978576089534523","0.49295204206895643","0.5571796945311783","0.364855412913332"
"0.5516214815585795","8","4","Michigan, Van Buren","-86.0194,42.2519","0.5414144329683885","0.463636363636364","0.5687816525530545","0.6842","1.0","0.41517557433580937","0.49345897612443246","0.5269461077844312","0.558371441896005","0.403002710207766","0.3842558652913235","0.5514438541005348"
"0.551528540144037","8","4","Florida, Polk","-81.6973,27.9503","0.4511826939037078","0.28808864265928","0.6587520818218354","0.9013","1.0","0.36515492191213655","0.5683463197514504","0.3173652694610779","0.6189409155096902","0.43758755792545845","0.5296322972559061","0.45005266414799516"
"0.5514715183394863","6","9","North Carolina, Chatham","-79.2554,35.7039","0.6452646270354436","0.255952380952381","0.5539617054136616","0.283","1.0","0.751491911899152","0.6045801422241948","0.43712574850299407","0.6774549264631455","0.22680030573837365","0.2692755298058522","0.6971319022628094"
"0.5514006033494296","8","2","New Jersey, Middlesex","-74.4143,40.4363","0.6942734601307678","0.158536585365854","0.7899517613475465","0.907","0.675","0.7118730106573777","0.5254391831881451","0.40119760479041916","0.4939129750014257","0.18351034901998775","0.17297651340097336","0.4333884029042947"
"0.5511692163611349","10","4","Georgia, Dade","-85.5049,34.8549","0.4563522811912161","0.25","0.5885532800716373","0.9118","1.0","0.49930824224945697","0.319419268779149","0.44910179640718567","0.5817386943120182","0.5167636495360645","0.46103013158565637","0.5920388771899561"
"0.551168108664821","8","4","Texas, Hale","-101.8268,34.0704","0.5093069253667938","0.395348837209302","0.5512065143472252","0.8628","0.75","0.7194085185102618","0.5566692005596108","0.2754491017964072","0.46408171358848016","0.2900502409254848","0.7097164490003393","0.47855577512163683"
"0.5510053453605646","10","4","Georgia, Jeff Davis","-82.6372,31.8041","0.44048780185084596","0.166666666666667","0.5289400261715153","0.8344","0.825","0.49930824224945697","0.5878358570589018","0.4550898203592814","0.5191044408593759","0.5405270116024065","0.6826114775654493","0.4603942063604408"
"0.5509458903528175","10","4","Mississippi, Marshall","-89.503,34.7622","0.5271199766139125","0.318181818181818","0.5233520584261223","0.5368","0.825","0.5163989158141343","0.6370132925537914","0.4191616766467066","0.5449798764246452","0.5457019874773811","0.5866268705450849","0.5497962017933247"
"0.5508588262242292","8","5","Arkansas, Union","-92.5975,33.1689","0.6166839437769008","0.495327102803738","0.5438377821284267","0.503","0.75","0.5574725952297617","0.6245395674969564","0.407185628742515","0.5561726637917245","0.4704171185860402","0.4905416186100319","0.3863898847465736"
"0.5508108492965526","10","7","North Carolina, Jones","-77.3587,35.0225","0.48860541678517583","0.19047619047619","0.4978043762068292","0.6568","0.675","0.751491911899152","0.6734642397914852","0.38922155688622756","0.6406572602088578","0.6078690202519262","0.6760756137613936","0.0"
"0.550597085614466","10","4","Oklahoma, Oklahoma","-97.4072,35.5514","0.45801005737514155","0.231775700934579","0.7009292610602543","0.6765","1.0","0.6933119590201189","0.7471881977382515","0.4191616766467066","0.45839165180163993","0.35028730876022873","0.3925156517375903","0.36652973902178326"
"0.550591906889113","8","2","New York, Kings","-73.9494,40.6362","0.6698374500045462","0.10994210536439","0.9384000699004459","0.9096","0.75","0.1452368843520714","0.666060364750151","0.4251497005988024","0.46408171358848016","0.18510128117969607","0.4370908121124157","0.4642266638765763"
"0.5505411922673306","2","1","Oklahoma, Muskogee","-95.378,35.6132","0.20140229914229027","0.0689655172413793","0.5432766023059175","0.9529","1.0","0.6933119590201189","0.8557885949620264","0.43113772455089816","0.540406913436432","0.5460418242973885","0.6018984949406856","0.35802856670349964"
"0.5505373275354154","10","4","Kentucky, Jefferson","-85.6593,38.1866","0.5397720251709438","0.275067024128686","0.7758351442473156","0.7128","0.825","0.6498233878958141","0.49183578271849077","0.592814371257485","0.5191044408593759","0.40777499877450957","0.2476928273603019","0.3441441321753956"
"0.5503285688940217","8","9","Indiana, Clinton","-86.4728,40.3032","0.6808331141060168","0.626984126984127","0.5565031388465577","0.453","1.0","0.4061590902707796","0.2519643048834843","0.5089820359281437","0.5357771420024626","0.48229701955045595","0.37079584936011756","0.5961073631523267"
"0.5502817955509001","7","5","Texas, Deaf Smith","-102.6054,34.9652","0.7486926261197134","0.716666666666667","0.4705126140541026","0.6062","0.675","0.7194085185102618","0.4077441133657128","0.23952095808383234","0.4377631248108773","0.2256413993320044","0.6340377710312447","0.46525809313119465"
"0.5502306489301685","8","5","Georgia, Clay","-84.9771,31.6222","0.6191280659412476","0.137931034482759","0.40769039612219504","0.7606","0.575","0.49930824224945697","0.6488030403270366","0.44910179640718567","0.6661358670949733","0.5391747997529058","0.7152832875788552","0.0"
"0.5501378804358024","7","5","Texas, Moore","-101.893,35.8377","0.7905717237071846","0.285433070866142","0.5465492813726766","0.4922","0.75","0.7194085185102618","0.5181953274437991","0.23353293413173656","0.37522787829441234","0.25464413244695294","0.5948210137377281","0.545997149617858"
"0.5499906787699013","8","4","California, Riverside","-115.9934,33.7431","0.5272878183668491","0.258810964756141","0.6834517653680756","0.6632","0.825","0.5528135213810501","0.5862009947395281","0.7065868263473054","0.4806485213347297","0.2094257325703754","0.46400551500220855","0.5118511591706005"
"0.5499170620445433","8","5","Texas, Collingsworth","-100.27,34.9649","0.6163509690471287","1.0","0.37190726549067926","0.5947","0.5","0.7194085185102618","0.6168193063293913","0.25748502994011974","0.5817386943120182","0.28899865409948466","0.7237323736661067","0.3565920211818171"
"0.549887865160407","2","7","Virginia, Martinsville City","-79.8635,36.6821","0.3819560212884125","0.5","0.6963575378099248","0.5597","1.0","0.5881367906958894","0.6460232478983577","0.38922155688622756","0.6037268925796017","0.48341427545425386","0.5955783334146809","0.21309925309024086"
"0.5498851123449453","8","2","Tennessee, Shelby","-89.8969,35.1865","0.5919790061251132","0.274110296115186","0.7339382836810492","0.6972","1.0","0.26145055415676854","0.6260208897855559","0.38922155688622756","0.4496902805094778","0.4388481677584069","0.4695655712519368","0.38125187382403397"
"0.5498102325680823","8","5","Georgia, Miller","-84.7315,31.1657","0.5896401883211946","0.166666666666667","0.4798779005840982","0.8819","0.5","0.49930824224945697","0.5852567186914079","0.4550898203592814","0.6424111072462477","0.49207098339677585","0.5882846654816162","0.3819893299116503"
"0.5496461540392036","2","4","Arkansas, Hot Spring","-92.954,34.3171","0.4522629518035573","0.344827586206897","0.5420787644619157","0.8462","0.825","0.5574725952297617","0.53937615361539","0.43113772455089816","0.5858342498966352","0.520503977336692","0.5046505580706019","0.4305034594316177"
"0.5495509635031642","10","4","Ohio, Jackson","-82.6182,39.0191","0.4179578204427942","0.636363636363636","0.5050218522292628","0.6578","1.0","0.672432174036711","0.2474917836273935","0.44311377245508987","0.5449798764246452","0.5825767652009772","0.5520667875293804","0.6016553259945769"
"0.5492844937721171","8","4","Alabama, Tuscaloosa","-87.5256,33.2873","0.5316172778740386","0.373913043478261","0.6387607411293372","0.809","1.0","0.40374195381018385","0.5765381669303161","0.4970059880239522","0.4437744133187831","0.3860985791869958","0.39460824239461745","0.4010567418661029"
"0.5490823085143658","8","4","North Carolina, Granville","-78.6518,36.3034","0.5188772214771228","0.173684210526316","0.5625221454705592","0.517","1.0","0.751491911899152","0.66148971861807","0.44910179640718567","0.540406913436432","0.36437953126200623","0.4037806154018693","0.4586421299566638"
"0.5490733119810894","6","4","Georgia, Polk","-85.1868,34.0027","0.5022760419515623","0.253164556962025","0.5963813726029441","0.4511","1.0","0.49930824224945697","0.5693762447139665","0.4730538922155689","0.5142005305328247","0.470815772516388","0.5918730018623549","0.6300699194203928"
"0.5490655367776452","2","4","Alabama, Talladega","-86.1689,33.3782","0.3953200279386208","0.179487179487179","0.5783318833445583","0.7985","1.0","0.40374195381018385","0.5973574269857527","0.5089820359281437","0.560557323866868","0.5608920953394482","0.5730715386718093","0.40768258436731897"
"0.5490612589789736","10","4","Virginia, Hampton City","-76.3588,37.0351","0.4412493891824952","0.227848101265823","0.7593388759992394","0.8061","1.0","0.5881367906958894","0.6624328388682681","0.34131736526946105","0.49908933331939354","0.46621056280504064","0.34175076855290903","0.36368335627563836"
"0.5489407836639311","10","4","Georgia, Clarke","-83.3712,33.9544","0.4528851892435191","0.195876288659794","0.7197716913352145","0.9551","1.0","0.49930824224945697","0.5799544355671894","0.47904191616766467","0.37162696325125594","0.26325590377700264","0.5773404090785831","0.3724182338681534"
"0.548903522724507","8","4","Florida, Walton","-86.1694,30.642","0.5035189636405826","0.441558441558442","0.5731804864563127","0.9503","1.0","0.36515492191213655","0.48594083192761645","0.4251497005988024","0.6075890184122873","0.39073188861854263","0.32687494148727514","0.5135912295253765"
"0.5487283516100004","8","4","Kentucky, Adair","-85.2813,37.1046","0.5234203020946138","0.119565217391304","0.5302505005339895","0.9303","0.75","0.6498233878958141","0.3349595052604667","0.44311377245508987","0.5712984652022484","0.5558517883973924","0.5260056891627227","0.3983358445701903"
"0.5487239610048742","7","9","Ohio, Pickaway","-83.0243,39.6417","0.7568069998596166","0.142715067130781","0.544113750556157","0.3655","1.0","0.672432174036711","0.36586876319904366","0.5089820359281437","0.5142005305328247","0.41261255378487094","0.2508886364624536","0.5221520696925831"
"0.5486014154402485","8","2","Alabama, Elmore","-86.1442,32.5979","0.5999036409575651","0.50531914893617","0.5692843371716975","0.5177","1.0","0.40374195381018385","0.5796204422411683","0.532934131736527","0.49908933331939354","0.4166142968836402","0.33596447319290607","0.5003000955711824"
"0.5483648213326071","10","4","Alabama, Jefferson","-86.8951,33.5555","0.5161746270422339","0.271747498075443","0.7131715760532503","0.6211","1.0","0.40374195381018385","0.5905968650968513","0.6227544910179641","0.5117241638959221","0.42360075328414215","0.37312945491513555","0.33686138388166786"
"0.5483571089969403","10","5","Georgia, Treutlen","-82.569,32.4042","0.5503813674502024","0.625","0.5005573439345553","0.9401","0.575","0.49930824224945697","0.5720671099530521","0.4550898203592814","0.6037268925796017","0.3553944698003063","0.6647665649599946","0.0"
"0.5483276331065021","10","4","North Carolina, Person","-78.9722,36.3899","0.4236427543396833","0.290322580645161","0.572407735329168","0.6224","1.0","0.751491911899152","0.651783475692178","0.4251497005988024","0.5878652729484978","0.34122436951262475","0.47832725002849186","0.4383550433011452"
"0.5483167690285491","8","5","Arizona, Coconino","-111.7707,35.8388","0.673492355252245","0.389749702026222","0.4990707842492519","0.9713","0.675","0.6267102942890856","0.6868968234167828","0.155688622754491","0.4159255598121659","0.24583968243854948","0.463969544437031","0.46990512463156414"
"0.5482413155635397","10","4","South Dakota, Pennington","-102.8241,44.0026","0.46118379798520975","0.73469387755102","0.5352845244089142","0.8118","1.0","1.0","0.599092095793509","0.14970059880239522","0.5517358041566147","0.28380618153219894","0.2051598746286524","0.39226186296685356"
"0.5482359038310664","8","2","Wisconsin, Kenosha","-88.0405,42.5764","0.6454140229310843","0.364634146341463","0.6761042646593534","0.6135","1.0","0.5349291819271391","0.5073018101849586","0.49101796407185627","0.46408171358848016","0.27892654044739157","0.2777592542151265","0.42695187659116346"
"0.548208759685401","8","5","Texas, Jones","-99.8786,32.74","0.6571292114230716","0.386138613861386","0.47789493416394146","0.5712","0.675","0.7194085185102618","0.6207662272014974","0.3053892215568862","0.5092312328105775","0.4106039219508912","0.541562413593434","0.3713213815833027"
"0.548185917656575","8","4","Virginia, Prince Edward","-78.436,37.2255","0.5575129689620272","0.246575342465753","0.5714130862465713","0.8606","0.75","0.5881367906958894","0.5744425685743807","0.3592814371257485","0.5287228277828","0.43434052651896754","0.4859213993494536","0.36479048155086485"
"0.5481836188784178","8","2","Iowa, Black Hawk","-92.3052,42.4705","0.6780095808641378","0.201145767027371","0.7228965534919621","0.6663","1.0","0.5306255646958271","0.4763197515286527","0.38323353293413176","0.5239446622367122","0.32745921242557857","0.2202609719004485","0.41131630218575893"
"0.5481096741269919","10","2","Kentucky, Daviess","-87.0902,37.7303","0.5747727372006946","0.32404181184669","0.6405325010107709","0.7071","1.0","0.6498233878958141","0.33616869024291396","0.5508982035928144","0.5449798764246452","0.356897297660179","0.2855216295126255","0.36099318264510644"
"0.5480269378543963","8","5","Mississippi, Choctaw","-89.2481,33.346","0.5656617485698437","0.35","0.43147383821908775","0.8074","0.5","0.5163989158141343","0.5714088963691609","0.407185628742515","0.6353456481032828","0.58352534858809","0.5942800019038966","0.42832814803035524"
"0.548006235776406","6","9","Illinois, Kane","-88.4286,41.9384","0.7491794661477994","0.577058409570725","0.7000308974914159","0.2958","1.0","0.42780561490378566","0.5142449681911166","0.5868263473053893","0.44674408486908573","0.21739065632390298","0.26202267695852766","0.4754696620139778"
"0.5477161348617027","8","5","Mississippi, Humphreys","-90.5225,33.1283","0.6796139783962073","0.454545454545455","0.5160213577001881","0.5046","0.5","0.5163989158141343","0.6165041230389817","0.4131736526946108","0.5239446622367122","0.6012761189875241","0.7282251820358879","0.0"
"0.5476291076617822","7","9","Kansas, Leavenworth","-95.0362,39.2018","0.7950085756728605","0.597077244258873","0.5968575242471872","0.3308","1.0","0.535277945802919","0.5471512619721776","0.4251497005988024","0.47245716285929296","0.35731795415831974","0.09907117218382872","0.39044212527632605"
"0.5473779846946553","2","4","Texas, Smith","-95.2718,32.3747","0.4021393663385643","0.227513227513228","0.6452646208174047","0.7252","1.0","0.7194085185102618","0.6039044467399626","0.43712574850299407","0.5334405085950897","0.3602282798377028","0.5087463579802758","0.37960259619294884"
"0.5471587026693047","10","4","Indiana, Vigo","-87.3917,39.4294","0.47414402169331715","0.367924528301887","0.6629866708796817","0.8421","1.0","0.4061590902707796","0.4505543443290894","0.4970059880239522","0.5239446622367122","0.43386561899552584","0.46471342056942255","0.37766333935381624"
"0.5469400267949296","6","9","New Jersey, Cape May","-74.8017,39.1501","0.6450959723020288","0.326","0.6312829643118846","0.5202","1.0","0.7118730106573777","0.3860779481091214","0.3592814371257485","0.7050743605672205","0.3051914111621493","0.2189702705095503","0.446118003476995"
"0.546556107668602","2","4","Arkansas, Miller","-93.8929,33.314","0.40023440900530316","0.19047619047619","0.5919527748125217","0.9822","1.0","0.5574725952297617","0.639870450386207","0.4251497005988024","0.5357771420024626","0.4674409669613705","0.5362635981150455","0.0"
"0.5465450710215524","10","4","North Carolina, Catawba","-81.2133,35.6621","0.4346247074831335","0.416666666666667","0.6460939374230363","0.6616","1.0","0.751491911899152","0.5082250955085023","0.44910179640718567","0.560557323866868","0.32425567765221547","0.43662682815552994","0.3979314296314958"
"0.5464869760469779","6","2","Illinois, Lake","-88.0037,42.3225","0.7174258743544848","0.377154497022877","0.7175600967705097","0.5365","1.0","0.42780561490378566","0.5212312440295588","0.5748502994011976","0.46408171358848016","0.19104013110600213","0.15508848456251134","0.5215753636550535"
"0.5463981721966005","8","2","Indiana, Madison","-85.7196,40.1614","0.5599566830442156","0.193308550185874","0.6387340163940162","0.5877","1.0","0.4061590902707796","0.4705721948934915","0.502994011976048","0.5712984652022484","0.5182805980584011","0.42152342973646656","0.4323387264451588"
"0.5463835286002654","10","5","Georgia, Taliaferro","-82.8814,33.5654","0.5323865966290651","1.0","0.413595620456108","0.6934","0.5","0.49930824224945697","0.5703752975720565","0.44910179640718567","0.6976053368935816","0.5235969104280122","0.6518444119242546","0.0"
"0.5463637912658523","10","2","Iowa, Pottawattamie","-95.5391,41.3364","0.60039057831342","0.726666666666667","0.7023974035786742","0.6387","1.0","0.5306255646958271","0.37414185244634035","0.38922155688622756","0.5472454870957077","0.4157015235324795","0.18996830593534914","0.35447183507132846"
"0.5462972672913883","8","5","Nebraska, Thurston","-96.5416,42.1573","0.6462622831048886","0.684210526315789","0.48935034390128657","0.6377","0.32499999999999996","0.25083837871869175","0.6674848309823803","0.34131736526946105","0.43165328621112686","0.731064458110665","0.7793571587662024","0.4343780965248469"
"0.5462953926835029","7","5","Nebraska, Dawson","-99.8201,40.8703","0.85345759218722","0.355721393034826","0.49435428437318163","0.7475","0.75","0.25083837871869175","0.5767465988832265","0.251497005988024","0.5215324091055006","0.3044224463433107","0.39313587148262075","0.45432147332753625"
"0.5461555115148387","2","4","Alabama, Calhoun","-85.8263,33.7748","0.4459883150636247","0.246153846153846","0.6179997020686236","0.6492","1.0","0.40374195381018385","0.5817020624544216","0.5269461077844312","0.5539608364828539","0.5430519957701405","0.5271007930359048","0.3703854635858774"
"0.545897722829999","8","4","Louisiana, Lincoln","-92.666,32.6003","0.5383063084305991","0.260504201680672","0.5927021663730521","0.9755","1.0","0.17214552458425092","0.6335376220466638","0.39520958083832336","0.45839165180163993","0.3930072972418295","0.5197894426027865","0.41484075593921577"
"0.5457770391528726","7","9","Tennessee, Tipton","-89.7369,35.5019","0.7567113622216912","0.754342431761787","0.5584225446844816","0.1429","1.0","0.26145055415676854","0.5568771296480562","0.4251497005988024","0.4806485213347297","0.4688036021515985","0.4065728759411541","0.5048768789203901"
"0.5455596876687046","8","2","Louisiana, East Baton Rouge","-91.0978,30.5384","0.6674966762548109","0.317381189764041","0.7304355078322657","0.7593","1.0","0.17214552458425092","0.5921223589333904","0.3592814371257485","0.46689449529952165","0.3851487911943337","0.34536163195426384","0.3627481268319678"
"0.5455306338155061","10","4","Texas, Brazoria","-95.4456,29.1876","0.5081187429527326","0.255201109570042","0.6151855392361406","0.7867","1.0","0.7194085185102618","0.5842043937581789","0.502994011976048","0.4061601502796258","0.24325887429318718","0.2787388162728899","0.5691704124012849"
"0.5455133351956538","10","4","North Carolina, Gaston","-81.1748,35.2937","0.434267853428534","0.278606965174129","0.6760791703879456","0.5661","1.0","0.751491911899152","0.5705400732739403","0.4730538922155689","0.526341402378779","0.3292294147575384","0.4600227135346579","0.4821699906793805"
"0.54548057455924","10","4","Kentucky, Pike","-82.3949,37.4709","0.43663158353812387","0.535714285714286","0.5619293965969137","0.8408","1.0","0.6498233878958141","0.13960505195840642","0.39520958083832336","0.5648909983668218","0.5740157632519288","0.5768204709091991","0.31195286094128066"
"0.5454120897807084","8","7","Texas, Refugio","-97.1577,28.3239","0.49157848399992354","1.0","0.5077318407771091","0.5508","0.675","0.7194085185102618","0.5168362263768922","0.37724550898203596","0.6441567395133083","0.24145770155437232","0.6382022420198937","0.4357322690503477"
"0.5454072965672297","8","5","Mississippi, Quitman","-90.2891,34.2516","0.5663418983348908","0.285714285714286","0.4696312013426767","0.8013","0.5","0.5163989158141343","0.6450729112661638","0.4191616766467066","0.5357771420024626","0.6294291044856186","0.7421083668382393","0.0"
"0.5453405899434993","2","1","Oklahoma, Okmulgee","-95.9643,35.6466","0.2640386239497362","0.111111111111111","0.5237206883722006","0.7434","1.0","0.6933119590201189","0.8186492738902342","0.40119760479041916","0.5755097168756041","0.489591686481906","0.6366987450632823","0.43805116874016276"
"0.5453145993239168","10","4","South Carolina, Spartanburg","-81.9923,34.9296","0.4371419024580604","0.211488250652742","0.6062387187385061","0.8513","1.0","0.6761677914855059","0.5589146265968262","0.38922155688622756","0.5287228277828","0.37067040323924355","0.41242626791094955","0.44834283487476034"
"0.5453069187820956","8","4","Louisiana, St. Landry","-92.0014,30.5972","0.5178400000378214","0.195652173913043","0.5898687379067775","0.8418","1.0","0.17214552458425092","0.6215442771639531","0.38922155688622756","0.5215324091055006","0.5243095406898757","0.6042599564889386","0.31845678979919473"
"0.5451003827353605","7","9","Virginia, Shenandoah","-78.5681,38.8591","0.7268670099732405","0.548821548821549","0.586824094775976","0.2595","1.0","0.5881367906958894","0.35777133948437706","0.34730538922155696","0.6371246099900815","0.3515954994856761","0.277409843169547","0.6330178360500563"
"0.545010443006096","6","4","Alabama, Winston","-87.3733,34.1503","0.5480245851739537","0.515151515151515","0.492061780201113","0.5084","1.0","0.40374195381018385","0.319783679858186","0.47904191616766467","0.6388951207196634","0.5298345727238534","0.587255689314114","0.4519572085415609"
"0.5450086828024158","10","4","Ohio, Ross","-83.06,39.3371","0.4265356397567904","0.310344827586207","0.5420500593043991","0.8446","1.0","0.672432174036711","0.41188699816659663","0.4730538922155689","0.5287228277828","0.4823775519775363","0.45563067119257933","0.36068569433785425"
"0.5449879783210778","8","2","Virginia, Alexandria City","-77.0818,38.814","0.7287287309050885","0.419178082191781","0.8733320701327731","0.7192","0.675","0.5881367906958894","0.6019379764480858","0.40119760479041916","0.38929338935206537","0.15128347178683696","0.14137970250041457","0.4803557098967519"
"0.5449831273187647","10","4","Missouri, Scott","-89.5647,37.0559","0.4482858450919056","0.127906976744186","0.5635120498026353","0.6017","1.0","0.6713285985896172","0.499226090450253","0.5089820359281437","0.5691748594129424","0.5098634615072236","0.502930874383883","0.4018060406160097"
"0.544950506692441","8","2","Illinois, Champaign","-88.2005,40.1392","0.5838285132284702","0.573770491803279","0.6484632073415261","0.9936","0.825","0.42780561490378566","0.5011496345257657","0.5269461077844312","0.42544161229202965","0.2716635130490008","0.21689742127381584","0.4569153870246858"
"0.5449291035409055","8","4","Indiana, Wayne","-85.0104,39.8633","0.4743862957592572","0.39344262295082","0.6277974985105438","0.6915","1.0","0.4061590902707796","0.40819514631633586","0.5089820359281437","0.5918944128138512","0.5387199936028786","0.4479425381727026","0.4154720555450598"
"0.544658936074647","8","4","North Carolina, Caswell","-79.3335,36.3931","0.523471031694815","0.302325581395349","0.491653662448546","0.8981","0.675","0.751491911899152","0.6496139438707279","0.43113772455089816","0.6226493223021841","0.30493295226735445","0.5238168136595133","0.0"
"0.5446328405183665","8","5","Georgia, Warren","-82.678,33.4115","0.5232026226937266","0.1875","0.4537572447345187","0.8217","0.5","0.49930824224945697","0.6361338463431944","0.4670658682634731","0.6353456481032828","0.7465295561404228","0.6463135439109161","0.0"
"0.5445003161285766","7","5","New Mexico, San Juan","-108.3204,36.5084","0.7469358774986679","0.442700156985871","0.5489530175016788","0.7857","0.5","0.2328984071594001","0.6511436045910098","0.2095808383233533","0.47793802351369025","0.4646586993018217","0.6068360302981162","0.47971111735706473"
"0.5444399256180624","8","5","Texas, Panola","-94.3055,32.164","0.5964008711875248","0.163522012578616","0.48248142699695484","0.6125","0.675","0.7194085185102618","0.5798148930741039","0.4191616766467066","0.579673914473061","0.4432029901284335","0.4854070323787166","0.47217086751884324"
"0.5443923733676833","8","9","Mississippi, Monroe","-88.4808,33.8924","0.614010345375226","0.213636363636364","0.5160684921471183","0.3524","1.0","0.5163989158141343","0.5508121299337928","0.44910179640718567","0.5918944128138512","0.4543077262197745","0.5296907948416999","0.4047727073244752"
"0.5442972598497811","2","1","North Carolina, Cleveland","-81.552,35.3355","0.29844943081629466","0.12962962962963","0.6145753779929953","0.7654","1.0","0.751491911899152","0.5470325807539635","0.4550898203592814","0.5775976316230177","0.4735443876361998","0.6032036087802575","0.40968407444368976"
"0.5442461629463043","8","2","Louisiana, Acadia","-92.4142,30.2951","0.578117949302834","0.307291666666667","0.567008931600574","0.759","1.0","0.17214552458425092","0.5355894108047938","0.38323353293413176","0.4965101409658336","0.4612754151563562","0.6129286204706912","0.4328895074435118"
"0.5441299513286525","8","4","Kentucky, Hart","-85.8846,37.2994","0.5251757635298638","0.733333333333333","0.47924594289718536","0.6479","0.75","0.6498233878958141","0.36570328996509777","0.47904191616766467","0.542700408721451","0.38060065927702014","0.5618924441345029","0.5302205341161907"
"0.5440850801770516","10","4","Georgia, Montgomery","-82.5353,32.172","0.5376175335298521","0.75","0.5027496224347439","0.8532","0.75","0.49930824224945697","0.4644787165690427","0.4610778443113772","0.5357771420024626","0.3942042077913519","0.6212238930300794","0.0"
"0.5439284779031968","10","4","North Carolina, Buncombe","-82.533,35.6111","0.4565664582436095","0.526315789473684","0.68131525866916","0.8838","1.0","0.751491911899152","0.46145153702582375","0.3592814371257485","0.5998243249034969","0.23037627653189846","0.22021058888659714","0.41356119680443043"
"0.5439018017847421","7","5","Louisiana, Catahoula","-91.8453,31.6678","0.7821657396296834","0.576923076923077","0.4628059194806665","0.8469","0.5","0.17214552458425092","0.6081677649562203","0.3592814371257485","0.542700408721451","0.48883866575094514","0.5740569141542479","0.0"
"0.5438973061283185","8","9","Arkansas, Cross","-90.7719,35.2963","0.564879735086772","0.4","0.5423676040368796","0.4432","0.825","0.5574725952297617","0.5647847643201588","0.43113772455089816","0.579673914473061","0.5394835870076221","0.44602883143745037","0.5147359356624419"
"0.5438788171529733","7","5","Nebraska, Colfax","-97.0869,41.5749","0.9611944552937031","0.698818897637795","0.49653797202783867","0.3139","0.675","0.25083837871869175","0.5927769170831088","0.33532934131736525","0.4407808887294848","0.2482947725531784","0.461600937220948","0.4620608394167914"
"0.5438471709011602","8","2","Nebraska, Douglas","-96.1509,41.2952","0.6877328551005457","0.642082429501085","0.740057681035992","0.6606","1.0","0.25083837871869175","0.5987821469365853","0.38922155688622756","0.4377631248108773","0.27053435560711386","0.21348300318127553","0.3928720731716622"
"0.5437774149231555","8","5","Kentucky, Butler","-86.6875,37.2095","0.7769389069640626","0.350230414746544","0.4360901035288364","0.6641","0.675","0.6498233878958141","0.21397596675370922","0.48502994011976047","0.5734100391661536","0.4685128955940553","0.5138128786976863","0.0"
"0.54347063414521","8","2","Iowa, Polk","-93.5777,41.6868","0.7052257391592689","0.525483304042179","0.8104493521524427","0.6157","1.0","0.5306255646958271","0.44608059578821657","0.33532934131736525","0.4407808887294848","0.26793484584202687","0.12063764548549422","0.4000773857700113"
"0.5434258293717064","6","9","Texas, Randall","-101.8971,34.9659","0.6818626160453608","0.568296795952782","0.6124904107346281","0.39","1.0","0.7194085185102618","0.45826473692282155","0.2694610778443114","0.4939129750014257","0.22697212677885864","0.13350808326422825","1.0"
"0.5431924370815132","8","5","New Mexico, Cibola","-107.9989,34.9113","0.6189609346293479","0.37","0.4713200420169926","0.9959","0.675","0.2328984071594001","0.7084929658247878","0.1317365269461078","0.5166605513962695","0.4639344532056938","0.6178086271464406","0.48750310649970446"
"0.5431443179519658","8","2","Indiana, Tippecanoe","-86.8941,40.3887","0.5706877744831449","0.587628865979381","0.6794334464087048","0.8424","1.0","0.4061590902707796","0.4258247221093605","0.4730538922155689","0.3927283612037091","0.30777125644742875","0.33663689264699886","0.4095248877989363"
"0.5431241027024818","2","4","South Carolina, Union","-81.6173,34.6884","0.39958061196309597","0.161290322580645","0.4599240431792028","0.7205","1.0","0.6761677914855059","0.5733683931039331","0.43113772455089816","0.6075890184122873","0.4782159584830102","0.5821097184594763","0.36088388981729086"
"0.543063745384297","2","1","Oklahoma, Cherokee","-94.9998,35.9069","0.16312497019950375","0.0357142857142857","0.5282109781128398","0.9761","1.0","0.6933119590201189","0.7159105431778136","0.4191616766467066","0.5357771420024626","0.5575544031222016","0.6974239625247267","0.4783531686818802"
"0.5429706893501254","10","4","South Carolina, Aiken","-81.6365,33.5434","0.44028002010277556","0.3","0.5655378735126048","0.5199","1.0","0.6761677914855059","0.6017106650290359","0.4970059880239522","0.5858342498966352","0.38937740343740507","0.44131608183412585","0.5191670268007272"
"0.5428996235377518","8","2","Illinois, Jackson","-89.3823,37.786","0.5811101368926874","0.30939226519337","0.607121651654686","0.9366","0.75","0.42780561490378566","0.549692468431602","0.5089820359281437","0.4939129750014257","0.2442416942493493","0.4499105035382562","0.42101375137248975"
"0.5428098757145039","10","7","Alabama, Escambia","-87.1592,31.1257","0.4314817527823532","0.230769230769231","0.5160603544802592","0.5839","0.825","0.40374195381018385","0.8051502278050748","0.43113772455089816","0.5648909983668218","0.583345831082","0.6788472850882872","0.3979201478145524"
"0.5427623357245432","8","4","Arizona, Mohave","-113.7578,35.7047","0.5261293020783682","0.492","0.5035481037219532","0.851","0.75","0.6267102942890856","0.4646657775656883","0.12574850299401197","0.7548404166639682","0.41904016258479515","0.5016095314004262","0.4520863042818844"
"0.5425764027526506","8","9","North Carolina, Ashe","-81.4986,36.433","0.5561705756244836","0.807692307692308","0.5075449211328811","0.4218","1.0","0.751491911899152","0.2457708674951048","0.32934131736526945","0.6868906660868291","0.3450769052400458","0.4812618183593038","0.4375080678443676"
"0.5424671657433181","10","4","Georgia, Emanuel","-82.3024,32.5922","0.42041707438103515","0.192307692307692","0.5034699516998568","0.8771","0.75","0.49930824224945697","0.6144680699163466","0.4610778443113772","0.5239446622367122","0.47673546632515107","0.7166386633192644","0.42180027925375513"
"0.5424637162523779","10","7","Texas, Haskell","-99.7304,33.1782","0.3932323664712537","1.0","0.4448770643241861","0.8048","0.675","0.7194085185102618","0.48834088249959323","0.2874251497005988","0.6493451083308717","0.28612736611152595","0.7500341235917131","0.38471464781567893"
"0.5424479028415189","10","4","Missouri, Jackson","-94.3472,39.01","0.5114658819414499","0.277220077220077","0.7322668522392218","0.5479","1.0","0.6713285985896172","0.6021972223749921","0.44311377245508987","0.4939129750014257","0.38473458633442953","0.3073511602808417","0.3610377495594067"
"0.5422783453699865","10","4","Texas, Medina","-99.1103,29.3557","0.5228590064603561","0.591836734693878","0.5374209435339918","0.8004","0.75","0.7194085185102618","0.4452829741272504","0.38323353293413176","0.5380992168517501","0.3108604411479411","0.36447798898138023","0.6524596350805908"
"0.542069185606872","10","4","Kentucky, Russell","-85.0607,36.9931","0.46594164666438315","0.272727272727273","0.5174042991863922","0.674","1.0","0.6498233878958141","0.26861030207458425","0.4251497005988024","0.6017807168377609","0.47255587874414595","0.6038583457342968","0.5229288719790198"
"0.5420618382220171","2","7","Missouri, New Madrid","-89.6607,36.5967","0.42527482830603425","0.285714285714286","0.49631762690130676","0.5934","1.0","0.6713285985896172","0.49203726513815615","0.4970059880239522","0.5837920978957992","0.5553521599595034","0.6804950276446511","0.0"
"0.5420189762819936","8","2","Michigan, St. Joseph","-85.528,41.9144","0.5577911089798966","0.571428571428571","0.5823557908902991","0.5756","1.0","0.41517557433580937","0.3853207489110823","0.5748502994011976","0.5561726637917245","0.3975074261614213","0.3786593540243614","0.45880657568999333"
"0.5419579862779635","8","9","Indiana, Jackson","-86.0385,38.9092","0.7212881300459978","0.490625","0.602036264339725","0.3722","1.0","0.4061590902707796","0.266996947363403","0.4970059880239522","0.5287228277828","0.43628043364125974","0.3802069361180929","0.4726670316390742"
"0.5417673548317217","8","2","Maryland, Washington","-77.82,39.6084","0.546574868696179","0.322289156626506","0.6653258246895866","0.8007","1.0","0.4167867362521145","0.47905469692092534","0.4251497005988024","0.5449798764246452","0.3863663821282485","0.2994498683562094","0.4533941999445802"
"0.5417640966315027","5","7","North Carolina, Martin","-77.1086,35.8433","0.552648163102871","0.485714285714286","0.5199767922941321","0.1955","0.75","0.751491911899152","0.6376534772638369","0.3532934131736527","0.6510586369018438","0.49221179971670176","0.561586633773987","0.4696019845123151"
"0.5416609247399591","10","4","South Carolina, Greenville","-82.373,34.895","0.5286719573583771","0.292060491493384","0.6446794390991311","0.7326","1.0","0.6761677914855059","0.5585480215628756","0.38922155688622756","0.5117241638959221","0.283548035925064","0.2873102265043478","0.43850436949556254"
"0.5412717849196241","8","4","Michigan, Branch","-85.0593,41.916","0.5396117773584407","0.305263157894737","0.5918130904245337","0.7896","1.0","0.41517557433580937","0.366264650835638","0.5269461077844312","0.5734100391661536","0.3968354996901979","0.37050396699621924","0.4673747198376966"
"0.5411580076355741","8","4","Louisiana, Sabine","-93.5543,31.5639","0.508619875386635","0.413793103448276","0.49225494311609225","0.7176","0.75","0.17214552458425092","0.8266599237205302","0.38323353293413176","0.613308186513927","0.5022572780710596","0.5835326752617344","0.4900735821044504"
"0.5411537726789103","7","2","Minnesota, Kandiyohi","-95.0059,45.1526","0.7790375529160297","0.641975308641975","0.5733578746970064","0.5119","0.75","0.7794980274392814","0.46204243645867865","0.21556886227544908","0.5775976316230177","0.2437098923132003","0.17105893104927108","0.42221393203882285"
"0.5411510249668179","2","7","Missouri, Lawrence","-93.8329,37.1063","0.3996229466812853","1.0","0.5462483248358575","0.5333","1.0","0.6713285985896172","0.29399707291924687","0.40119760479041916","0.5712984652022484","0.43193802367271805","0.5536205463868294","0.5248036179701477"
"0.5411100451556549","8","2","Connecticut, New Haven","-72.9362,41.408","0.6782334543839998","0.203573200992556","0.7497932411848623","0.801","1.0","0.35653512920289365","0.5354118872157564","0.3233532934131737","0.5494974081927578","0.22996189374426163","0.2197562939708367","0.4023923621297341"
"0.5409361042919536","6","7","Virginia, Franklin City","-76.9386,36.6831","0.5085883396868202","0.148148148148148","0.6516650293641145","0.2919","1.0","0.5881367906958894","0.657019912295466","0.34730538922155696","0.595880459448231","0.6600508779858802","0.49105828672803625","0.2662792692382408"
"0.5408177608055881","2","1","Texas, Wichita","-98.7041,33.9884","0.3327847838267651","0.166666666666667","0.6531197891126818","0.8883","1.0","0.7194085185102618","0.6048098769101452","0.34730538922155696","0.49129758316188105","0.4194193426647399","0.5058774329030874","0.4307775693705013"
"0.5407336018514615","10","2","Wisconsin, Crawford","-90.9307,43.2387","0.5946218786502294","0.818181818181818","0.550156500780011","0.7523","0.825","0.5349291819271391","0.32943761707785973","0.3592814371257485","0.6493451083308717","0.3978892634573968","0.2092582179116217","0.5118541816322723"
"0.5407187803164546","10","7","Oklahoma, McCurtain","-94.7722,34.1166","0.3251490136613459","0.272727272727273","0.47535880854344503","0.6345","0.675","0.6933119590201189","0.8148898172058556","0.4131736526946108","0.5712984652022484","0.5195272751491358","0.7137744616496247","0.5978282879472856"
"0.5406083049977544","2","1","South Carolina, Newberry","-81.5994,34.2863","0.3074220300846204","0.0967741935483871","0.4802128499848318","0.9236","1.0","0.6761677914855059","0.6529912139999239","0.43113772455089816","0.5938927650957907","0.4225788683537515","0.5300847754764556","0.4599913030780518"
"0.5405562769259691","10","4","Nevada, Carson City","-119.748,39.1551","0.455871297166835","0.261538461538462","0.6711876355632022","0.9605","1.0","0.5573731273809973","0.5136786680599187","0.251497005988024","0.6114115319998742","0.36286772729572564","0.3581223413422544","0.39973590051659663"
"0.5404929843919989","10","4","Michigan, Calhoun","-85.0049,42.2463","0.49642259080399365","0.203389830508475","0.6438213018911954","0.7214","1.0","0.41517557433580937","0.5539777496106866","0.5089820359281437","0.5561726637917245","0.417421547795379","0.3561870764904986","0.4805459255846561"
"0.5403220739104063","8","2","Pennsylvania, Lackawanna","-75.6038,41.4356","0.6414742165451119","0.270535041446873","0.6710983877945809","0.652","1.0","0.5168765274771758","0.35200286402894054","0.4131736526946108","0.6056629582719985","0.36955976768222637","0.22743909801809453","0.4145192116524685"
"0.5402103727053315","10","7","Texas, Maverick","-100.3158,28.7429","0.521853803459379","0.578947368421053","0.5810012765609038","0.6157","0.675","0.7194085185102618","0.27647777037541543","0.311377245508982","0.40944379978250145","0.41775485005197643","0.903715396043795","0.49728521824766553"
"0.5400557552201438","2","4","Mississippi, Harrison","-89.1247,30.5136","0.3884063066736534","0.158139534883721","0.6575437610044575","0.8637","1.0","0.5163989158141343","0.5892054384249623","0.407185628742515","0.48601108590571473","0.42962773853850844","0.5904155278510881","0.3210466196888457"
"0.5397608938040773","8","2","New York, Sullivan","-74.7639,41.7158","0.7280394276257709","0.235004108463435","0.5827406595893083","0.8962","0.825","0.1452368843520714","0.5244578221344415","0.3233532934131737","0.579673914473061","0.34293576255155805","0.35717390532910587","0.4652766148242058"
"0.5397500940473947","10","4","Arkansas, Bradley","-92.1598,33.4676","0.44414905194027227","0.214285714285714","0.4144922813890364","0.8924","0.575","0.5574725952297617","0.7041861833442915","0.407185628742515","0.5878652729484978","0.5849385731275676","0.595455161479376","0.4207299846756994"
"0.5395833788307027","8","4","Texas, Pecos","-102.7241,30.781","0.5351626065758557","0.5","0.44762217299577256","0.9691","0.675","0.7194085185102618","0.5142423181040102","0.23952095808383234","0.44674408486908573","0.3793394400150199","0.5428832721248347","0.44604990848265696"
"0.5394569765158913","10","4","Georgia, Taylor","-84.2508,32.5579","0.47708667683242867","0.142857142857143","0.48599647687013814","0.9","0.75","0.49930824224945697","0.5829542150283571","0.49101796407185627","0.5938927650957907","0.4486714010665662","0.7272258785568319","0.0"
"0.5393719025990336","6","9","Ohio, Tuscarawas","-81.4723,40.4421","0.6358219583898043","0.577519379844961","0.5914583961493013","0.3181","1.0","0.672432174036711","0.2633560594767889","0.5149700598802395","0.5978576089534523","0.3526776124574951","0.3126031050227869","0.4807583612283059"
"0.5392691477657084","8","9","Illinois, St. Clair","-89.9306,38.47","0.5898461385295078","0.352490421455939","0.661231604082896","0.4499","1.0","0.42780561490378566","0.5833907304742773","0.532934131736527","0.5067215141840639","0.3890211319651288","0.3176738646956897","0.44265039595449457"
"0.5391832359503502","7","2","Maryland, Kent","-76.0474,39.2498","0.7006190098689979","0.416058394160584","0.5653158930510899","0.6396","0.825","0.4167867362521145","0.5000603805450318","0.40119760479041916","0.712396635537302","0.2688335404283466","0.18679502385381366","0.528455826336947"
"0.5391256405935013","2","4","Arkansas, Drew","-91.7178,33.5904","0.4189993600809099","0.210526315789474","0.5201311369224079","0.9456","0.75","0.5574725952297617","0.6107955499075847","0.407185628742515","0.5517358041566147","0.5678351651935195","0.4538702935331343","0.44336555127243277"
"0.5390724719949811","10","4","Illinois, Jefferson","-88.924,38.2998","0.4762108541652567","0.142857142857143","0.575572661167914","0.928","1.0","0.42780561490378566","0.45647724147618074","0.5149700598802395","0.5858342498966352","0.3596245259907247","0.44032210732768856","0.3756874649047619"
"0.5389319660731875","8","4","Indiana, Delaware","-85.3973,40.2279","0.5188706170838635","0.241379310344828","0.6387303303361814","0.7011","1.0","0.4061590902707796","0.42082135808431176","0.5089820359281437","0.5494974081927578","0.4333197335868532","0.45406964555428647","0.4122075521589132"
"0.5388913836008778","6","9","Ohio, Trumbull","-80.7611,41.3174","0.531926053700149","0.275167785234899","0.6283791217352196","0.3868","1.0","0.672432174036711","0.41762304933214545","0.49101796407185627","0.626321192473144","0.47763279680224957","0.3506792199498326","0.435715499483985"
"0.5388793203706467","8","2","Wisconsin, Brown","-88.0041,44.4527","0.7038526949105226","0.385507246376812","0.6938353488050043","0.5482","1.0","0.5349291819271391","0.5610494698477523","0.3652694610778443","0.4833394486037307","0.28921052325229163","0.11416597157889342","0.3872134781514286"
"0.5388153850434703","10","4","Florida, Madison","-83.474,30.444","0.4178183109434309","0.0645161290322581","0.5092757067060847","0.9971","0.75","0.36515492191213655","0.6616128807767895","0.40119760479041916","0.613308186513927","0.4831261398176963","0.6137452855245363","0.5277354902541662"
"0.5385850814595688","7","2","Minnesota, Benton","-93.9951,45.698","0.6737143322461641","0.762295081967213","0.5891207743684986","0.8755","0.825","0.7794980274392814","0.455903386898647","0.2275449101796407","0.47245716285929296","0.29707084778333437","0.14478503711689983","0.0"
"0.5384876257467858","8","9","Texas, Tarrant","-97.291,32.7714","0.57250117061799","0.440225035161744","0.7715383564374879","0.4464","0.825","0.7194085185102618","0.6070006119553377","0.4550898203592814","0.38582646381517377","0.26135525881439925","0.37864058150718133","0.45894053261970286"
"0.5384059743179039","10","4","Mississippi, Sharkey","-90.816,32.8815","0.4239556616697229","0.166666666666667","0.4819915083265605","0.9284","0.5","0.5163989158141343","0.5940875990573228","0.40119760479041916","0.5670390838965326","0.6925997349211133","0.7394387937822032","0.33139790175574374"
"0.5383705655394617","10","4","Ohio, Wayne","-81.8884,40.8293","0.494867975195122","0.255","0.5790190005935303","0.8297","1.0","0.672432174036711","0.24672396323554402","0.5389221556886228","0.5539608364828539","0.3401554856816597","0.35017974987982564","0.5077375313134371"
"0.5380899477857969","8","2","Indiana, Putnam","-86.8452,39.6644","0.6051392388923313","0.393162393162393","0.5673438977673284","0.7186","1.0","0.4061590902707796","0.38061145602246493","0.49101796407185627","0.5310891329236117","0.3491402278141925","0.2649184891248386","0.6156295910307286"
"0.5380210160466735","6","4","Mississippi, Panola","-89.9506,34.364","0.46106148968179334","0.22","0.5312647119799613","0.5489","1.0","0.5163989158141343","0.6063597263246822","0.4191616766467066","0.5092312328105775","0.48801973345246985","0.6341451982747209","0.41825556215136617"
"0.5379046172909796","8","2","Louisiana, Tangipahoa","-90.4066,30.6289","0.5848051752532428","0.187760778859527","0.6099906044277357","0.717","1.0","0.17214552458425092","0.5916661872645361","0.3532934131736527","0.4752076683887773","0.472001128899811","0.5561813599562346","0.44085700375875286"
"0.5378603388891245","10","7","Texas, Trinity","-95.1367,31.0879","0.4114394111491733","0.272727272727273","0.47306588673750005","0.5027","0.675","0.7194085185102618","0.5523851938080049","0.407185628742515","0.7252247709976565","0.6312158665704185","0.6586097848899646","0.42699284324233333"
"0.5376709675435106","10","4","Ohio, Allen","-84.108,40.7729","0.4870389325588975","0.254545454545455","0.6163033738978353","0.5954","1.0","0.672432174036711","0.47649592716801836","0.5508982035928144","0.5517358041566147","0.42281822937100333","0.3336217841618332","0.3126230784781622"
"0.5376679943101361","10","4","Texas, Orange","-93.8941,30.1188","0.4048160825645887","0.183908045977011","0.6323122123109814","0.6078","1.0","0.7194085185102618","0.5271992117670357","0.407185628742515","0.5215324091055006","0.47345673903599733","0.4001624852196706","0.6555969895695234"
"0.5376002041213392","10","2","Pennsylvania, Lebanon","-76.4565,40.3668","0.5992787644833003","0.186712485681558","0.6476372533712482","0.6135","1.0","0.5168765274771758","0.3213334606310504","0.592814371257485","0.595880459448231","0.3363444077327307","0.2835440962189607","0.4410376426616614"
"0.5374793001490537","8","2","Illinois, McDonough","-90.6778,40.4567","0.6006740873239483","0.573770491803279","0.5706855108807841","0.8953","0.675","0.42780561490378566","0.422561028258852","0.4670658682634731","0.5494974081927578","0.321540634121434","0.3893175414881713","0.42229436308480456"
"0.5374460196087255","8","4","Indiana, Miami","-86.0453,40.7694","0.5267662420280385","0.161538461538462","0.5645028800449566","0.5377","1.0","0.4061590902707796","0.49818863008694686","0.5449101796407185","0.5561726637917245","0.43283769602071626","0.47582638740104916","0.6081857640257013"
"0.5373500612776149","8","4","Kentucky, Barren","-85.9334,36.9647","0.4804135536910827","0.5","0.524961538946129","0.5164","1.0","0.6498233878958141","0.38877686191434424","0.4670658682634731","0.558371441896005","0.4212093155624501","0.5435447914076614","0.3913773517132032"
"0.5372621965073185","10","4","Texas, Webb","-99.3324,27.761","0.475000964248296","0.215351812366738","0.6352741962406732","0.8497","1.0","0.7194085185102618","0.18865734109909102","0.3233532934131737","0.3213436387749264","0.32484913996656384","0.8130785341595016","0.48986895474636294"
"0.5372309838592719","10","4","Louisiana, Avoyelles","-92.0008,31.078","0.4899227338854976","0.191011235955056","0.4947625202821893","0.9663","0.75","0.17214552458425092","0.6881822496682636","0.3712574850299401","0.542700408721451","0.5623101250521948","0.5840071960508437","0.5268186723209873"
"0.5371723984049905","6","9","Ohio, Butler","-84.5739,39.4401","0.5420522188560125","0.449826989619377","0.6650391553858666","0.4505","1.0","0.672432174036711","0.4348882188210278","0.5988023952095809","0.48601108590571473","0.37610458116759743","0.21126590834578876","0.47913483848074917"
"0.5369141732464283","6","9","Kentucky, Shelby","-85.1942,38.2148","0.5756690792177358","0.6","0.5549197870652686","0.384","1.0","0.6498233878958141","0.48361899177002393","0.5089820359281437","0.5092312328105775","0.34862884229726165","0.27331682885919656","0.5194667218194576"
"0.5369086860288658","8","2","Massachusetts, Hampden","-72.6324,42.1344","0.6787158643951348","0.220144165205533","0.6903240079547597","0.843","1.0","0.13189104157094694","0.5248082488230783","0.311377245508982","0.5357771420024626","0.30533033539983256","0.34921363136662353","0.4255503582870648"
"0.5369076301094016","8","2","Tennessee, Bedford","-86.4555,35.5112","0.6019946657884842","0.231075697211155","0.5813648980284991","0.5454","1.0","0.26145055415676854","0.5569616531563221","0.44910179640718567","0.5067215141840639","0.442459147397158","0.477461170864908","0.5398002581916537"
"0.5368574567342927","10","4","Texas, Brown","-98.9991,31.7743","0.4833842095821794","0.294117647058824","0.566416731450294","0.6931","1.0","0.7194085185102618","0.45875563571384714","0.3173652694610779","0.6017807168377609","0.4015475057325626","0.4151695987925517","0.3633097703908837"
"0.5367310050481429","10","4","Kentucky, Rowan","-83.4209,38.1948","0.38720493916617693","0.666666666666667","0.5054922477965972","0.9742","1.0","0.6498233878958141","0.2580776830692157","0.40119760479041916","0.46689449529952165","0.5005879789964783","0.4803268258907166","0.3423833162284939"
"0.5366911333404548","10","4","Arkansas, Nevada","-93.3063,33.6634","0.4732883003914431","0.75","0.4578035112156315","0.8227","0.675","0.5574725952297617","0.5917685492036653","0.4191616766467066","0.6170727822364962","0.4765962979860293","0.5328430032587879","0.0"
"0.5366596894290898","8","9","Missouri, Stoddard","-89.9444,36.8557","0.5902747856706362","0.607843137254902","0.5242217733986027","0.2445","0.825","0.6713285985896172","0.31118869931105364","0.4970059880239522","0.6095051758860066","0.4727430243507284","0.5214467530872616","0.503395144824716"
"0.5365720165441045","10","4","Indiana, Daviess","-87.0719,38.7019","0.46437817174605617","0.180327868852459","0.551951404456579","0.8586","1.0","0.4061590902707796","0.3297231499927408","0.5449101796407185","0.5117241638959221","0.3915523335525675","0.6334261503102128","0.45598874178083104"
"0.5365220991392208","8","2","Minnesota, Hennepin","-93.4769,45.0076","0.6759839835793471","0.598377281947262","0.7900959703830556","0.822","0.5","0.7794980274392814","0.6074815038337296","0.32934131736526945","0.46689449529952165","0.13416010730662822","0.08637562159740557","0.4030611921867407"
"0.5364525350691687","2","4","California, Merced","-120.7209,37.1892","0.41906042691569834","0.3","0.6269899167751491","0.8274","0.825","0.5528135213810501","0.5434240131486126","0.5389221556886228","0.3927283612037091","0.29676891090619234","0.6106429756692433","0.5866315326055649"
"0.5363332492074843","10","4","Mississippi, Wayne","-88.6957,31.6414","0.5355720645231451","0.351351351351351","0.45751979284187","0.6336","0.75","0.5163989158141343","0.5930704143096638","0.40119760479041916","0.5449798764246452","0.5033410305646812","0.591711073762549","0.39548213920410413"
"0.536278277868647","2","1","California, Madera","-119.7666,37.2151","0.35468589737142336","0.271428571428571","0.6016092126579635","0.8239","0.75","0.5528135213810501","0.605671103937499","0.6586826347305389","0.46968620728685795","0.3212225275483551","0.5906240844613093","0.6136803044233383"
"0.5362781057397079","6","7","Alabama, Walker","-87.3003,33.8027","0.49859490496063574","0.23015873015873","0.5334032915512291","0.4492","1.0","0.40374195381018385","0.4686895252955717","0.5149700598802395","0.5918944128138512","0.5851737119804078","0.6008824778656884","0.38790852213644633"
"0.5362584492090342","8","2","New York, Orleans","-78.232,43.2517","0.6427720748404795","0.429447852760736","0.6123705343666613","0.8539","0.825","0.1452368843520714","0.500157329468769","0.3592814371257485","0.5561726637917245","0.4195704814163418","0.3250432282625454","0.5696878856949968"
"0.5357699496742603","2","4","Texas, Bell","-97.4785,31.0374","0.3817008795203468","0.221774193548387","0.6671763288205065","0.8405","1.0","0.7194085185102618","0.6515040177453816","0.4251497005988024","0.37162696325125594","0.3304317576283016","0.4153737953342665","0.4216279869288329"
"0.5356764298473556","10","2","Georgia, Fulton","-84.4632,33.7922","0.5571681199935935","0.219167111585691","0.8175126883834428","0.8259","0.825","0.49930824224945697","0.5896523220362535","0.5389221556886228","0.39950476257029566","0.2218889455673828","0.27766575496826784","0.3961932917027857"
"0.535621284449042","8","4","Oklahoma, Osage","-96.3964,36.6289","0.4601185304294432","0.164835164835165","0.4566374049293563","0.5552","0.75","0.6933119590201189","0.834293535426304","0.43113772455089816","0.5918944128138512","0.3728693591349727","0.4848956932333312","0.5846241160260052"
"0.535619742501041","8","9","Alabama, Crenshaw","-86.3159,31.7294","0.671266498400998","0.596153846153846","0.5106663929866616","0.2353","0.75","0.40374195381018385","0.6062022864442137","0.4610778443113772","0.5858342498966352","0.495279260858975","0.4840469332307587","0.37370938128958203"
"0.5352879420455378","10","4","Oklahoma, Tulsa","-95.9401,36.1194","0.4382290242369509","0.217783505154639","0.6983667110842445","0.5963","1.0","0.6933119590201189","0.7545238528684098","0.37724550898203596","0.4752076683887773","0.3404017725745727","0.365375194189579","0.371804590583576"
"0.5352874979783729","10","2","Pennsylvania, Lehigh","-75.5944,40.6155","0.6261142410982046","0.158139534883721","0.7216218181982649","0.7221","0.75","0.5168765274771758","0.5125463853740819","0.49101796407185627","0.540406913436432","0.33470673285068553","0.27128806476058204","0.37234789674642554"
"0.5349780865416137","2","4","Texas, Waller","-95.9901,30.0106","0.3476660584711727","0.153846153846154","0.5692323317643347","0.9265","1.0","0.7194085185102618","0.6819437828298791","0.4670658682634731","0.41269877075759065","0.3424421726212466","0.6218464139223769","0.0"
"0.5346263242954692","6","2","Maryland, Worcester","-75.332,38.2127","0.6066726264133239","0.470588235294118","0.6152486276285172","0.5193","1.0","0.4167867362521145","0.5110347477462361","0.3592814371257485","0.7280164829849926","0.3502037985396176","0.13992755746176674","0.582107964548008"
"0.534558395421557","10","4","Florida, Hardee","-81.8096,27.4929","0.47529000050587367","0.256410256410256","0.556453359420366","0.9949","0.75","0.36515492191213655","0.547545323614073","0.2754491017964072","0.5215324091055006","0.44308072213438443","0.623783737695372","0.5753004752428231"
"0.534520565055999","2","4","Mississippi, Prentiss","-88.5199,34.6181","0.38402772356672416","0.111111111111111","0.5270691075621904","0.8109","1.0","0.5163989158141343","0.4827056331834798","0.4251497005988024","0.5691748594129424","0.5146886810950186","0.6302769697184765","0.37903666268515396"
"0.53451107672031","8","9","Kentucky, Ohio","-86.8537,37.4775","0.6896344099542031","0.566371681415929","0.46537677940257094","0.2101","0.75","0.6498233878958141","0.24927196649145178","0.5209580838323353","0.5734100391661536","0.46714285434905867","0.5079829826526197","0.5601009992407961"
"0.5344635384032473","10","4","Texas, Galveston","-94.9047,29.4017","0.43049184369531557","0.117816091954023","0.6956831290323027","0.6788","1.0","0.7194085185102618","0.5720167108542571","0.43712574850299407","0.47245716285929296","0.36996085787628363","0.35255647166785103","0.4952959510440923"
"0.534449684861988","10","4","Ohio, Muskingum","-81.9436,39.9658","0.4080494162230756","0.5","0.6032432827223463","0.6326","1.0","0.672432174036711","0.38331754321826167","0.4970059880239522","0.560557323866868","0.4572032504361962","0.4029093283786807","0.40245725906828667"
"0.5344474662342618","10","4","Mississippi, Calhoun","-89.3369,33.9368","0.4448468782437852","0.0689655172413793","0.46972980175143614","0.7727","0.75","0.5163989158141343","0.5691167434726889","0.4131736526946108","0.579673914473061","0.5754924931750138","0.6392380005161837","0.49693970360198503"
"0.5343556049894054","2","1","Kentucky, Christian","-87.4906,36.8927","0.3319359848940231","0.0736842105263158","0.5988010142476997","0.9306","1.0","0.6498233878958141","0.6139090809187124","0.4730538922155689","0.41912465076501093","0.4552397509085493","0.5375988690951199","0.26922469764575513"
"0.5343497279312612","8","2","Maryland, Dorchester","-76.0275,38.4541","0.6363984323739214","0.468468468468468","0.5624076156168847","0.5228","0.75","0.4167867362521145","0.6037418352377572","0.38323353293413176","0.6281436499318728","0.5044210225302879","0.357443260672388","0.25032726159258184"
"0.5342977352622013","10","2","Kentucky, Fayette","-84.4558,38.0368","0.574106300434499","0.538181818181818","0.7416720852659398","0.7701","0.675","0.6498233878958141","0.4890206717988517","0.4670658682634731","0.44674408486908573","0.3122134190789658","0.26869709405067443","0.30805683875511025"
"0.5341030046060931","8","2","Michigan, Saginaw","-84.0513,43.3343","0.5905311097779863","0.224806201550388","0.6699899514293661","0.6399","0.825","0.41517557433580937","0.5779169518920929","0.4191616766467066","0.5837920978957992","0.39800467926512473","0.3718891365380887","0.373453228706029"
"0.5340515267611275","10","1","Oklahoma, Bryan","-96.259,33.9647","0.3165865345809782","0.307692307692308","0.5294200743992774","0.8465","0.825","0.6933119590201189","0.6607061284863217","0.4131736526946108","0.5691748594129424","0.42683959544924505","0.5543676925706008","0.4236752643647573"
"0.5340145838001895","10","4","Arkansas, Pope","-93.0321,35.4487","0.45231691033088167","0.301587301587302","0.5828152861136758","0.7437","1.0","0.5574725952297617","0.45790126467176623","0.43113772455089816","0.5142005305328247","0.38737605902930067","0.4969107097937191","0.4441644019191321"
"0.5339740088853471","10","4","Virginia, Nottoway","-78.0507,37.1436","0.40655582595771206","0.1875","0.5609588839487798","0.9748","0.75","0.5881367906958894","0.669134879930136","0.3592814371257485","0.5898852876912913","0.5483810831378972","0.5239571836428155","0.0"
"0.5339650838924036","8","5","Georgia, Baker","-84.4422,31.3267","0.6995092862121534","0.28125","0.3833822318972844","0.6068","0.5","0.49930824224945697","0.6416759293395041","0.4670658682634731","0.6726459331898672","0.49405198969052794","0.5202351384945483","0.0"
"0.5339624343522456","2","1","Oklahoma, Pottawatomie","-96.9492,35.2061","0.2939896857269473","0.0892857142857143","0.5481538368767928","0.7826","1.0","0.6933119590201189","0.7003507662172933","0.38922155688622756","0.5310891329236117","0.4705289341592349","0.5144790002750477","0.5303563431690318"
"0.5338638566793654","10","4","Mississippi, Lafayette","-89.4849,34.3569","0.46328086583181327","0.168224299065421","0.5809558610449015","0.8214","1.0","0.5163989158141343","0.5498868861914368","0.4131736526946108","0.4159255598121659","0.35023291237388066","0.44711582073869005","0.6717885714200107"
"0.5338423429969777","10","2","Pennsylvania, Luzerne","-75.9845,41.1782","0.5783503484583543","0.120175089534421","0.6555536064318211","0.6342","1.0","0.5168765274771758","0.4403429708389222","0.43712574850299407","0.6075890184122873","0.35833423769791894","0.30330852898434263","0.4274704664073294"
"0.5338326761013561","10","1","Texas, Limestone","-96.581,31.5455","0.31694046631423334","0.133333333333333","0.508824890143487","0.9099","0.675","0.7194085185102618","0.6368677729418177","0.4131736526946108","0.5837920978957992","0.4596295321998785","0.6996914403740648","0.41520542810956385"
"0.533790775871174","6","9","Ohio, Madison","-83.4018,39.8938","0.5548897736364701","0.346938775510204","0.5291048549337735","0.5291","1.0","0.672432174036711","0.4316582116122646","0.5209580838323353","0.5092312328105775","0.4372707842026957","0.24584088826222325","0.47218929370563445"
"0.5337829923797319","6","4","Georgia, Cook","-83.4295,31.1607","0.470021713996316","0.193548387096774","0.5800624325170237","0.5158","1.0","0.49930824224945697","0.5799599559258665","0.4610778443113772","0.5239446622367122","0.42034959019961243","0.6575798398183499","0.32475271789814747"
"0.5337067483791025","6","9","Texas, Kaufman","-96.2873,32.5991","0.5012508641312887","0.408163265306122","0.593402993082145","0.3715","1.0","0.7194085185102618","0.5891576150676885","0.4550898203592814","0.42229651508178717","0.3219679497769076","0.4376117191859123","0.6073808613870284"
"0.5336535278159665","8","2","District Of Columbia, District of Columbia","-77.0166,38.9042","0.709630761640279","0.318801476853167","0.841611284587443","0.9739","0.5","0.25603808183780496","0.665408730916593","0.40119760479041916","0.42544161229202965","0.24090237726615935","0.25257283403605124","0.3602378588916007"
"0.5335244301243073","2","1","North Carolina, McDowell","-82.0482,35.6774","0.34468599162239827","0.166666666666667","0.5639431661894437","0.7539","1.0","0.751491911899152","0.4605636164853491","0.3712574850299401","0.6095051758860066","0.44181958940786026","0.5111734627821525","0.5207053129692149"
"0.5334747441062152","2","4","Georgia, Liberty","-81.4925,31.8259","0.3757266841516875","0.195652173913043","0.5827246730652281","0.9195","1.0","0.49930824224945697","0.6742250155322","0.43113772455089816","0.29563056078471917","0.43388270681390356","0.5149980906533332","0.5597689806844236"
"0.5334330199161219","8","2","Tennessee, Davidson","-86.7865,36.1701","0.6338160909836167","0.283832644628099","0.7607281354625226","0.8125","0.825","0.26145055415676854","0.596632498118165","0.4550898203592814","0.41912465076501093","0.32749904945149366","0.313305681617382","0.3402516184956182"
"0.5333264853679706","10","4","California, San Joaquin","-121.273,37.9343","0.3755784004870113","0.164179104477612","0.7160085037822028","0.8083","1.0","0.5528135213810501","0.6025125426524821","0.532934131736527","0.43472072581226856","0.2692928850490229","0.475649077948457","0.5066282505625755"
"0.533287790265253","8","9","Indiana, Scott","-85.7463,38.6867","0.6449680873449141","0.451612903225806","0.5984414486354486","0.3894","1.0","0.4061590902707796","0.17739740227009965","0.502994011976048","0.540406913436432","0.4865888094469936","0.446970121782769","0.5590258210438052"
"0.5332452948061883","10","4","South Carolina, Horry","-78.9956,33.9213","0.4113721622421555","0.238907849829352","0.6114013702938836","0.5734","1.0","0.6761677914855059","0.5439638904344006","0.407185628742515","0.6578350382684304","0.3674552728395695","0.438654623350032","0.4832364782859025"
"0.5332349083152168","10","7","North Carolina, Swain","-83.4875,35.4867","0.3712335119590698","0.333333333333333","0.48866847029580474","0.5498","0.825","0.751491911899152","0.6793339085055836","0.3233532934131737","0.6037268925796017","0.46456162707064547","0.7056890779436125","0.3581214513365897"
"0.5330906573182814","8","2","Alabama, Lauderdale","-87.6562,34.9017","0.53152641939632","0.504424778761062","0.6011044155713755","0.5622","1.0","0.40374195381018385","0.4948796712908293","0.47904191616766467","0.6056629582719985","0.3798815353709968","0.35730519183635306","0.39757427257557204"
"0.5330722255483518","2","4","South Carolina, Anderson","-82.6396,34.5183","0.40084355678285727","0.179611650485437","0.5772524171372562","0.7049","1.0","0.6761677914855059","0.5131876494551131","0.47904191616766467","0.5691748594129424","0.40596484695523927","0.42626585202823725","0.4390655390251525"
"0.5330362555817144","8","5","Texas, Bailey","-102.83,34.0685","0.566711095440898","1.0","0.4989196061565447","0.5769","0.675","0.7194085185102618","0.4892571260896993","0.2275449101796407","0.4886637078344629","0.2936784701134445","0.5727459868900007","0.4081142607902613"
"0.5329961614382905","10","2","Tennessee, Johnson","-81.8489,36.4552","0.5412588265488614","0.8","0.5292600133833084","0.6237","0.75","0.26145055415676854","0.33933774946732215","0.33532934131736525","0.6527643232093532","0.45873079503090697","0.5416113432511166","0.8342416635806725"
"0.5329154876789526","10","4","Pennsylvania, Northumberland","-76.708,40.8479","0.49738888778750784","0.294964028776978","0.6121392204683468","0.7313","1.0","0.5168765274771758","0.3153205370508661","0.49101796407185627","0.6281436499318728","0.4454574254496762","0.2874622233370003","0.4855436286857108"
"0.53289371596397","2","4","Florida, Highlands","-81.3407,27.3425","0.3982724166339895","0.182692307692308","0.5941212235143593","0.8001","1.0","0.36515492191213655","0.5281481126354126","0.2694610778443114","0.8253693595946673","0.4125760023976276","0.565937013239227","0.4265530859615097"
"0.5328655570366629","10","4","Georgia, Gordon","-84.873,34.5049","0.43049848212755726","0.110236220472441","0.6353087387210476","0.7545","1.0","0.49930824224945697","0.4340732426667752","0.47904191616766467","0.4886637078344629","0.38701921994100075","0.5802433669127239","0.542593425820085"
"0.5328533184708679","10","4","Indiana, Sullivan","-87.4141,39.0895","0.49368272988763423","0.36","0.5323034398493346","0.9357","0.75","0.4061590902707796","0.39834528946055886","0.5089820359281437","0.5539608364828539","0.4827995870209272","0.40753669330708897","0.5413453676941534"
"0.5327967421340751","8","9","Arkansas, Sharp","-91.4782,36.1626","0.6430158678942995","0.810810810810811","0.5053203283403847","0.3365","0.75","0.5574725952297617","0.3369754738101368","0.4191616766467066","0.712396635537302","0.5535158870014193","0.47567160496907324","0.0"
"0.5327727758352108","8","5","Mississippi, Carroll","-89.9199,33.4483","0.7590614606166459","0.454545454545455","0.4383570902670271","0.4906","0.5","0.5163989158141343","0.548321787221471","0.39520958083832336","0.6578350382684304","0.47519636259366366","0.5128145441227427","0.0"
"0.5327562239368654","8","9","Indiana, Henry","-85.3963,39.9303","0.63852351106571","0.650406504065041","0.5829606784337992","0.3457","1.0","0.4061590902707796","0.29929550588372356","0.47904191616766467","0.5858342498966352","0.418044157198063","0.3769895688994376","0.48783120552783427"
"0.5326319072724638","6","7","Mississippi, Tishomingo","-88.2392,34.7402","0.45644797530151887","0.428571428571429","0.4942246059354189","0.4826","1.0","0.5163989158141343","0.3494865056755172","0.4191616766467066","0.6189409155096902","0.5493966998655595","0.6456511768369908","0.45326538416453444"
"0.532600611501893","10","4","South Carolina, Oconee","-83.0674,34.7523","0.411769572703275","0.390243902439024","0.5135625997667479","0.6278","1.0","0.6761677914855059","0.44599041212874896","0.43113772455089816","0.6611775880966219","0.37140390497357784","0.47077718584465","0.46988910789842536"
"0.5324082840465459","8","4","Arkansas, Independence","-91.57,35.7424","0.4840888879532395","0.6","0.5527458620307544","0.6326","1.0","0.5574725952297617","0.4089955342015113","0.43113772455089816","0.5627304600978258","0.38745034733691885","0.43206510648074525","0.35936740154062174"
"0.5323682609500173","2","4","Indiana, Grant","-85.6547,40.5159","0.44323541075596595","0.111801242236025","0.6200018342048401","0.6673","1.0","0.4061590902707796","0.4570761022949862","0.5389221556886228","0.5858342498966352","0.5197613793225084","0.511041691822849","0.36903522073213624"
"0.5323261979994776","8","2","Connecticut, Hartford","-72.731,41.8028","0.6808449162154544","0.263525725991083","0.74031092995747","0.737","1.0","0.35653512920289365","0.5433095776394669","0.2754491017964072","0.5472454870957077","0.19950328061188086","0.1950615926288682","0.45157444505319666"
"0.532235818548519","8","9","Kentucky, Allen","-86.1946,36.752","0.5976515889121983","0.631578947368421","0.4742381219977539","0.3674","0.825","0.6498233878958141","0.2615022471288908","0.4550898203592814","0.558371441896005","0.48423617900900756","0.4954206563816688","0.5438948624467196"
"0.5322349269232015","8","2","Minnesota, Steele","-93.2263,44.0224","0.6678952665235708","0.8","0.5525356932319975","0.5699","0.825","0.7794980274392814","0.39874519545556386","0.2874251497005988","0.5472454870957077","0.24644342611915193","0.10365978094773598","0.5454913204821112"
"0.5321907353806804","2","4","Texas, Navarro","-96.4743,32.0462","0.3718706448575869","0.184210526315789","0.5625489203477719","0.8822","0.675","0.7194085185102618","0.6057554473081038","0.43113772455089816","0.5494974081927578","0.32694885469661317","0.6688169474893938","0.41857699172168755"
"0.5321675751560655","8","7","Mississippi, Walthall","-90.1045,31.1497","0.5635898696699777","0.272727272727273","0.4564810123871062","0.4403","0.675","0.5163989158141343","0.6381882383164695","0.3652694610778443","0.5938927650957907","0.5095666833385171","0.6630656537904559","0.49718729818383967"
"0.5320958725672695","10","4","Pennsylvania, Indiana","-79.0896,40.6524","0.43306465573206676","0.25","0.5998100059589072","0.9198","1.0","0.5168765274771758","0.28194455770120136","0.5209580838323353","0.5837920978957992","0.36662104339021806","0.41229401249958975","0.4828808780109546"
"0.5320832171568043","10","4","Georgia, Screven","-81.6078,32.7498","0.4486482554412092","0.210526315789474","0.4752564631635743","0.8959","0.675","0.49930824224945697","0.631218518014115","0.44311377245508987","0.5734100391661536","0.39227653980031735","0.5923685963159118","0.49260849359534925"
"0.5319982441707466","10","2","Virginia, Staunton City","-79.0598,38.1597","0.5544414551662338","0.59375","0.6859894078590993","0.6081","1.0","0.5881367906958894","0.4887783906574173","0.33532934131736525","0.6317620454190964","0.3767514719577081","0.2521519663121729","0.0"
"0.5319306183028214","6","9","Alabama, Chilton","-86.7173,32.8504","0.5132016220073433","0.298701298701299","0.5215033683820253","0.3636","1.0","0.40374195381018385","0.5168698663446252","0.49101796407185627","0.5310891329236117","0.5146021357787389","0.5593407140411526","0.6300257781281304"
"0.5318608797332013","9","5","Minnesota, Mahnomen","-95.8092,47.3256","0.5178125286675949","0.6","0.44437760342409394","0.7679","0.25","0.7794980274392814","0.6341599558867487","0.19161676646706588","0.5648909983668218","0.6165259394466956","0.5953401041160138","0.41884055969861295"
"0.5318014482561275","10","1","Ohio, Pike","-83.0677,39.0763","0.2977976767936275","0.4","0.5362058139089716","0.7822","1.0","0.672432174036711","0.3140233874542166","0.44910179640718567","0.5670390838965326","0.5502046170229652","0.5423331768149482","0.5789677233519895"
"0.5317793958544104","7","5","Utah, San Juan","-109.8034,37.6276","0.7849623577916377","0.559322033898305","0.3715503986039805","0.88","0.5","0.04550202230851092","0.6232493659239627","0.1377245508982036","0.46124754169706367","0.40343236058334403","0.7523097160129935","0.4603191614476449"
"0.5316039954152507","2","7","Missouri, Dunklin","-90.0912,36.2717","0.33659338774247094","0.12","0.547595090902592","0.6316","1.0","0.6713285985896172","0.5038101307895055","0.4970059880239522","0.5775976316230177","0.6216857679494185","0.6929432654563521","0.0"
"0.5312658409827443","6","9","Kentucky, Kenton","-84.5324,38.9395","0.578438122192979","0.355855855855856","0.7375494870127464","0.4343","1.0","0.6498233878958141","0.3668939411737671","0.5508982035928144","0.4752076683887773","0.4147550309780445","0.20021906921984206","0.3743059812242439"
"0.5311586607555785","6","9","Oklahoma, Washington","-95.9051,36.7138","0.5381398289647014","0.112582781456954","0.5727264346926143","0.3311","1.0","0.6933119590201189","0.6610883740274953","0.4191616766467066","0.5998243249034969","0.4276522413060344","0.31191336640768264","0.4421278386007068"
"0.5311454376823141","10","4","Oregon, Umatilla","-118.7354,45.5907","0.4880171223407739","0.344086021505376","0.5482087858468072","0.9901","0.75","0.5704827129810713","0.48508677692553676","0.34730538922155696","0.5092312328105775","0.36298514705929175","0.5106616391847109","0.34634094078950634"
"0.5311209676684884","2","4","Illinois, Vermilion","-87.7338,40.1842","0.37338522240899824","0.379310344827586","0.6012995518436448","0.7587","1.0","0.42780561490378566","0.5107172911253018","0.5149700598802395","0.5858342498966352","0.49930653628176935","0.44356345492312904","0.3473942171306194"
"0.5310806135340899","10","5","West Virginia, Gilmer","-80.8595,38.9251","0.5523175152166211","0.75","0.4442236602917211","0.8491","0.5","0.42782761630184035","0.5739925073655212","0.38922155688622756","0.540406913436432","0.5742272820699946","0.5837143447828329","0.0"
"0.531021728364902","7","2","Nebraska, Dodge","-96.656,41.5807","0.74499766466479","0.690677966101695","0.5449688496070592","0.5737","0.825","0.25083837871869175","0.38878662867857566","0.3592814371257485","0.5938927650957907","0.36112482556276954","0.2986834652032016","0.4673242197132345"
"0.5310144306693443","8","5","Texas, Swisher","-101.7349,34.5303","0.5404650657106116","0.357142857142857","0.45740906825487654","0.7211","0.575","0.7194085185102618","0.5939837970584799","0.25748502994011974","0.5775976316230177","0.2580975532838342","0.7263372723726319","0.4430548389512488"
"0.5308679307389801","10","4","Kentucky, Calloway","-88.2732,36.6209","0.4558180620960133","0.260869565217391","0.5748936358876292","0.8026","1.0","0.6498233878958141","0.3765015556168809","0.4610778443113772","0.5494974081927578","0.3477238458770511","0.40510728735794505","0.39728846249813693"
"0.5307959921189205","10","4","Kentucky, Hardin","-85.9632,37.6976","0.43910954463490487","0.397260273972603","0.6158660814582864","0.6625","1.0","0.6498233878958141","0.5165808979820594","0.5269461077844312","0.46408171358848016","0.4477865484169997","0.26134214293249247","0.3872380457087575"
"0.5306264248389854","6","9","Georgia, Newton","-83.8455,33.5551","0.503143435490809","0.202334630350195","0.6199248042038432","0.2792","1.0","0.49930824224945697","0.6402353937066897","0.5089820359281437","0.4377631248108773","0.4588559775040971","0.542181664434352","0.5747063274954718"
"0.5305580990365574","8","5","Louisiana, Pointe Coupee","-91.6021,30.7141","0.6963059141357442","0.380368098159509","0.49442574041547716","0.6024","0.675","0.17214552458425092","0.5734057976529695","0.37724550898203596","0.6114115319998742","0.40356006659786553","0.5171419121153102","0.5485826423801361"
"0.5304692631940655","6","9","Georgia, Rockdale","-84.022,33.6515","0.5297809307452178","0.220883534136546","0.6829186090506778","0.1627","1.0","0.49930824224945697","0.6766572226096423","0.5149700598802395","0.46968620728685795","0.4596797899632085","0.4736681534903984","0.5127668229280391"
"0.5303468598284325","2","1","Missouri, Laclede","-92.5888,37.659","0.31561497636894453","1.0","0.5455148957125651","0.6256","1.0","0.6713285985896172","0.3151748018209523","0.38922155688622756","0.5648909983668218","0.4550476318299338","0.5210882585656271","0.5048631303225992"
"0.5302612977623888","8","4","Indiana, Fayette","-85.178,39.6368","0.5131515630475634","0.3","0.6168442908886396","0.5883","1.0","0.4061590902707796","0.2931304862672788","0.49101796407185627","0.6037268925796017","0.5265727881057884","0.47720477461413097","0.3848620552257543"
"0.530181339394682","10","4","Kentucky, Graves","-88.6514,36.7229","0.48513136339636054","0.0986842105263158","0.5258765803653634","0.5801","1.0","0.6498233878958141","0.42292891358413","0.47904191616766467","0.5775976316230177","0.44182680095451693","0.4705356864946031","0.4347306231887156"
"0.530177838551453","10","4","Texas, Reeves","-103.6904,31.3232","0.4046417384735759","1.0","0.5016692563526249","0.9112","0.675","0.7194085185102618","0.48893191760520927","0.22155688622754494","0.43165328621112686","0.2554194623736304","0.6571513419745855","0.5072559329084806"
"0.5300673632712652","8","9","Virginia, Page","-78.488,38.6181","0.66574262484729","0.322784810126582","0.5272948254884378","0.1264","1.0","0.5881367906958894","0.2971895170986518","0.3233532934131737","0.6281436499318728","0.4935022648048675","0.5364178960949652","0.5593096723628844"
"0.5300548171567968","8","2","Maryland, Baltimore","-76.6291,39.4578","0.6379726595111487","0.300285777093867","0.7571557469155167","0.618","0.825","0.4167867362521145","0.5932413368443549","0.4730538922155689","0.5472454870957077","0.28930038482611153","0.12965426715665762","0.4623456516582477"
"0.5300538184343254","10","4","Colorado, Pueblo","-104.5127,38.1736","0.4571388688859597","0.257425742574257","0.5964293592964294","0.7937","0.825","0.903104230085054","0.518863141930047","0.17964071856287425","0.5755097168756041","0.32445838084457046","0.4497868471508952","0.37524058436313257"
"0.5299949512807086","2","4","Oklahoma, Jackson","-99.4114,34.5878","0.40976718215093694","0.238095238095238","0.5143097137975837","0.6893","1.0","0.6933119590201189","0.6310135188637845","0.311377245508982","0.5016507991249867","0.38970514537678824","0.5100955569569678","0.48141475586936927"
"0.5299912644466801","8","5","Georgia, Randolph","-84.7573,31.7662","0.5697425736501074","0.0355029585798817","0.483375819250107","0.8873","0.32499999999999996","0.49930824224945697","0.5390611465542282","0.4610778443113772","0.6406572602088578","0.4722393109029264","0.6724331398633676","0.4046602576559435"
"0.529947581280656","6","4","Mississippi, Pearl River","-89.5868,30.7709","0.46796784055454643","0.0974358974358974","0.538742625211461","0.5154","1.0","0.5163989158141343","0.5555263377365111","0.37724550898203596","0.5817386943120182","0.4872665627217076","0.5767341173301701","0.513308907591693"
"0.5297607711377872","10","1","Arkansas, Chicot","-91.2954,33.2646","0.32984863297336137","0.1","0.49511480720707013","0.9863","0.675","0.5574725952297617","0.6568911996803416","0.4191616766467066","0.6095051758860066","0.5108529302641712","0.6086232950466837","0.45693275365638936"
"0.5296328000704404","8","7","Alabama, Conecuh","-86.9932,31.434","0.5501977572406616","0.5","0.4789064964903947","0.213","0.675","0.40374195381018385","0.6505354014597281","0.43712574850299407","0.6476236650502001","0.6433094778859235","0.6591102238640841","0.37312528143068496"
"0.5293881553649736","6","9","Alabama, Etowah","-86.0405,34.0457","0.5276213598740598","0.301980198019802","0.6243236986280847","0.2904","1.0","0.40374195381018385","0.565031832284541","0.5089820359281437","0.5858342498966352","0.4970307559636218","0.5013387227009752","0.3412503883098672"
"0.5293843031988296","10","4","Texas, Lubbock","-101.8205,33.6101","0.4281390554789945","0.118506493506494","0.6950567386599165","0.8555","1.0","0.7194085185102618","0.5480983418084203","0.311377245508982","0.42856039038869453","0.3075705673217615","0.42661041855325427","0.3910413675666912"
"0.5293413689072124","10","4","Maine, Androscoggin","-70.2038,44.1665","0.5308155644426028","0.55","0.6397081389087199","0.8806","0.825","0.631081372507402","0.4097356658710402","0.2754491017964072","0.5539608364828539","0.3480143963175726","0.26141735411422734","0.37952266847085"
"0.5292929514601789","2","1","Arkansas, Garland","-93.1492,34.5769","0.35515263746503645","0.0930232558139535","0.6248585937025662","0.8313","1.0","0.5574725952297617","0.5301987100388617","0.4131736526946108","0.667774075480636","0.42837129876669267","0.4556598594289691","0.345919772681141"
"0.5292825627353716","8","9","Alabama, Autauga","-86.6441,32.5395","0.6007319401077195","0.590909090909091","0.575494546488637","0.3741","1.0","0.40374195381018385","0.5636532711451172","0.5209580838323353","0.5016507991249867","0.3624320166709362","0.26055466611503725","0.512324602562135"
"0.5292777285239757","8","5","Kentucky, Edmonson","-86.2396,37.2122","0.6564306967798833","0.48","0.46902638422689236","0.588","0.575","0.6498233878958141","0.3316944281511829","0.47904191616766467","0.613308186513927","0.4820572179491487","0.5469433436953591","0.0"
"0.5292746089444701","8","9","Mississippi, Clarke","-88.689,32.0416","0.6857515523334415","0.408163265306122","0.44328006431465633","0.1156","0.75","0.5163989158141343","0.6181497450415713","0.4131736526946108","0.6095051758860066","0.41892994120532906","0.5591653423967854","0.5065385219322351"
"0.5292527426413609","10","1","Georgia, Tattnall","-82.0554,32.0479","0.3086475368223622","0.181818181818182","0.5215642822709412","0.9608","0.75","0.49930824224945697","0.6332732987183465","0.4550898203592814","0.47245716285929296","0.5869863340454665","0.5903494001454084","0.5666056188076414"
"0.5292259653314564","10","4","Florida, Escambia","-87.3728,30.6765","0.49887733343963514","0.211143695014663","0.6850112089118844","0.6896","1.0","0.36515492191213655","0.637678437438885","0.4131736526946108","0.540406913436432","0.39943277934094895","0.3566198132897553","0.35096331702426453"
"0.5289835782131131","10","4","California, Stanislaus","-120.9971,37.5586","0.44947628024934655","0.284436493738819","0.6775719785601612","0.6043","1.0","0.5528135213810501","0.5104021126820444","0.5568862275449102","0.44674408486908573","0.2749661742848966","0.4935826452802077","0.45823807113756504"
"0.5286533928944772","8","5","Louisiana, Iberville","-91.35,30.2573","0.6339790074336693","0.099236641221374","0.5641954247741554","0.9564","0.75","0.17214552458425092","0.6032340008792321","0.38922155688622756","0.504194780386106","0.4954798564905971","0.5387304279855357","0.0"
"0.5285562695895354","6","9","Mississippi, Madison","-90.0351,32.6339","0.6805177259966759","0.490494296577947","0.6068587605507838","0.2693","1.0","0.5163989158141343","0.6004947981948573","0.4610778443113772","0.4437744133187831","0.3009378647178681","0.1511406847560257","0.6208572498494012"
"0.5285257521702207","2","1","Texas, Tyler","-94.3769,30.7703","0.3695814662464098","0.333333333333333","0.4887948027302655","0.9675","0.575","0.7194085185102618","0.5614960226122533","0.37724550898203596","0.6441567395133083","0.3217604353529344","0.6285002418021326","0.464178600683751"
"0.5284560939972425","2","4","North Carolina, Jackson","-83.1409,35.2881","0.40089467675495966","0.333333333333333","0.5845449533912112","0.8733","0.675","0.751491911899152","0.6311530622538284","0.3233532934131737","0.5978576089534523","0.3028936089564807","0.4571489439369069","0.4801088672145185"
"0.5284451444610292","6","4","Alabama, Morgan","-86.8548,34.455","0.4572427714050383","0.336363636363636","0.6233327675037258","0.5775","1.0","0.40374195381018385","0.6017460391752611","0.5149700598802395","0.5517358041566147","0.3993598994181439","0.4145911630373739","0.41459574417381423"
"0.5283825227605295","10","4","Oklahoma, Craig","-95.2092,36.7627","0.37077081487952784","0.153846153846154","0.4773915000931935","0.7243","0.75","0.6933119590201189","0.7446579764574849","0.407185628742515","0.6075890184122873","0.4362899184880338","0.5609314123678915","0.3985480136063984"
"0.5283352553794635","10","7","North Carolina, Washington","-76.573,35.8381","0.39108370897477457","0.0769230769230769","0.525934745746921","0.5033","0.75","0.751491911899152","0.7148445378787552","0.33532934131736525","0.667774075480636","0.5217547504317807","0.6227628760998122","0.3896552849807935"
"0.5283251868968797","8","4","Maryland, Allegany","-78.6928,39.6236","0.5189839636780696","0.24375","0.6434844233621446","0.752","1.0","0.4167867362521145","0.40246677827441024","0.3592814371257485","0.6114115319998742","0.4204523882762776","0.41056960540532234","0.33655405263985944"
"0.5282819502115964","8","4","Michigan, Ionia","-85.0741,42.945","0.5049716128940462","0.26271186440678","0.5608254118911237","0.8306","1.0","0.41517557433580937","0.4597235957019572","0.4550898203592814","0.4833394486037307","0.3598751018647568","0.29669067166976454","0.6968395775600497"
"0.5282360968067861","2","7","Virginia, Bristol City","-82.1636,36.6163","0.3554391364290998","0.666666666666667","0.7369063022180025","0.5358","1.0","0.5881367906958894","0.4595086109081202","0.38323353293413176","0.6207997313712245","0.5265517454310895","0.5300833221202869","0.0"
"0.5280833275353369","8","2","Illinois, Stephenson","-89.6626,42.3513","0.6507038067704443","0.610294117647059","0.5840660611653964","0.4301","0.825","0.42780561490378566","0.4532695957982679","0.4610778443113772","0.6441567395133083","0.32676969531889943","0.28414130449131875","0.46549632587943396"
"0.5280290674147348","9","5","Texas, Zavala","-99.7605,28.8662","0.5400685493920127","0.888888888888889","0.4865564082078924","0.9331","0.575","0.7194085185102618","0.31848877549415056","0.3173652694610779","0.47793802351369025","0.2609810575539193","0.7169094720187154","0.0"
"0.5280099616110839","10","4","Pennsylvania, Lycoming","-77.0663,41.3431","0.5233051430990258","0.445205479452055","0.5848595542063203","0.6708","1.0","0.5168765274771758","0.3747170979509829","0.4251497005988024","0.5898852876912913","0.40365972549298795","0.2745639295650312","0.4574941993647298"
"0.5279535343923684","10","4","Kansas, Shawnee","-95.7557,39.041","0.46455460814448696","0.318918918918919","0.6617078532670299","0.7755","1.0","0.535277945802919","0.5791974407283141","0.39520958083832336","0.560557323866868","0.39500348652023026","0.19260287733032042","0.36703338345984643"
"0.5279455936335373","7","5","Nebraska, Saline","-97.1409,40.5242","0.8779305165303057","0.525423728813559","0.5003283244576752","0.5339","0.675","0.25083837871869175","0.4012592853069523","0.33532934131736525","0.49129758316188105","0.33347629235964604","0.40570582787345777","0.429293462982009"
"0.5278331869432175","8","5","Nevada, Lander","-117.0397,39.9332","0.6668305330202542","0.631578947368421","0.4014358734236481","0.9083","0.675","0.5573731273809973","0.49581708755995385","0.10778443113772454","0.4939129750014257","0.42084615107344914","0.3760477941020627","0.35706318175222174"
"0.5278008315681413","6","7","Virginia, Buena Vista City","-79.353,37.7348","0.46066461030315303","0.25","0.6894830144225587","0.298","1.0","0.5881367906958894","0.5320251737137383","0.3233532934131737","0.5878652729484978","0.8181200599403647","0.4838652637096602","0.0"
"0.5277884077752776","8","7","Texas, Lamb","-102.3516,34.0686","0.515480626054942","0.636363636363636","0.46665635471524375","0.5705","0.675","0.7194085185102618","0.5204164919438956","0.2694610778443114","0.540406913436432","0.38356127055263795","0.670079792887057","0.349962587963915"
"0.52762828775983","8","2","Louisiana, West Baton Rouge","-91.3099,30.4606","0.6231478833266735","0.256756756756757","0.6296925432509256","0.9424","1.0","0.17214552458425092","0.5646417913600347","0.3592814371257485","0.4555137084840577","0.40332802959656006","0.38210247590123525","0.0"
"0.5276266808021437","8","4","Louisiana, De Soto","-93.7413,32.0546","0.5495891314780472","0.0917431192660551","0.5202687623012356","0.7128","0.75","0.17214552458425092","0.7001198322327494","0.4131736526946108","0.5561726637917245","0.5090614491479385","0.57263395735199","0.5382265591883038"
"0.5275351624425894","8","9","North Carolina, Mecklenburg","-80.8318,35.2447","0.5506135405958051","0.321485623003195","0.7557166735865674","0.4616","0.825","0.751491911899152","0.6551229077896426","0.4970059880239522","0.38232698451072306","0.22385748335345715","0.27698037642167","0.4556210839121826"
"0.5274771210147797","10","7","South Carolina, Hampton","-81.1385,32.7742","0.3819672121038054","0.103448275862069","0.4924169449580632","0.5903","0.75","0.6761677914855059","0.6589170793068002","0.43113772455089816","0.5712984652022484","0.5595826843261382","0.605683882195309","0.5026345449384724"
"0.5274476351392686","10","4","Arkansas, Pulaski","-92.3136,34.7705","0.47519289224050304","0.210834553440703","0.6963462560851937","0.631","1.0","0.5574725952297617","0.619022121459988","0.4670658682634731","0.49908933331939354","0.3907720264324182","0.28471114122249785","0.30843317981304497"
"0.5273764559942845","6","9","Georgia, Murray","-84.7499,34.789","0.541474249133432","0.45","0.5576340208154541","0.305","1.0","0.49930824224945697","0.3274164830852671","0.44910179640718567","0.4886637078344629","0.4736776378686718","0.6335043893172992","0.5584275990343579"
"0.5272907477532515","8","7","Arkansas, Sevier","-94.2425,33.9978","0.569385023152087","0.555555555555556","0.5179500895192566","0.3432","0.675","0.5574725952297617","0.5894438021622739","0.4131736526946108","0.4886637078344629","0.42453982276945534","0.6421490729222669","0.47660253625111804"
"0.5271932379705784","8","2","Nebraska, Hall","-98.5022,40.8726","0.7413893349050571","0.185393258426966","0.5785793575810945","0.5909","1.0","0.25083837871869175","0.5214073127308526","0.29341317365269465","0.4965101409658336","0.3233441911769244","0.36489498108880847","0.4477159444824079"
"0.5270657151149698","2","4","Texas, Victoria","-96.9681,28.7978","0.3873827439095421","0.0974025974025974","0.6126887328779698","0.7466","1.0","0.7194085185102618","0.511384612973719","0.4131736526946108","0.5215324091055006","0.40607329647290885","0.47835304710048787","0.3238980214530185"
"0.5270318331719906","6","9","Ohio, Summit","-81.5312,41.1246","0.5254152379484199","0.317587939698492","0.7211997123052075","0.4037","1.0","0.672432174036711","0.4651403531497479","0.5449101796407185","0.558371441896005","0.3486713941449849","0.20305638380035926","0.39616842191170665"
"0.527000457025225","10","4","Ohio, Jefferson","-80.7626,40.3861","0.43075948306477135","0.271186440677966","0.6105590378441459","0.5626","1.0","0.672432174036711","0.37397386797950805","0.5089820359281437","0.6299572389493907","0.46174790067328614","0.39754813969804836","0.3144267794103343"
"0.5269647620148686","8","6","Ohio, Monroe","-81.0846,39.7298","0.7232959760128453","0.943396226415094","0.49488804890066046","0.3349","0.675","0.672432174036711","0.1436566850021783","0.4670658682634731","0.6661358670949733","0.4507517822063255","0.40229104644187536","0.0"
"0.5269223220491046","10","1","Oklahoma, Sequoyah","-94.7546,35.4945","0.2562893881285968","0.142857142857143","0.5117690699218835","0.603","0.825","0.6933119590201189","0.698534573456548","0.43113772455089816","0.579673914473061","0.5333822393830809","0.7159532847726667","0.5652284365709763"
"0.526801210245397","8","9","Indiana, Allen","-85.068,41.0919","0.5865681417586701","0.390862944162437","0.673939844871029","0.3878","1.0","0.4061590902707796","0.5136768651389199","0.5748502994011976","0.4833394486037307","0.3697772156014267","0.31640423696923886","0.3944326014664909"
"0.5267283481600864","10","4","Texas, Colorado","-96.5274,29.6221","0.4782053635858777","0.444444444444444","0.5057788920997902","0.7428","0.75","0.7194085185102618","0.5961693306525752","0.40119760479041916","0.6406572602088578","0.2581922501562476","0.3672807863528887","0.36976815608624614"
"0.5265934670003658","8","5","Texas, Parmer","-102.7845,34.5299","0.642760155726258","0.68","0.5111445944636637","0.5062","0.675","0.7194085185102618","0.4018808758718706","0.23952095808383234","0.45839165180163993","0.34860967626079914","0.550384406650994","0.44995453309173195"
"0.5265184609049597","10","4","Alabama, Bibb","-87.1251,32.9964","0.47233015801717043","0.16","0.49893092215234486","0.7189","0.825","0.40374195381018385","0.563161735048562","0.49101796407185627","0.542700408721451","0.49039775038460054","0.5319893987356529","0.5096304666888399"
"0.5265054426559677","2","4","Arkansas, Clark","-93.1748,34.0461","0.39892583037100593","0.114285714285714","0.5481252010999462","0.9764","0.825","0.5574725952297617","0.6131608664160185","0.4251497005988024","0.5380992168517501","0.3897034474499095","0.37911897791274074","0.5492611891405892"
"0.5264648772118429","8","2","Michigan, Kalamazoo","-85.5304,42.2454","0.583872879828268","0.374823196605375","0.7012985353407363","0.6947","0.825","0.41517557433580937","0.5213488115440372","0.5209580838323353","0.49129758316188105","0.3198248087469895","0.2315541548970049","0.425119230831772"
"0.5264045025866864","2","1","Ohio, Athens","-82.0428,39.3343","0.28056436345856756","0.5","0.6074722334033194","0.9952","1.0","0.672432174036711","0.3540391971829939","0.44910179640718567","0.43165328621112686","0.3791083547965707","0.5002215762592332","0.478833510780041"
"0.5263882442687275","6","9","Colorado, Arapahoe","-104.3354,39.6498","0.6331485595106537","0.281215772179628","0.7224536239899895","0.3613","1.0","0.903104230085054","0.5880664752668283","0.3053892215568862","0.4377631248108773","0.15265213174152079","0.1215209226970754","0.5282480766888301"
"0.5263123062455488","10","4","Oregon, Jefferson","-121.1783,44.6281","0.49847954908163544","0.458333333333333","0.5138128087860596","0.7889","0.675","0.5704827129810713","0.6254749280459276","0.2754491017964072","0.5898852876912913","0.5157425266729165","0.5487909227249315","0.0"
"0.5262851463893257","10","4","Arkansas, Washington","-94.218,35.9768","0.4236797619906347","0.382978723404255","0.6455934933684224","0.8825","1.0","0.5574725952297617","0.5101972448661501","0.4131736526946108","0.39950476257029566","0.3102842949863696","0.39787877822644774","0.4225414824915945"
"0.5262190817226003","8","9","Indiana, Howard","-86.1135,40.4853","0.6048262435977821","0.350877192982456","0.6121209827059508","0.2509","1.0","0.4061590902707796","0.4576886435524141","0.5149700598802395","0.5918944128138512","0.4937278889202989","0.34214426473560855","0.44125794633535426"
"0.5261554336924129","6","9","Ohio, Stark","-81.3644,40.8148","0.5016667300494876","0.314647377938517","0.6733643717559918","0.3846","1.0","0.672432174036711","0.43558656460342393","0.5508982035928144","0.5918944128138512","0.4037195702923411","0.25767375084945643","0.39056671823518513"
"0.5261392855702504","2","1","Oklahoma, Mayes","-95.2318,36.3018","0.3315344730964494","0.142857142857143","0.5291650030503071","0.6135","1.0","0.6933119590201189","0.5977806712217342","0.43113772455089816","0.5775976316230177","0.448326392637565","0.5128743739516912","0.5455651188062028"
"0.5261229023972002","2","7","South Carolina, Cherokee","-81.6183,35.0512","0.3398965519603046","0.260869565217391","0.5495528832920118","0.4725","1.0","0.6761677914855059","0.5704330061758952","0.44910179640718567","0.5357771420024626","0.5492709510595523","0.5595674376034835","0.4679782188588966"
"0.5260560309026651","10","4","Louisiana, Natchitoches","-93.0982,31.7232","0.4738349726987776","0.138613861386139","0.5344898567445668","0.8147","0.825","0.17214552458425092","0.7112540113755657","0.39520958083832336","0.5287228277828","0.5355816759640437","0.6261619128395661","0.35708126742836527"
"0.5258371519076517","10","4","Illinois, Macon","-88.9634,39.8606","0.48993635877251873","0.269938650306748","0.6376808931414331","0.6425","1.0","0.42780561490378566","0.49740449126590075","0.5269461077844312","0.5978576089534523","0.3629156544616842","0.3251223150607303","0.3898429823791164"
"0.525777158581396","8","5","Mississippi, Lawrence","-90.1084,31.5515","0.6675993792330392","0.350649350649351","0.3992882860202355","0.2926","0.675","0.5163989158141343","0.554762800470447","0.39520958083832336","0.5627304600978258","0.49233862461769745","0.6001980682232031","0.478729245556618"
"0.5257065277002609","10","9","Pennsylvania, Schuylkill","-76.2151,40.705","0.5725293096223211","0.25","0.6066905256162523","0.4715","1.0","0.5168765274771758","0.35467494285376416","0.5089820359281437","0.613308186513927","0.4095682925063864","0.3085906308667901","0.44963436087003816"
"0.5256499638385073","2","7","North Carolina, Beaufort","-76.8433,35.4853","0.36075083117723933","0.222222222222222","0.54635378574415","0.3996","1.0","0.751491911899152","0.6597899479199774","0.3712574850299401","0.6694051144412375","0.42899529034239337","0.516500134253776","0.42848537859300895"
"0.5255799353364491","8","2","Tennessee, Putnam","-85.5065,36.1401","0.6051394180302441","0.413793103448276","0.6166297835697243","0.546","1.0","0.26145055415676854","0.3995131916895983","0.39520958083832336","0.5472454870957077","0.40092502923304","0.4711275657943422","0.4238058050567192"
"0.525570582807015","6","9","Michigan, Genesee","-83.7059,43.0224","0.5196681633871262","0.121951219512195","0.7029476102206466","0.4585","1.0","0.41517557433580937","0.5820109210638612","0.43113772455089816","0.5494974081927578","0.43792185617150237","0.4136642851407291","0.4372617743751392"
"0.5254894725135973","8","9","Tennessee, Macon","-86.0078,36.5316","0.6295022136376762","0.45679012345679","0.531989922578111","0.3566","1.0","0.26145055415676854","0.3199911005893646","0.43712574850299407","0.526341402378779","0.5430848603236709","0.5093795368178112","0.5610093704997619"
"0.5254873368673112","10","7","Texas, Jasper","-94.0267,30.7469","0.3704473446647345","0.217391304347826","0.5314221127886637","0.6711","0.75","0.7194085185102618","0.5860600004385447","0.38922155688622756","0.5998243249034969","0.4346505281993702","0.6004395675732501","0.5033021754116506"
"0.5253202501631601","10","1","Texas, Hidalgo","-98.183,26.3942","0.3337452616346731","0.202352941176471","0.6871177576584643","0.8284","1.0","0.7194085185102618","0.2126854490875763","0.38323353293413176","0.38232698451072306","0.2972555153842743","0.8820823105843933","0.4769068673895144"
"0.5252464640858983","10","1","Kentucky, Johnson","-82.8264,37.8511","0.3222866726297692","0.4","0.5129912979069761","0.9459","1.0","0.6498233878958141","0.12501404229093566","0.407185628742515","0.5627304600978258","0.6022123495738757","0.54372646092876","0.4205609841252108"
"0.5251910877637628","10","4","Alabama, Lee","-85.3513,32.6015","0.4573805309801476","0.113839285714286","0.6292396702125137","0.9214","1.0","0.40374195381018385","0.5551987280383301","0.5449101796407185","0.39950476257029566","0.2963918678437203","0.37187472408941485","0.4845114810686935"
"0.5251582700980411","8","2","Rhode Island, Providence","-71.5775,41.8706","0.7225268631746496","0.251316944688323","0.7650028184736936","0.8832","0.825","0.0","0.5868175817128228","0.2694610778443114","0.504194780386106","0.2577156700127973","0.35979842434390963","0.36262478634217343"
"0.5250902796110907","8","2","Illinois, Randolph","-89.8251,38.051","0.6682206595163707","0.296610169491525","0.5592562563550084","0.5635","0.825","0.42780561490378566","0.4645683948346995","0.47904191616766467","0.579673914473061","0.335901789245117","0.3373572728546616","0.34533320553589253"
"0.5249847837793128","8","5","Georgia, Talbot","-84.5335,32.6964","0.5351142554566558","0.142857142857143","0.44024396336629323","0.7453","0.5","0.49930824224945697","0.6917752611709184","0.47904191616766467","0.6644904259777605","0.487801753972176","0.6451340242669302","0.0"
"0.5249368407485592","6","9","Georgia, Bartow","-84.8389,34.2373","0.5217808807036106","0.15625","0.6328550047836804","0.4238","1.0","0.49930824224945697","0.5264188877442891","0.49101796407185627","0.46968620728685795","0.38860484651561605","0.4719959461051932","0.550892417682026"
"0.5248416617178693","2","7","Oklahoma, Marshall","-96.7686,34.0231","0.3533311946628488","0.5","0.5194181952239186","0.4887","0.825","0.6933119590201189","0.6233503460041506","0.39520958083832336","0.6493451083308717","0.44974551746693153","0.5252650830817109","0.5156939897004397"
"0.5248049813998324","10","4","North Dakota, Rolette","-99.841,48.7725","0.4147133730672155","0.75","0.4616165835410521","0.8997","0.675","0.08543591436610563","0.6804080391768037","0.16766467065868262","0.3927283612037091","0.7659133372815421","0.7719216674936668","0.4957805222166092"
"0.5247104235837546","10","1","Kentucky, Knox","-83.854,36.8923","0.28597851152529147","0.25","0.5680869622421494","0.8173","1.0","0.6498233878958141","0.25126579218262585","0.4131736526946108","0.558371441896005","0.5894668583449472","0.5752288036783476","0.592434234098409"
"0.5247084027739952","10","4","Mississippi, Lee","-88.6815,34.2919","0.4154782823004181","0.202247191011236","0.6115966046444041","0.7663","1.0","0.5163989158141343","0.5535565884353952","0.44910179640718567","0.49129758316188105","0.3924202255671683","0.4813639166301612","0.31400020551589497"
"0.5245279922320029","8","2","Illinois, DeKalb","-88.7696,41.8937","0.6035865546165823","0.523012552301255","0.6105283899448761","0.6848","0.825","0.42780561490378566","0.47357106298230295","0.5449101796407185","0.42544161229202965","0.24057066951392522","0.30856810384617384","0.4898632141682804"
"0.5243395842330096","2","1","Texas, Rusk","-94.7618,32.1077","0.3450005374634781","0.142857142857143","0.537459593057892","0.7803","0.75","0.7194085185102618","0.6241218097110024","0.43113772455089816","0.5380992168517501","0.4362616586383283","0.556161618534942","0.49472949594055865"
"0.5242724688113359","10","7","Texas, Cass","-94.3465,33.075","0.3652126838078774","0.210526315789474","0.5128052362963901","0.6819","0.675","0.7194085185102618","0.5806299649874465","0.4131736526946108","0.6458942336050534","0.4672200550474425","0.5786972381751613","0.5207641868218045"
"0.5242633722772142","8","2","New York, Oneida","-75.4371,43.2438","0.6041528970116826","0.36884154460719","0.6759461413858878","0.8679","1.0","0.1452368843520714","0.42538472983022285","0.3053892215568862","0.579673914473061","0.3613967619830328","0.2840756612376951","0.4269716476270371"
"0.5241551185997088","10","4","Louisiana, Bienville","-93.054,32.3457","0.49756140569610413","0.0731707317073171","0.49083895325501986","0.9338","0.575","0.17214552458425092","0.6277643024615506","0.40119760479041916","0.613308186513927","0.6512249450286874","0.5519642048064669","0.5084127619242408"
"0.5241379314850706","8","9","Indiana, Noble","-85.4197,41.3967","0.6177103948112436","0.439189189189189","0.5797113434437682","0.4371","1.0","0.4061590902707796","0.2566102897293055","0.5868263473053893","0.5117241638959221","0.4038963721576005","0.29711432499296636","0.6174232602898944"
"0.5240987992452928","10","4","Texas, Johnson","-97.3662,32.3788","0.42895431862165617","0.333333333333333","0.6165468097744404","0.5431","1.0","0.7194085185102618","0.4677232552160608","0.44910179640718567","0.47793802351369025","0.3668924233112149","0.3753211160176685","0.5923011691896586"
"0.524012002966953","8","5","Illinois, Pulaski","-89.1309,37.2263","0.7243414278849353","0.5","0.4557692966486993","0.3337","0.5","0.42780561490378566","0.6477053619478492","0.48502994011976047","0.6406572602088578","0.4843991227405092","0.5142298708051145","0.0"
"0.5239722988445058","10","4","Indiana, Vanderburgh","-87.5876,38.0266","0.4528664189222842","0.26865671641791","0.6990751462885874","0.7096","1.0","0.4061590902707796","0.45346074325728447","0.5688622754491018","0.5380992168517501","0.41577185534834943","0.31492472038941227","0.3544125643727838"
"0.5239556959837043","2","4","Texas, Hill","-97.1342,31.9905","0.38874428250294984","0.272727272727273","0.5244743812822782","0.7676","0.75","0.7194085185102618","0.5234108831368844","0.4251497005988024","0.626321192473144","0.3244640168069324","0.5696226033702604","0.42154112199345994"
"0.523849101080657","10","5","Illinois, Alexander","-89.3291,37.1805","0.5388375956584112","0.5","0.5230174081174832","0.8488","0.5","0.42780561490378566","0.6071937032778935","0.4970059880239522","0.624489779413553","0.34327524979401774","0.5794320308314979","0.0"
"0.5238374302840721","10","4","Kentucky, Montgomery","-83.9145,38.0325","0.3964923517413063","0.3125","0.553993227083224","0.7065","1.0","0.6498233878958141","0.3252098023873222","0.4251497005988024","0.5239446622367122","0.4565878482228786","0.5014993185576264","0.5155581044305153"
"0.5237407554530579","2","4","Georgia, Carroll","-85.0798,33.5814","0.41125499612364663","0.0591133004926108","0.6183222776135566","0.6272","1.0","0.49930824224945697","0.5760663718272934","0.48502994011976047","0.46124754169706367","0.44098899327661095","0.5611806629508387","0.43944254574644426"
"0.5236344551592916","6","7","Alabama, Covington","-86.4505,31.2478","0.47862539858262865","0.245614035087719","0.5192624827610537","0.4702","1.0","0.40374195381018385","0.556552134732074","0.44910179640718567","0.6281436499318728","0.4496787875877857","0.567002444423963","0.3647538516731925"
"0.523448687368234","10","4","Kentucky, Breckinridge","-86.4289,37.7738","0.43162800377265503","0.357142857142857","0.482278351447898","0.7498","0.75","0.6498233878958141","0.3594832084565207","0.5269461077844312","0.5938927650957907","0.3840232558104634","0.5194544440058808","0.5395312672061208"
"0.5233188734520832","5","5","Alabama, Washington","-88.2069,31.4093","0.6205875801431254","0.383333333333333","0.4528787239081611","0.2566","0.5","0.40374195381018385","0.8436973495780474","0.4251497005988024","0.5858342498966352","0.4972183913982199","0.5769742844370624","0.512511294998894"
"0.5232780873271174","10","4","Kentucky, Grant","-84.6242,38.6496","0.4943992381229409","0.34375","0.5753733035219061","0.6087","1.0","0.6498233878958141","0.21768771321002958","0.4730538922155689","0.46689449529952165","0.4935765050293506","0.36535036602169546","0.565286666175458"
"0.5232278883257591","6","9","Georgia, Barrow","-83.7144,33.9915","0.6090370198760042","0.396887159533074","0.6092880150720673","0.0506","1.0","0.49930824224945697","0.5263901952320739","0.48502994011976047","0.42544161229202965","0.4547008514721233","0.4635851317303865","0.6099369728950848"
"0.5232206775547774","10","7","Montana, Big Horn","-107.4923,45.4234","0.47757537847275555","0.625","0.4127221872087605","0.4862","0.675","0.43215267570306487","0.6575527160535328","0.17964071856287425","0.42229651508178717","0.7173484242899273","0.8623418581957963","0.37712985631417295"
"0.52309263313355","6","9","North Carolina, Davie","-80.545,35.931","0.46298596592497265","0.311111111111111","0.5557827572608297","0.3356","1.0","0.751491911899152","0.4918723294611766","0.44311377245508987","0.6151952376728468","0.4273149997515335","0.33260903713821577","0.5453147963250891"
"0.5230766958060602","6","7","Indiana, LaGrange","-85.4267,41.6423","0.5209136547525938","0.448979591836735","0.5596126782309613","0.44","1.0","0.4061590902707796","0.16583592044348666","0.5808383233532934","0.46408171358848016","0.3639151040925936","0.7209451998734127","0.6205934698457864"
"0.5229508332359654","6","9","Wisconsin, Rock","-89.0715,42.6715","0.5938731666734027","0.424170616113744","0.6390203600799524","0.3814","1.0","0.5349291819271391","0.4477450037909235","0.4730538922155689","0.5310891329236117","0.37015832951187866","0.25689971757656255","0.41164314536710367"
"0.5227083085909802","9","7","South Dakota, Charles Mix","-98.5886,43.2066","0.46086734829469267","0.375","0.4314414324427725","0.6918","0.32499999999999996","1.0","0.6094182853894748","0.2275449101796407","0.5837920978957992","0.5029450818708587","0.6248308808149841","0.39482559611398305"
"0.5226818695741328","10","7","Ohio, Guernsey","-81.4925,40.0503","0.4122264666899004","0.333333333333333","0.5533058107551267","0.6132","1.0","0.672432174036711","0.29160083993695224","0.49101796407185627","0.5938927650957907","0.4519345658426463","0.48388016061039024","0.3700525118715384"
"0.5226500709327879","10","7","Georgia, Brooks","-83.583,30.8392","0.4370556078026101","0.0634920634920635","0.5395327383560673","0.6097","0.75","0.49930824224945697","0.600464037478614","0.4610778443113772","0.6017807168377609","0.4028784412837656","0.6910903574541609","0.5058169148721781"
"0.5226209995662946","8","2","Louisiana, West Feliciana","-91.4149,30.8788","0.6920385773583818","0.228260869565217","0.5056029931162151","0.8453","0.75","0.17214552458425092","0.5464351693463284","0.3592814371257485","0.46689449529952165","0.3033589306327921","0.47893402622896103","0.5211660801326047"
"0.522350518596154","10","4","North Carolina, Polk","-82.1681,35.2782","0.48134315088050994","0.258064516129032","0.5440529725624703","0.7338","0.75","0.751491911899152","0.4436705763225326","0.38922155688622756","0.7625250560842407","0.34496918026215895","0.2275794680013967","0.4993612503359113"
"0.522304252009629","10","2","Minnesota, Itasca","-93.6309,47.5101","0.5593976773427093","0.837209302325581","0.5112359827966035","0.6921","0.675","0.7794980274392814","0.40855891066794076","0.24550898203592814","0.6544622387094758","0.3225339699228882","0.19316508394161333","0.45928222017413756"
"0.5220870639182398","5","6","South Dakota, Moody","-96.6708,44.0227","0.6489000143274317","0.705882352941177","0.4405891361339011","0.3155","0.5","1.0","0.6273261479795539","0.24550898203592814","0.579673914473061","0.35118194148231546","0.27085908246476126","0.44051576423861705"
"0.5216392415123791","10","1","Kentucky, Harlan","-83.219,36.857","0.2293353582134647","1.0","0.536020957790067","0.8873","0.75","0.6498233878958141","0.2915263667271724","0.39520958083832336","0.5648909983668218","0.6014525594983641","0.5957293613432209","0.3503978218225874"
"0.521629013979792","8","9","Pennsylvania, Franklin","-77.7216,39.9296","0.6464113550744318","0.459234608985025","0.6087189349609184","0.2579","1.0","0.5168765274771758","0.3636131939827351","0.44311377245508987","0.595880459448231","0.37828366215256753","0.26960338273492807","0.48145409871432443"
"0.5215518912882011","2","4","Georgia, Glynn","-81.5381,31.2328","0.4092674331239052","0.226666666666667","0.6374304641699072","0.694","1.0","0.49930824224945697","0.5953504962652952","0.3532934131736527","0.595880459448231","0.3933291322640448","0.40959609899826216","0.4094168367811341"
"0.5214559799963726","8","7","Arkansas, Yell","-93.4117,35.0029","0.4893482936177169","0.692307692307692","0.5180083522710432","0.5521","0.75","0.5574725952297617","0.40394534379670305","0.4251497005988024","0.558371441896005","0.4922105846624996","0.4868626896947722","0.4091089232138637"
"0.5214314893888472","6","9","Iowa, Muscatine","-91.1122,41.4837","0.7289525935846378","0.312977099236641","0.6549444313328391","0.3642","0.825","0.5306255646958271","0.41091159166257285","0.49101796407185627","0.5310891329236117","0.29737717684685705","0.15839983548008166","0.5509157735340606"
"0.5213643905372283","10","1","Oklahoma, Pittsburg","-95.7513,34.9207","0.29332229797582327","0.0789473684210526","0.5104028452235154","0.7698","0.825","0.6933119590201189","0.7201797511041752","0.38922155688622756","0.6037268925796017","0.4866871489288683","0.5390160124727027","0.41385857270011783"
"0.5213413275306413","8","2","New York, Queens","-73.8168,40.7109","0.6850103619501925","0.0986047143998233","0.922989089118118","0.8478","0.575","0.1452368843520714","0.6519438104360983","0.3053892215568862","0.5067215141840639","0.17514723447415712","0.37889370770657854","0.4916337404592994"
"0.5212596573443082","6","9","Indiana, White","-86.8649,40.7491","0.7583936394317538","0.679775280898876","0.5643544806473579","0.0688","1.0","0.4061590902707796","0.2424131981613522","0.5209580838323353","0.6037268925796017","0.3529624596740927","0.24033157836538852","0.5603363884882434"
"0.5212561120216667","6","9","New Jersey, Burlington","-74.6693,39.8768","0.6709664950329124","0.257032258064516","0.6849177892302857","0.3193","0.825","0.7118730106573777","0.5160614465928549","0.502994011976048","0.542700408721451","0.2563629947050425","0.10036138912267066","0.5003959653011268"
"0.5212374903538084","6","7","Alabama, Monroe","-87.37,31.5673","0.4478227321811542","0.315789473684211","0.49405381454282354","0.3728","0.75","0.40374195381018385","0.7307000859402578","0.44311377245508987","0.5978576089534523","0.6110638945418219","0.644599189196816","0.3801734853743395"
"0.5211391717370553","10","7","Texas, San Patricio","-97.5176,28.0088","0.40643759346199815","0.52","0.5845321340049511","0.625","0.825","0.7194085185102618","0.39139081444650897","0.40119760479041916","0.4965101409658336","0.38213686771664673","0.5376807414926283","0.5505776822618905"
"0.5211113118691458","8","2","New York, Erie","-78.7306,42.7625","0.6186775918150216","0.260735566057119","0.7630551447653404","0.6355","1.0","0.1452368843520714","0.5687628246027425","0.4610778443113772","0.5627304600978258","0.31747316005085263","0.1670584470816669","0.43186974107266535"
"0.5210666576555364","2","1","Texas, Kleberg","-97.6989,27.4244","0.3616411363997585","0.285714285714286","0.5384271321642814","0.9879","0.75","0.7194085185102618","0.4596250913735881","0.3652694610778443","0.452613368495235","0.30102441914110784","0.6817507273744842","0.42070903740172827"
"0.5210488009536349","10","2","Tennessee, Hamilton","-85.1665,35.1767","0.5038116690950918","0.508771929824561","0.7022755641906253","0.5887","1.0","0.26145055415676854","0.5740322047333769","0.4730538922155689","0.5561726637917245","0.3739504526306413","0.280919577204157","0.37727993069512833"
"0.5210439499108022","2","1","Illinois, Saline","-88.5412,37.7533","0.3590779111661937","0.5","0.577132553475647","0.7934","1.0","0.42780561490378566","0.4098421373712602","0.5089820359281437","0.613308186513927","0.3584340139913179","0.4811353763726192","0.39062935482568606"
"0.5210271078014965","8","2","Michigan, Kent","-85.5493,43.032","0.6370620419853023","0.38647866955893","0.7348699018351841","0.6501","0.75","0.41517557433580937","0.541240828653296","0.5089820359281437","0.4555137084840577","0.25067502319368135","0.19888428269182393","0.4430061053079792"
"0.5209564434250574","2","1","Ohio, Scioto","-82.9891,38.8027","0.23455001906100095","0.214285714285714","0.5823414301187011","0.9436","1.0","0.672432174036711","0.38404149707381824","0.43113772455089816","0.5648909983668218","0.5624842439055986","0.5047306137728993","0.3455579123848199"
"0.5209527301762191","10","4","Minnesota, Mille Lacs","-93.6324,45.9371","0.44115579597234394","0.777777777777778","0.5559296401757708","0.8042","0.675","0.7794980274392814","0.4809068333670265","0.22155688622754494","0.5755097168756041","0.3673492292884769","0.2820775387316391","0.5562057525552953"
"0.5209222372837005","7","9","Virginia, Prince William","-77.4871,38.7092","0.7211094705242278","0.466741509963514","0.7120361892693668","0.2346","0.825","0.5881367906958894","0.6465199982814216","0.38922155688622756","0.3295349972503631","0.2241467426266833","0.20341003380143113","0.645554451885094"
"0.5207982120793601","8","5","Idaho, Washington","-116.7848,44.4528","0.6674662865591581","0.956521739130435","0.4612942320699175","0.4336","0.675","0.48916979685071754","0.28277345380066626","0.2694610778443114","0.6868906660868291","0.3148844203745856","0.5231701912774166","0.4536144534488894"
"0.5207947460659057","6","9","Alabama, Marion","-87.887,34.137","0.5352197105085579","0.188118811881188","0.5345545580156764","0.4209","1.0","0.40374195381018385","0.39860297602622763","0.44910179640718567","0.6335581539925471","0.528437487455937","0.5125892739165805","0.39267888797498773"
"0.5207682156801584","6","7","Alabama, Lawrence","-87.3107,34.5204","0.5055733159354628","0.551724137931034","0.511120180451829","0.2028","0.825","0.40374195381018385","0.7432174294738177","0.4970059880239522","0.5670390838965326","0.5101506811343464","0.4946111369956536","0.43024176682298193"
"0.5207330525190469","2","4","Tennessee, Bradley","-84.8572,35.1574","0.4427302167821771","0.358024691358025","0.6453225840991552","0.687","1.0","0.26145055415676854","0.4584084488455276","0.4610778443113772","0.5494974081927578","0.4887670400559585","0.4623658870177871","0.4188710043485971"
"0.5206274194615296","10","2","Oregon, Polk","-123.4129,44.9032","0.528208673258896","0.554347826086957","0.6084227801094548","0.5677","0.825","0.5704827129810713","0.44127710908443596","0.32934131736526945","0.5627304600978258","0.30267675523678467","0.312998054561655","0.7790359152838109"
"0.5205216680129305","10","4","Texas, Hays","-98.0294,30.0567","0.4263477898933768","0.237442922374429","0.6712153877061238","0.7845","1.0","0.7194085185102618","0.49653210862313235","0.43712574850299407","0.37522787829441234","0.22454081647856855","0.3473419508472522","0.5320750105564596"
"0.5205114500339496","10","4","Michigan, Jackson","-84.4226,42.2481","0.46498005701323564","0.128019323671498","0.644493900873639","0.7599","1.0","0.41517557433580937","0.4672984817553166","0.47904191616766467","0.5517358041566147","0.413077488520145","0.31103493371666413","0.47635044305935975"
"0.5204900816562543","8","5","Texas, Castro","-102.2617,34.5302","0.6229346554462671","0.423076923076923","0.44021839210000546","0.6415","0.5","0.7194085185102618","0.47936702699639777","0.25748502994011974","0.5067215141840639","0.3392817932186023","0.620060118077922","0.46641705504335457"
"0.5204617689692664","10","2","Iowa, Clarke","-93.785,41.0287","0.60999734042138","0.857142857142857","0.6050509310280918","0.5762","0.675","0.5306255646958271","0.3682770487627666","0.3532934131736527","0.5712984652022484","0.4050144726108461","0.24529164074343532","0.44431159254816827"
"0.5204014905001675","2","7","Mississippi, Pontotoc","-89.0364,34.226","0.38338205435385564","0.2","0.5299510041934896","0.5123","1.0","0.5163989158141343","0.559701106670188","0.43113772455089816","0.4965101409658336","0.4411448215660817","0.6621689330343133","0.5945016971450312"
"0.5203876193577345","10","7","Oklahoma, Blaine","-98.4331,35.8752","0.4591760317062824","1.0","0.43352513757516586","0.5543","0.575","0.6933119590201189","0.6763185792978026","0.3233532934131737","0.579673914473061","0.4654317205661153","0.3654332073233164","0.3811147020744417"
"0.5202385914429849","6","9","Mississippi, Lamar","-89.5078,31.2057","0.577671394938395","0.341040462427746","0.5990997443846602","0.3919","1.0","0.5163989158141343","0.5294222016612695","0.40119760479041916","0.4496902805094778","0.3515744332101176","0.4417617777258876","0.41447743276296833"
"0.520123320682488","8","5","Mississippi, Tunica","-90.3748,34.6497","0.5730191503512218","0.204545454545455","0.550289688706907","0.9707","0.25","0.5163989158141343","0.6432461536252561","0.4131736526946108","0.40284731239848715","0.5417010168657436","0.6783641652751791","0.0"
"0.519939805481958","6","2","Florida, Manatee","-82.3183,27.472","0.5238780504620032","0.272182254196643","0.6942796439880398","0.6511","1.0","0.36515492191213655","0.49077062520651543","0.3053892215568862","0.7238210337160854","0.2728381577023857","0.3117801420922104","0.4766551381937717"
"0.5197293218489315","10","2","Pennsylvania, Lancaster","-76.2477,40.039","0.588200796222345","0.22914979757085","0.6577561852511286","0.7485","0.75","0.5168765274771758","0.3912016975961974","0.49101796407185627","0.560557323866868","0.27905743667539457","0.27948123904911265","0.4741825195652494"
"0.5197254531833105","10","4","Kentucky, Campbell","-84.3788,38.9438","0.4895414714309017","0.297709923664122","0.6986316839610048","0.6778","1.0","0.6498233878958141","0.3028806581392557","0.5209580838323353","0.5092312328105775","0.35653466872122713","0.1656000041662877","0.4847996097111262"
"0.5194481113129492","10","2","Florida, Miami-Dade","-80.5517,25.6112","0.582732852068875","0.177925289600417","0.7762012847432045","0.8988","0.675","0.36515492191213655","0.49237713391311155","0.251497005988024","0.526341402378779","0.19241412750554815","0.5633632405773167","0.4123149988426979"
"0.5194450567646859","10","7","Virginia, Halifax","-78.9351,36.7665","0.42676248878769657","0.296296296296296","0.5261912483901005","0.5969","0.75","0.5881367906958894","0.5958903707777748","0.4131736526946108","0.6694051144412375","0.5301373112590996","0.4324005895297073","0.3515475233055286"
"0.5194428755742647","10","2","Pennsylvania, Dauphin","-76.7799,40.4138","0.5997452081257251","0.342217484008529","0.703014114032812","0.6562","0.675","0.5168765274771758","0.5403813087437285","0.4610778443113772","0.5380992168517501","0.36511571004788956","0.19995019832861616","0.33369852513276355"
"0.5193933571235936","6","9","Georgia, Houston","-83.6688,32.458","0.5063206745862481","0.242811501597444","0.6514690198645064","0.4031","1.0","0.49930824224945697","0.6104168768756529","0.4970059880239522","0.43472072581226856","0.3777721248851859","0.3844767754289793","0.4938795472811492"
"0.5193809183538253","10","4","Oregon, Malheur","-117.6227,43.1937","0.4236521519100382","0.368421052631579","0.46104349794756283","0.9994","0.675","0.5704827129810713","0.441317633725312","0.3592814371257485","0.5380992168517501","0.3490507531451025","0.6016919972517035","0.507106648607359"
"0.5193352496802469","10","4","Virginia, Brunswick","-77.8593,36.7637","0.45530298698922833","0.25","0.5073668593064985","0.7415","0.675","0.5881367906958894","0.6274756452666891","0.37724550898203596","0.6226493223021841","0.522401149077772","0.5666578778989461","0.0"
"0.5191291961652098","6","9","North Carolina, Henderson","-82.4767,35.3379","0.5401485156681889","0.279569892473118","0.6366154471056961","0.4167","1.0","0.751491911899152","0.4277122506399702","0.3712574850299401","0.7035924826400836","0.25272819011593955","0.21967139374797667","0.4383791109586665"
"0.519099816277301","10","1","South Carolina, Abbeville","-82.4617,34.2233","0.35623921249499996","0.0882352941176471","0.47930572513258085","0.6835","0.75","0.6761677914855059","0.5626536823862689","0.44311377245508987","0.6281436499318728","0.4430730214560539","0.6068720008632936","0.5624047629185456"
"0.5188273276623883","2","7","Oklahoma, Delaware","-94.8033,36.4082","0.3273338731984723","0.0421052631578947","0.49673783944606276","0.4117","1.0","0.6933119590201189","0.5718384626144565","0.4191616766467066","0.6899835619092616","0.4528054773187476","0.6469135377825976","0.5270035329335462"
"0.5187810282614521","6","2","Iowa, Dubuque","-90.8818,42.4682","0.618160885769132","0.515503875968992","0.704524656405088","0.5352","1.0","0.5306255646958271","0.3557295002597343","0.4251497005988024","0.5561726637917245","0.26947795940600805","0.11982001152753667","0.36981728835220845"
"0.5187186181321441","10","4","Michigan, Gratiot","-84.6051,43.2927","0.5016004916882671","0.452380952380952","0.5771288180520527","0.7001","0.825","0.41517557433580937","0.4898949432097215","0.40119760479041916","0.5517358041566147","0.39196389979679047","0.4001511005963484","0.5028865526057993"
"0.5186708565783876","6","9","Georgia, Douglas","-84.7703,33.7029","0.5454833535537281","0.233409610983982","0.6842960764772451","0.2267","1.0","0.49930824224945697","0.6442085586384686","0.502994011976048","0.39613196301134124","0.31902006695018964","0.4261282676442587","0.6083706618130518"
"0.5185543316282619","8","6","Minnesota, Todd","-94.8979,46.07","0.6468590304130271","0.846153846153846","0.5044631018010104","0.5743","0.675","0.7794980274392814","0.2376245832769753","0.2035928143712575","0.6317620454190964","0.3243948350594872","0.2941533540250881","0.43383176970317405"
"0.5184887204335233","10","7","Texas, Milam","-96.9772,30.7858","0.4454141402274617","0.304347826086957","0.5271389630144575","0.5829","0.675","0.7194085185102618","0.5783132546776106","0.4131736526946108","0.613308186513927","0.3903267335421083","0.4539186176257465","0.5238236304563737"
"0.5184459457295023","10","4","Kentucky, McCracken","-88.7045,37.0535","0.4707511205270827","0.283950617283951","0.6522293570472979","0.5473","1.0","0.6498233878958141","0.4871986435963639","0.48502994011976047","0.5998243249034969","0.38191414864017115","0.22304124225134075","0.2707203344097025"
"0.5184297309140293","10","4","North Carolina, Franklin","-78.2871,36.0815","0.4344114911645362","0.140495867768595","0.5570095081476889","0.6052","1.0","0.751491911899152","0.6515125028677756","0.4550898203592814","0.5380992168517501","0.35907505342580576","0.40661696107827405","0.0"
"0.5184211149876554","6","9","Iowa, Des Moines","-91.1833,40.9201","0.516406262963222","0.567567567567568","0.6606346400975879","0.3964","1.0","0.5306255646958271","0.4225513968169171","0.4610778443113772","0.613308186513927","0.39841173226857085","0.24462019019345502","0.3556698825123845"
"0.5182256511408161","10","2","Missouri, Lafayette","-93.7808,39.0699","0.567355805871808","0.417910447761194","0.5237639152886071","0.5842","0.825","0.6713285985896172","0.3825068383036499","0.38922155688622756","0.5837920978957992","0.36005760264576075","0.2471176616565039","0.5669752588678376"
"0.5182061980459092","10","7","Florida, Glades","-81.19,26.9564","0.41917280105372323","0.333333333333333","0.47917760493135736","0.738","0.675","0.36515492191213655","0.7500058543477229","0.24550898203592814","0.7152857337854508","0.5228444705163868","0.7720012387439079","0.0"
"0.5179680765448008","8","2","Washington, Franklin","-118.9018,46.5335","0.5822626492475105","0.210884353741497","0.6178321174270996","0.7813","0.75","0.5051412015799757","0.47537145120749824","0.38323353293413176","0.3087088081983978","0.2600609409729613","0.55669269910162","0.550322810797604"
"0.5179191524269608","2","7","North Carolina, Rutherford","-81.9211,35.4011","0.3667280074859736","0.0596026490066225","0.5510324302079104","0.497","1.0","0.751491911899152","0.4756752709594659","0.4251497005988024","0.6317620454190964","0.38457243012830455","0.5752675598428486","0.4708334261263702"
"0.5179061550329639","10","5","Florida, Lafayette","-83.1817,29.9848","0.4992837240051602","0.666666666666667","0.4780428743656049","0.9975","0.5","0.36515492191213655","0.5762709485246751","0.34131736526946105","0.47245716285929296","0.4546920443553241","0.7068489772793197","0.0"
"0.5178960903776104","10","7","Texas, Atascosa","-98.5273,28.8933","0.4191971910662679","0.366666666666667","0.5501246617546114","0.6192","0.825","0.7194085185102618","0.35191289738745435","0.39520958083832336","0.49129758316188105","0.39918040208760347","0.6263684105285481","0.5293455289048883"
"0.5178605832998763","6","9","Alabama, Colbert","-87.8017,34.6985","0.5739689227679016","0.574712643678161","0.5792006430720915","0.1025","1.0","0.40374195381018385","0.5760947771460523","0.4610778443113772","0.6056629582719985","0.4333194409025589","0.4237113363355635","0.3313394172795877"
"0.5178179545344411","6","9","Ohio, Miami","-84.2287,40.0543","0.6433105478509432","0.562691131498471","0.6111908210173917","0.0665","1.0","0.672432174036711","0.29882861086109097","0.5508982035928144","0.579673914473061","0.39587213156326617","0.1705552220237718","0.4743028374716289"
"0.5177651980350079","8","4","New Mexico, Doña Ana","-106.8329,32.3528","0.5166710527040383","0.433333333333333","0.5944400406374546","0.9723","0.75","0.2328984071594001","0.4794317984404492","0.2874251497005988","0.5092312328105775","0.2684139038948714","0.6195009392919806","0.5001584101510076"
"0.5176199574329301","6","9","Pennsylvania, Northampton","-75.3047,40.7518","0.6323126567799602","0.179390748401655","0.6816630556553642","0.447","1.0","0.5168765274771758","0.43408474919439766","0.4191616766467066","0.5837920978957992","0.3032187919410356","0.1422381515441122","0.5434748028126127"
"0.5176081357118256","8","2","New York, Niagara","-78.7478,43.199","0.6268117169710717","0.406493506493507","0.7139920699991774","0.4645","1.0","0.1452368843520714","0.5492252058931479","0.47904191616766467","0.5817386943120182","0.3602801921348223","0.19041933079972986","0.4307827141295122"
"0.5175740110063622","10","4","Georgia, Wheeler","-82.7257,32.1201","0.4353588463560316","0.285714285714286","0.4680739615986524","0.9911","0.5","0.49930824224945697","0.4782610068880233","0.4610778443113772","0.4833394486037307","0.3662108703745349","0.7799328089220566","0.42223339176895075"
"0.5175681639994235","6","9","North Carolina, Johnston","-78.3662,35.5175","0.47175429367371347","0.307692307692308","0.6014672311212154","0.2401","1.0","0.751491911899152","0.6072251720430007","0.44311377245508987","0.4496902805094778","0.35349537845917184","0.4063121196218707","0.5669485917067558"
"0.5174882008565489","2","7","Texas, Wood","-95.3824,32.7872","0.39648227381029705","0.444444444444444","0.53646658853749","0.4454","0.825","0.7194085185102618","0.5120408876739825","0.4251497005988024","0.7294045360146626","0.34898343062149945","0.4372982787055102","0.5520453265933775"
"0.5174421828698137","10","4","Minnesota, Pine","-92.7407,46.1211","0.5659598761455186","0.301204819277108","0.48898756179060776","0.7393","0.575","0.7794980274392814","0.5397677248127886","0.22155688622754494","0.6075890184122873","0.40292253309595544","0.2843766270776483","0.5270536140284122"
"0.5172765864331675","6","9","New Jersey, Ocean","-74.2809,39.8895","0.6573070700909194","0.150545823813151","0.7048298430678169","0.3757","1.0","0.7118730106573777","0.3351180289350747","0.2874251497005988","0.6595100604482558","0.26648265632900386","0.1702187700706973","0.47251844814378896"
"0.5169851687716749","10","4","Minnesota, Mower","-92.7523,43.6714","0.5451683797572072","0.5","0.5753993577124488","0.7116","0.675","0.7794980274392814","0.4392641282372322","0.3053892215568862","0.5858342498966352","0.28463806849729634","0.2546897684089056","0.47616167700846457"
"0.5168768639673506","6","2","Florida, Charlotte","-81.9295,26.9013","0.5422324991752154","0.340540540540541","0.6296158971109446","0.547","1.0","0.36515492191213655","0.42871198988075027","0.281437125748503","0.8678354515841412","0.31603817553850816","0.30904541023460685","0.38054061874796713"
"0.5168472512525716","10","7","South Carolina, Chester","-81.1583,34.6925","0.445616359817813","0.219512195121951","0.4854154453156582","0.3805","0.75","0.6761677914855059","0.6346743530463668","0.43712574850299407","0.5755097168756041","0.4892093938336986","0.583410472230542","0.4495614445225334"
"0.5168370606037122","10","4","Texas, Travis","-97.7854,30.3343","0.5208347723213765","0.293154136917262","0.7525193558491371","0.7386","0.825","0.7194085185102618","0.5682631032816879","0.44910179640718567","0.3295349972503631","0.13205448623003843","0.25729648381064174","0.4800410338900289"
"0.5166272361386753","8","2","Louisiana, Assumption","-91.0646,29.8995","0.6326292398307581","0.152838427947598","0.5169193479004416","0.3935","0.75","0.17214552458425092","0.6457446968643017","0.37724550898203596","0.5494974081927578","0.5183599210149905","0.5131054575825286","0.7266605461228793"
"0.5165547121536466","10","4","Georgia, Camden","-81.666,30.9295","0.4382961709726489","0.297872340425532","0.5549700434546823","0.6823","1.0","0.49930824224945697","0.5891604809512754","0.3592814371257485","0.43472072581226856","0.44060293354419927","0.3514253972294914","0.6009760878181439"
"0.5165363578959078","2","1","North Carolina, Onslow","-77.4291,34.7261","0.33575224288535244","0.285714285714286","0.623714437681591","0.8017","1.0","0.751491911899152","0.6022919371518151","0.38922155688622756","0.3087088081983978","0.31302981666007246","0.4091192770618855","0.5503779561783638"
"0.5164487679725835","6","9","Texas, Ellis","-96.7937,32.3489","0.49769529086402425","0.327935222672065","0.6149939461210303","0.3617","1.0","0.7194085185102618","0.5640149993939342","0.44910179640718567","0.4377631248108773","0.3350070267141145","0.29918281416019454","0.532463070087208"
"0.5164268737265242","10","7","Arkansas, Hempstead","-93.6694,33.7333","0.36935710882865835","0.333333333333333","0.519165339068027","0.6861","0.75","0.5574725952297617","0.6389822308896723","0.4251497005988024","0.5712984652022484","0.4631634586712585","0.5511911404376855","0.4055071054915683"
"0.5163241933849881","6","7","Alabama, Houston","-85.2994,31.152","0.4768641387610453","0.295454545454545","0.6271306345264052","0.3502","1.0","0.40374195381018385","0.6057902493665461","0.4610778443113772","0.5561726637917245","0.45334435670314865","0.48745456899451134","0.3385050523571388"
"0.5162966651928769","6","9","North Carolina, Stokes","-80.2389,36.4018","0.4707298915099327","0.615384615384615","0.5443518582363586","0.1643","1.0","0.751491911899152","0.4120168020599646","0.407185628742515","0.6151952376728468","0.3790959238960083","0.4573526560265654","0.4764025198208196"
"0.5162684004020532","10","7","Arkansas, Little River","-94.2347,33.7038","0.3118458446438859","1.0","0.5085278785634111","0.4187","0.75","0.5574725952297617","0.6815773264798503","0.4251497005988024","0.626321192473144","0.5487159469129428","0.4185533752925334","0.47744475573100986"
"0.5162532360383887","8","2","New York, Westchester","-73.7574,41.1628","0.6853395232389072","0.0769853880424962","0.8257911120910538","0.9386","0.675","0.1452368843520714","0.5966747240849553","0.44311377245508987","0.5449798764246452","0.11299810812597917","0.18923932670368768","0.45938028824771693"
"0.5161270060666235","8","7","Louisiana, West Carroll","-91.4612,32.7855","0.5495141696684428","0.666666666666667","0.5018329955463899","0.2521","0.675","0.17214552458425092","0.5978291965312171","0.39520958083832336","0.5918944128138512","0.6629360704225861","0.653165270455655","0.4847115342721604"
"0.5161023153929327","8","5","Louisiana, St. Helena","-90.7101,30.8221","0.5913396864453512","0.268292682926829","0.4548950079606229","0.7647","0.5","0.17214552458425092","0.6649881623892073","0.34730538922155696","0.5858342498966352","0.4811726917868296","0.6403249898174234","0.45483473835668187"
"0.5160653619505032","8","4","Kentucky, Webster","-87.6799,37.5217","0.5544896937346888","0.3125","0.4573819291741041","0.7112","0.675","0.6498233878958141","0.38954680745813286","0.5149700598802395","0.5539608364828539","0.4805413358616846","0.4759184332917391","0.0"
"0.5159150720106803","10","4","California, Solano","-121.9357,38.2683","0.46125796346929826","0.351219512195122","0.7170739500044421","0.6905","0.825","0.5528135213810501","0.6229925540650683","0.47904191616766467","0.504194780386106","0.23623675997963473","0.23518851422308848","0.514283478311285"
"0.5159147062428929","10","4","Florida, Duval","-81.6698,30.3323","0.42589107479618193","0.175536139793487","0.7367471346957233","0.8281","1.0","0.36515492191213655","0.5976231356773541","0.32934131736526945","0.46968620728685795","0.39624870378891763","0.3776466070007441","0.39178008684392196"
"0.5157997483482597","10","4","South Dakota, Yankton","-97.3947,43.0092","0.5226583222651178","0.325","0.5420896202429679","0.6151","0.75","1.0","0.5258298790668633","0.2874251497005988","0.579673914473061","0.32990152250233135","0.15637821704929697","0.38390549131066815"
"0.5154671654813064","2","1","Georgia, Wayne","-81.9189,31.5522","0.21622540511863433","0.0714285714285714","0.5359137569236833","0.9752","1.0","0.49930824224945697","0.5935619417840567","0.43113772455089816","0.5117241638959221","0.46738972264288753","0.6372609516745751","0.43113053256795764"
"0.5153977327898823","8","5","Illinois, Brown","-90.7507,39.9621","0.6181283445700251","0.9","0.5142130896814932","0.9185","0.5","0.42780561490378566","0.6515504542816931","0.43712574850299407","0.49129758316188105","0.18278260910966523","0.32387569880695205","0.0"
"0.5153798337756296","2","7","South Carolina, Georgetown","-79.332,33.4344","0.3616567907961943","0.153846153846154","0.5499312625325081","0.4982","1.0","0.6761677914855059","0.5695759259014185","0.38323353293413176","0.7195778173951984","0.4292472864818971","0.44950307935893913","0.371492344384415"
"0.5152921003667655","7","9","Maryland, Caroline","-75.829,38.8717","0.715146869621805","0.586387434554974","0.5572893586853136","0.2786","0.825","0.4167867362521145","0.5856430313200891","0.38323353293413176","0.5334405085950897","0.44826933726834","0.331827858197492","0.0"
"0.5149771941292484","2","4","Pennsylvania, Mercer","-80.2582,41.3025","0.42271789971694657","0.274725274725275","0.5977753194524603","0.8446","1.0","0.5168765274771758","0.3769896943386353","0.4131736526946108","0.6317620454190964","0.3903571716263101","0.28796544791044326","0.3671153620837363"
"0.5148952844378734","10","9","Ohio, Lorain","-82.1508,41.2955","0.47082884787129825","0.185059422750424","0.6446611866596826","0.4451","1.0","0.672432174036711","0.4549616112500254","0.49101796407185627","0.5648909983668218","0.41015669766130236","0.26521085594079324","0.4363154728655341"
"0.5147911491161102","2","1","Texas, Howard","-101.4356,32.3062","0.26947168718197884","0.333333333333333","0.5655789535238336","0.9557","0.825","0.7194085185102618","0.5716010539319565","0.2694610778443114","0.4437744133187831","0.4350853562375705","0.6138420548227748","0.39018410228054473"
"0.5146302732026071","10","7","Arkansas, Ouachita","-92.878,33.5884","0.36044536067858435","0.3","0.5049507796700777","0.6816","0.75","0.5574725952297617","0.6285867557813906","0.4131736526946108","0.6017807168377609","0.5248397758225538","0.5260713324163464","0.38657880976725345"
"0.5142336711206619","10","4","Virginia, Lunenburg","-78.2413,36.9462","0.43293530833320354","0.428571428571429","0.4882602997227735","0.9449","0.5","0.5881367906958894","0.6256779781846928","0.3712574850299401","0.6371246099900815","0.4435578142519327","0.5323819260142397","0.0"
"0.5141822116349936","10","4","Missouri, Johnson","-93.8069,38.7472","0.43834661508915407","0.197183098591549","0.5345023057182354","0.8036","1.0","0.6713285985896172","0.4579171942965538","0.38323353293413176","0.42856039038869453","0.35604389672704134","0.335951514100401","0.5233642513281692"
"0.5141694141940703","8","2","Louisiana, Jefferson","-90.1112,29.7408","0.6224286173446596","0.0887997708393011","0.7312670587673238","0.461","1.0","0.17214552458425092","0.6209026220047699","0.29940119760479045","0.5380992168517501","0.4107175313185728","0.39242845036746293","0.40136929429131546"
"0.5141266202899583","10","4","North Carolina, New Hanover","-77.8708,34.2576","0.3960207605671837","0.341666666666667","0.7217696083090198","0.6205","1.0","0.751491911899152","0.542926834316164","0.3233532934131737","0.5517358041566147","0.24563151883447426","0.29979346597711376","0.41699016393494787"
"0.5139853131888509","8","2","Illinois, Lee","-89.2998,41.7458","0.6270165678865607","0.689189189189189","0.5710555903335192","0.5266","0.75","0.42780561490378566","0.41748934232019075","0.502994011976048","0.5898852876912913","0.32229095358653553","0.17459458326889113","0.4599300329387588"
"0.5139765819578301","2","1","Texas, Kerr","-99.3493,30.0604","0.3294034733832525","0.5","0.563731378823775","0.7319","1.0","0.7194085185102618","0.40248246033347135","0.32934131736526945","0.7294045360146626","0.33753293920952493","0.37219191907325294","0.3304110433690565"
"0.513974182428072","10","4","Kentucky, Todd","-87.1788,36.8381","0.46208888096689416","0.25","0.49426558425301437","0.7612","0.75","0.6498233878958141","0.41714633107483445","0.4670658682634731","0.526341402378779","0.4599350121584021","0.6186774919093478","0.0"
"0.5139167081509193","2","4","Texas, Ector","-102.5429,31.869","0.4046802470888574","0.284403669724771","0.6444263446210912","0.7224","1.0","0.7194085185102618","0.5280943448386567","0.2874251497005988","0.3414940492053623","0.30006995131876196","0.5561927445795567","0.34109059305534345"
"0.5138946099323548","10","4","Michigan, Ingham","-84.3747,42.5972","0.5084919381460502","0.22706065318818","0.7192010408089314","0.8574","0.75","0.41517557433580937","0.5412200628500885","0.4550898203592814","0.4496902805094778","0.3159624649696819","0.33238861145261617","0.40558919381866493"
"0.5138882909251575","8","6","Minnesota, Chippewa","-95.564,45.0234","0.6682305184831826","0.928571428571429","0.5140946169577512","0.4575","0.675","0.7794980274392814","0.35845974028748806","0.2095808383233533","0.6281436499318728","0.29435849391538743","0.1466762168315358","0.45086008476825823"
"0.5137742885256011","10","1","Kentucky, Floyd","-82.7475,37.5621","0.3463663733002977","0.25","0.566015870124326","0.9048","0.75","0.6498233878958141","0.1946082394325081","0.4191616766467066","0.560557323866868","0.6346607869843423","0.5823283274498651","0.338614121837678"
"0.5135807014491581","6","9","Indiana, Bartholomew","-85.8956,39.2074","0.6422886091398081","0.348039215686274","0.6342633396254658","0.4107","1.0","0.4061590902707796","0.3503778862231361","0.49101796407185627","0.526341402378779","0.3589357676575211","0.23369313183841928","0.4570581107117233"
"0.5135212809141021","10","7","Georgia, Lanier","-83.0647,31.0383","0.4059256651317794","0.181818181818182","0.4795887245044277","0.6995","0.575","0.49930824224945697","0.6445666990515315","0.4251497005988024","0.4496902805094778","0.6337353103948923","0.6788693276568472","0.4557689454446041"
"0.5133177995938766","6","9","Alabama, Coffee","-85.989,31.3993","0.5707337421826296","0.280487804878049","0.5572092360758014","0.1923","1.0","0.40374195381018385","0.6537090254478314","0.4730538922155689","0.542700408721451","0.4105001020841834","0.39093839695541266","0.45048244343485344"
"0.5131990307804105","6","9","Alabama, Cherokee","-85.6064,34.1781","0.4999637561882386","0.444444444444444","0.5034738890541324","0.2741","1.0","0.40374195381018385","0.4511247346117807","0.502994011976048","0.6493451083308717","0.4663868317163816","0.46085427548923297","0.4616709341473671"
"0.5131915960380147","10","1","Kentucky, Boyd","-82.6865,38.3618","0.3770729554894152","0.184210526315789","0.6448434659970274","0.7657","0.825","0.6498233878958141","0.34643647521827853","0.44311377245508987","0.5898852876912913","0.5299177787005864","0.4427668946296188","0.28524047201208924"
"0.5131703587881008","10","4","Illinois, Marion","-88.919,38.6496","0.4767849929952347","0.291666666666667","0.5829985104235638","0.6517","0.825","0.42780561490378566","0.391660206836327","0.5149700598802395","0.6017807168377609","0.42823436230705886","0.4491589972859785","0.40705040111025104"
"0.5131149659626276","8","7","Ohio, Vinton","-82.4831,39.2521","0.554258691343828","0.625","0.49315675593861624","0.5565","0.675","0.672432174036711","0.22585217261122462","0.44311377245508987","0.5449798764246452","0.5124607562166427","0.5922948384903457","0.0"
"0.5128858492418727","7","2","Nebraska, Madison","-97.6005,41.9168","0.7169317282240117","0.449814126394052","0.5606336278489829","0.6848","0.825","0.25083837871869175","0.43903598830009594","0.3173652694610779","0.5191044408593759","0.33112315942266907","0.26432128085248063","0.40322917260595853"
"0.512829643593382","8","5","Georgia, Wilcox","-83.4344,31.975","0.5224586937966781","0.0526315789473684","0.4699007271502665","0.7628","0.5","0.49930824224945697","0.5782727814370784","0.4730538922155689","0.5449798764246452","0.5721610275210198","0.677431473953859","0.0"
"0.5126696855106035","10","7","Arizona, Gila","-110.8133,33.8019","0.37727284559022484","0.363636363636364","0.5176134522269175","0.6689","0.675","0.6267102942890856","0.5822508484053954","0.16766467065868262","0.7403266893073597","0.4650055112706404","0.5728016988764708","0.5341952161084963"
"0.5126113052237377","6","7","Alabama, Geneva","-85.8357,31.0939","0.4790548581153827","0.5","0.5256884274421916","0.2716","0.75","0.40374195381018385","0.5663291977426419","0.4550898203592814","0.6075890184122873","0.5191633521373963","0.6493195689200268","0.42296566236850747"
"0.5123313561432242","2","1","Texas, Wharton","-96.2232,29.2777","0.3543566178876673","0.119047619047619","0.5355200981626769","0.7615","0.75","0.7194085185102618","0.5698916940500016","0.4191616766467066","0.542700408721451","0.40150376061377335","0.5765390042645104","0.36500287315588903"
"0.5123174143061489","8","5","Virginia, Grayson","-81.2322,36.6568","0.5991000769753502","0.9","0.4766243333383261","0.5068","0.5","0.5881367906958894","0.40942274556494457","0.34131736526946105","0.6758588134982833","0.3838773519320287","0.5741800860895527","0.0"
"0.5122728951861678","6","7","Tennessee, White","-85.4559,35.9293","0.4861602687496421","0.611111111111111","0.5439310884505895","0.376","1.0","0.26145055415676854","0.34567501402729844","0.38922155688622756","0.6151952376728468","0.5375372744952172","0.5801125648575329","0.4666633437019124"
"0.5122226891730598","6","9","Virginia, Colonial Heights City","-77.3961,37.2642","0.5906835805745126","0.25","0.7775473527451217","0.1802","1.0","0.5881367906958894","0.5805286204227528","0.3712574850299401","0.6281436499318728","0.32860843105622733","0.34665233334516204","0.0"
"0.5120720436408328","10","7","Georgia, Irwin","-83.275,31.6021","0.5352294126829182","0.272727272727273","0.4964275082351244","0.3849","0.5","0.49930824224945697","0.5108383439259592","0.4550898203592814","0.5918944128138512","0.559528012087242","0.7254530262569382","0.40604802302324994"
"0.5120393865958608","10","4","Louisiana, Evangeline","-92.3992,30.7299","0.41447350910054426","0.106060606060606","0.5253784613749448","0.9694","0.75","0.17214552458425092","0.5885109880079915","0.37724550898203596","0.504194780386106","0.6032580804144493","0.662890766598145","0.3165082926373459"
"0.5120159819044684","10","7","Colorado, Bent","-103.072,37.9547","0.3919546294143222","1.0","0.44111025109681623","0.8077","0.5","0.903104230085054","0.6620379295462276","0.14371257485029942","0.5648909983668218","0.332311437470654","0.5654457788541765","0.0"
"0.5120060039109907","8","7","Mississippi, Perry","-88.9928,31.1716","0.5532932824872573","0.25","0.46037439480842846","0.4196","0.675","0.5163989158141343","0.5620316431610172","0.39520958083832336","0.5627304600978258","0.45475958796165494","0.6011383896644091","0.48919774064689575"
"0.5117242564348381","8","9","Indiana, Steuben","-85.001,41.6442","0.5968258269136557","0.6","0.5786003293109473","0.467","1.0","0.4061590902707796","0.22287894098172137","0.5389221556886228","0.595880459448231","0.28842557451365836","0.20425455484851124","0.6047350661777294"
"0.5117128422024668","2","1","Pennsylvania, Erie","-80.033,41.9925","0.38654702808385333","0.328358208955224","0.6600727252077683","0.7848","1.0","0.5168765274771758","0.4188970911126116","0.4730538922155689","0.5539608364828539","0.3762833767071982","0.281697486093501","0.4004438350938247"
"0.5117001381387819","6","2","Florida, Collier","-81.3469,26.1109","0.556834814778896","0.319609967497291","0.6312289838692626","0.609","1.0","0.36515492191213655","0.46361297287561654","0.281437125748503","0.7810707630337572","0.17404093316029612","0.3194705762593543","0.43868685835992427"
"0.5116832523372833","2","1","West Virginia, Cabell","-82.2386,38.4242","0.3524085056070913","0.2","0.6511842580142736","0.808","1.0","0.42782761630184035","0.35895508022420575","0.44311377245508987","0.5755097168756041","0.5605176153521687","0.4324586026634447","0.3149054566233711"
"0.5116775891780481","10","4","Texas, Jackson","-96.5775,28.9547","0.4657728624618514","0.333333333333333","0.5164159453764706","0.6418","0.675","0.7194085185102618","0.5080116212039545","0.38922155688622756","0.5539608364828539","0.37589933685855453","0.4348395634069624","0.5006273263580405"
"0.5114328269533894","10","1","Arkansas, Columbia","-93.2264,33.2123","0.31685762535755424","0.133333333333333","0.4986171821530764","0.9538","0.675","0.5574725952297617","0.6403495602786824","0.407185628742515","0.5561726637917245","0.4700013954955712","0.5603894316299475","0.43022229907107373"
"0.5113314766216192","6","9","Maryland, Cecil","-75.9463,39.5665","0.6014429460394751","0.392857142857143","0.6385079932148444","0.4454","1.0","0.4167867362521145","0.44841616859346756","0.4610778443113772","0.5092312328105775","0.36328568648764387","0.17403334556171068","0.46973702802249023"
"0.5112862457027382","10","4","Texas, Fayette","-96.9208,29.8779","0.5195344823377237","0.482758620689655","0.5075200003230335","0.5861","0.675","0.7194085185102618","0.5438337857770688","0.39520958083832336","0.6868906660868291","0.25633066072504307","0.25631159278025945","0.44851550010854363"
"0.5112035268506099","10","7","Texas, Lee","-96.9705,30.3112","0.42623063672497646","0.666666666666667","0.5351037459894279","0.6488","0.675","0.7194085185102618","0.5873510851564938","0.40119760479041916","0.5858342498966352","0.4245154891527814","0.4139234669908297","0.0"
"0.511185767080104","8","2","New York, Orange","-74.3024,41.4034","0.6846275948856357","0.0980868508958397","0.703428336835467","0.9004","0.825","0.1452368843520714","0.558560200280601","0.3592814371257485","0.46689449529952165","0.26496048348311","0.17746447725019202","0.45596672242515857"
"0.5111003858779685","10","4","South Dakota, Clay","-96.9766,42.913","0.5229065968372583","0.571428571428571","0.47075122184122287","0.5677","0.675","1.0","0.5312030951271898","0.311377245508982","0.41269877075759065","0.24799828291840514","0.3322869976338151","0.49351686375993953"
"0.5110467670913246","6","7","Tennessee, Monroe","-84.249,35.4455","0.49279328611470624","0.48780487804878","0.5529141734208608","0.3416","1.0","0.26145055415676854","0.37570236661210427","0.4610778443113772","0.626321192473144","0.44163539250763156","0.5840287541673473","0.5349373133623344"
"0.5110449042300558","2","1","Kentucky, Mason","-83.8215,38.5947","0.3511371555653096","0.25","0.523758305480898","0.7237","1.0","0.6498233878958141","0.4294222194424394","0.43712574850299407","0.5670390838965326","0.46304771708620246","0.41772181333795827","0.34716027663916893"
"0.5110267123529743","2","1","Virginia, Lynchburg City","-79.1989,37.4002","0.3661333500100917","0.150684931506849","0.7471336276246651","0.893","0.75","0.5881367906958894","0.5858033414057148","0.3652694610778443","0.48601108590571473","0.352508677845276","0.47689133413372886","0.3048074898893847"
"0.5109096677269834","2","1","Illinois, Massac","-88.7104,37.2208","0.3724950679334965","0.333333333333333","0.5314119735912118","0.8064","0.75","0.42780561490378566","0.4561732369647072","0.49101796407185627","0.6388951207196634","0.5318659350635735","0.40796712895907844","0.49385907162601717"
"0.5108288472887562","5","6","Minnesota, Cottonwood","-95.1814,44.0072","0.6783579753405589","0.5","0.5096944669700136","0.4413","0.675","0.7794980274392814","0.3391215963413975","0.2634730538922156","0.6628376879802886","0.3314940432471839","0.2062306347860072","0.46163228420333574"
"0.5106238388627916","2","1","Georgia, Bulloch","-81.7481,32.3958","0.26315810342078444","0.0888888888888889","0.5859670653666983","0.9583","1.0","0.49930824224945697","0.5849717018972327","0.4550898203592814","0.3927283612037091","0.3569449707897952","0.6202830871368169","0.4537300675709975"
"0.5105853647228575","10","1","Kentucky, Clay","-83.7126,37.1645","0.2588678824092922","0.5","0.4935022568286303","0.9898","0.675","0.6498233878958141","0.34099524666438763","0.407185628742515","0.4939129750014257","0.5918008468064484","0.6157357779107061","0.45478246632512015"
"0.510458695296401","6","7","Virginia, Waynesboro City","-78.9029,38.0645","0.4712335700203757","0.363636363636364","0.7055216147259169","0.3305","1.0","0.5881367906958894","0.5392988767958053","0.33532934131736525","0.5858342498966352","0.4913988230321617","0.4448118878721183","0.0"
"0.5103554354722946","6","7","Georgia, Walker","-85.3017,34.7338","0.46421793648353477","0.310810810810811","0.5738460439310581","0.4989","1.0","0.49930824224945697","0.4030030084328315","0.47904191616766467","0.5817386943120182","0.4811097887043127","0.5465450029920971","0.0"
"0.5103381830076332","8","2","Louisiana, Lafourche","-90.4098,29.5247","0.5503091662006251","0.0975609756097561","0.5477452968946015","0.6727","0.825","0.17214552458425092","0.701547770311479","0.37724550898203596","0.5016507991249867","0.44559488854052587","0.4735493416235999","0.47498950845499066"
"0.5103174190502503","10","2","Michigan, Hillsdale","-84.5931,41.8875","0.5516805328992007","0.206060606060606","0.5240889369942571","0.7504","0.825","0.41517557433580937","0.26608582630366534","0.4970059880239522","0.5918944128138512","0.4158494843429138","0.3505560480145277","0.5213596640416948"
"0.5103115278274756","6","9","Colorado, Weld","-104.393,40.555","0.6214706425780071","0.195089872862779","0.5930528385559994","0.5279","0.825","0.903104230085054","0.412827466304871","0.33532934131736525","0.4159255598121659","0.2143370520883555","0.22448624162215866","0.5514196503621324"
"0.5099841390477026","6","9","Ohio, Erie","-82.629,41.368","0.5135683467247429","0.402061855670103","0.622559519566747","0.2783","1.0","0.672432174036711","0.4559459210988236","0.48502994011976047","0.6335581539925471","0.39200232615925973","0.17485146397172452","0.35034088900760035"
"0.5099717406966534","10","4","Arkansas, Lawrence","-91.1087,36.0419","0.5584380440228627","0.178082191780822","0.5006915364856238","0.5613","0.75","0.5574725952297617","0.32045203330230076","0.44311377245508987","0.6037268925796017","0.3980290570109661","0.49825845541424224","0.5129324205660262"
"0.5096932229977603","2","1","Missouri, Butler","-90.4042,36.7146","0.2525167332534536","0.0714285714285714","0.5560489996297562","0.5998","1.0","0.6713285985896172","0.48478669305691807","0.4670658682634731","0.5817386943120182","0.5174635308097177","0.617794699149823","0.41626416962552"
"0.5093054727683082","6","9","North Carolina, Moore","-79.4847,35.3089","0.4584379750395811","0.271929824561404","0.586893061660326","0.3372","1.0","0.751491911899152","0.5797912088101492","0.44311377245508987","0.6822026570079781","0.26667220199042496","0.23640679003157541","0.40097391173900426"
"0.509272185911432","10","2","Florida, Palm Beach","-80.4654,26.6468","0.5742298805270949","0.306306306306306","0.7256501659293754","0.6485","0.825","0.36515492191213655","0.578723295623587","0.17365269461077848","0.6758588134982833","0.22475327565141132","0.3371702743609442","0.4454220556709886"
"0.5092339467902682","6","9","Ohio, Crawford","-82.9199,40.8507","0.5900234705859007","0.468085106382979","0.5279302684973366","0.1576","1.0","0.672432174036711","0.2322284604119533","0.502994011976048","0.6207997313712245","0.38407772726460815","0.31234719322406607","0.4918270768803262"
"0.5092312875480225","8","2","Massachusetts, Worcester","-71.9049,42.3503","0.7205855620486148","0.324032204698357","0.6618428811949516","0.7931","1.0","0.13189104157094694","0.41463707371570335","0.29341317365269465","0.5092312328105775","0.22846461019884476","0.1314400785490564","0.47578199037358043"
"0.5091895676517625","10","9","South Carolina, Lexington","-81.2715,33.8967","0.4611134604349241","0.18664047151277","0.6191180988058298","0.4693","1.0","0.6761677914855059","0.5485395154466849","0.4191616766467066","0.5117241638959221","0.33473884257542963","0.28479931149673765","0.51043261690104"
"0.5091720475069146","2","1","Texas, Eastland","-98.8324,32.3274","0.34397922254943625","0.4","0.5093460154885575","0.8322","0.75","0.7194085185102618","0.42750456263091957","0.3173652694610779","0.6628376879802886","0.291424516837791","0.5766190599668078","0.4359938131742752"
"0.5090647117996664","6","9","Minnesota, Anoka","-93.246,45.2748","0.6234123364758105","0.662337662337662","0.6765125338697618","0.2136","1.0","0.7794980274392814","0.5197970332706692","0.29341317365269465","0.45839165180163993","0.24056913859757326","0.03624524949341454","0.5111648340248747"
"0.5089446532333751","6","9","North Carolina, Iredell","-80.8743,35.8095","0.4693555788580342","0.342541436464088","0.6249523804554137","0.3069","1.0","0.751491911899152","0.5302594389936846","0.4730538922155689","0.5166605513962695","0.32321114845384613","0.2719585464064497","0.4373212604393533"
"0.5089175587029612","8","2","Illinois, Warren","-90.6147,40.8493","0.6486693063943672","0.292452830188679","0.4927688174865449","0.6756","0.675","0.42780561490378566","0.3604043178924302","0.4730538922155689","0.5858342498966352","0.322352509025677","0.3169358019879733","0.5276291985962859"
"0.5089075398821987","10","2","Indiana, Orange","-86.4952,38.5412","0.562459814383603","0.133333333333333","0.5702485464568137","0.7039","0.675","0.4061590902707796","0.310234565174231","0.502994011976048","0.5918944128138512","0.44525853867348053","0.41333691666370953","0.5390039277457912"
"0.5088676926383715","8","2","Massachusetts, Bristol","-71.1087,41.7923","0.7113839423715184","0.318719554627697","0.6729603460582114","0.6466","1.0","0.13189104157094694","0.4538639589523053","0.23353293413173656","0.542700408721451","0.28397598377787925","0.21969113516926939","0.47562143271039775"
"0.5087988148407551","6","9","Virginia, Suffolk City","-76.636,36.7016","0.5723232863329005","0.315384615384615","0.6359020142178043","0.255","1.0","0.5881367906958894","0.6208219336792652","0.3652694610778443","0.47793802351369025","0.34306892248610504","0.2337065753829806","0.5032818818625987"
"0.5087396818575372","2","1","Oklahoma, Kay","-97.1442,36.818","0.24871897750973318","0.0408163265306122","0.51058136117347","0.6953","1.0","0.6933119590201189","0.6448802057338596","0.38323353293413176","0.5938927650957907","0.48135676333884586","0.5218258368212871","0.38531598412414253"
"0.5086324389641905","8","6","Kentucky, Hickman","-88.9788,36.6795","0.5729837661924092","0.8","0.46881461488354387","0.496","0.5","0.6498233878958141","0.44287310474670416","0.4610778443113772","0.6853345393682004","0.40266484806883834","0.4188577322968805","0.0"
"0.508564263131483","6","2","Iowa, Jasper","-93.0557,41.6858","0.6476857052604059","0.276859504132231","0.6268470602636907","0.5629","0.825","0.5306255646958271","0.3365427011037914","0.38323353293413176","0.595880459448231","0.36194862414706097","0.1313835187714877","0.49009562512437066"
"0.5083172736602733","5","7","North Carolina, Yancey","-82.3124,35.9008","0.49659543354734836","1.0","0.5425605351868629","0.2601","0.75","0.751491911899152","0.3152458135655992","0.33532934131736525","0.6991111644276193","0.3818023548874195","0.5768362156010276","0.0"
"0.5082341051496041","6","9","Georgia, Gwinnett","-84.0214,33.9604","0.5472711953674579","0.25520431765613","0.7427176110517328","0.2337","1.0","0.49930824224945697","0.6503632717580714","0.49101796407185627","0.3295349972503631","0.2597439573582348","0.3557838912666738","0.5899524642339079"
"0.5081948839936038","2","1","Oklahoma, Custer","-99.0017,35.6385","0.2941223654940623","0.166666666666667","0.5132648617968958","0.8427","1.0","0.6933119590201189","0.6477284972945296","0.311377245508982","0.47245716285929296","0.4122556339666042","0.4216417571512088","0.4381193705078529"
"0.5081465218322666","2","1","Oregon, Yamhill","-123.3087,45.2333","0.3908091184617492","0.315789473684211","0.6268277680118255","0.8902","1.0","0.5704827129810713","0.4143861055525035","0.32934131736526945","0.542700408721451","0.2977258548797764","0.27395763781661825","0.5425843691566755"
"0.5080618370431365","6","7","Georgia, Wilkes","-82.7429,33.7829","0.4548018621724311","0.107142857142857","0.4673058928975678","0.2455","1.0","0.49930824224945697","0.569746347621778","0.4550898203592814","0.667774075480636","0.46905124040937013","0.5613689936877109","0.4501045326617988"
"0.5080398001000509","10","4","Washington, Okanogan","-119.7387,48.5486","0.4789787572091134","0.432432432432432","0.4734547867833624","0.744","0.675","0.5051412015799757","0.5614209500114693","0.24550898203592814","0.6317620454190964","0.3286005875536643","0.5371027901895068","0.4696860968772661"
"0.508021598623398","8","4","Missouri, Adair","-92.6008,40.1906","0.4934636180386074","0.478260869565217","0.5339307190117961","0.6148","0.825","0.6713285985896172","0.3478990045753708","0.38922155688622756","0.49129758316188105","0.32840609420962796","0.47346068689730386","0.4042725191630487"
"0.5080198042899425","6","9","Ohio, Fayette","-83.4562,39.5602","0.4981941529359425","0.433333333333333","0.49289099771304","0.1662","1.0","0.672432174036711","0.3206567829957946","0.48502994011976047","0.558371441896005","0.4833209327450198","0.4184067074324998","0.5815730553578554"
"0.5079573410909761","10","6","Arizona, Yavapai","-112.5539,34.5993","0.5520480219723657","0.665384615384615","0.5274533131581647","0.5791","0.75","0.6267102942890856","0.3907022333816536","0.12574850299401197","0.7675615085087122","0.2691026686674087","0.3369939338124645","0.5265638924049573"
"0.5079217449319104","10","1","Ohio, Holmes","-81.9264,40.5616","0.32443617139277875","0.4","0.5452994753228445","0.7994","1.0","0.672432174036711","0.03990799216286234","0.5089820359281437","0.45839165180163993","0.2996204044527994","0.7594579272161653","0.5088794444915352"
"0.5078994694611026","10","7","Indiana, Jay","-85.0058,40.4378","0.5244470224798006","0.428571428571429","0.5530529238500774","0.6348","0.75","0.4061590902707796","0.13155486333439037","0.5449101796407185","0.560557323866868","0.529643834827705","0.4625250295182694","0.5002737049395175"
"0.5077824704132391","10","1","Kentucky, Madison","-84.2722,37.7166","0.37952095622333987","0.325581395348837","0.6479763047103407","0.5899","1.0","0.6498233878958141","0.39318671025811175","0.4251497005988024","0.46124754169706367","0.3861299005804218","0.4210106372349124","0.5225272179145062"
"0.5077500340729179","8","7","Arkansas, Izard","-91.9085,36.096","0.5119587415842383","0.538461538461538","0.4733092053523609","0.4629","0.575","0.5574725952297617","0.4084847976512386","0.407185628742515","0.7006109322771243","0.45498622683336704","0.5130402987809612","0.48951623570556024"
"0.507417223555919","8","2","Nebraska, Lancaster","-96.6878,40.7842","0.6315451540584046","0.623261694058154","0.6428036974469801","0.6925","1.0","0.25083837871869175","0.4819818691395992","0.3652694610778443","0.45839165180163993","0.2015500437677037","0.1463627763511338","0.4250473679406104"
"0.5074040874396184","8","5","Kansas, Stevens","-101.3119,37.1923","0.6913042488295462","0.6","0.48109974401130107","0.5081","0.675","0.535277945802919","0.3702142791339231","0.23952095808383234","0.47245716285929296","0.3599926906735028","0.5685432441889068","0.208168892335371"
"0.5073327381636631","6","2","Florida, Lee","-81.884,26.5841","0.4895644354627028","0.225553176302641","0.6937633269337034","0.6103","1.0","0.36515492191213655","0.4859920750473031","0.2754491017964072","0.7389787970328645","0.2576080684526201","0.36082255599084917","0.43380540614365515"
"0.5073200272212519","2","1","Texas, McLennan","-97.2022,31.5526","0.17798172169996876","0.0618556701030928","0.6692071953476314","0.8984","1.0","0.7194085185102618","0.6140399178453214","0.44311377245508987","0.4833394486037307","0.3097131952387128","0.5008526961755296","0.4550869135758082"
"0.5071330270886488","6","9","Missouri, Lincoln","-90.9559,39.0535","0.5130229053666853","0.384615384615385","0.5469118174457118","0.276","1.0","0.6713285985896172","0.3307743085946706","0.4730538922155689","0.4496902805094778","0.49165631853236713","0.29095802937499265","0.6678492752425998"
"0.5069480125948014","10","4","Tennessee, Madison","-88.8408,35.6118","0.43191318572895376","0.148148148148148","0.6222173949103611","0.7017","1.0","0.26145055415676854","0.5960635261312414","0.4191616766467066","0.5334405085950897","0.49993217123769657","0.4066624995715628","0.2847295755782644"
"0.5069350046180089","8","2","New York, Richmond","-74.1481,40.5858","0.6503189656636671","0.0678279636195468","0.8488951826889836","0.8067","0.75","0.1452368843520714","0.5236624129606698","0.407185628742515","0.5239446622367122","0.2553013093261053","0.1887361021302447","0.45462795863773586"
"0.5068367214089634","2","7","Texas, Morris","-94.7326,33.113","0.43069199949024284","0.272727272727273","0.5392160121722618","0.4015","0.75","0.7194085185102618","0.6753382082939963","0.407185628742515","0.6406572602088578","0.4292282906207606","0.5598314639741467","0.0"
"0.5068111182687393","10","2","California, San Diego","-116.7365,33.0348","0.5179688245875805","0.321441186859767","0.7513754529733966","0.8411","0.675","0.5528135213810501","0.5256070399365563","0.44311377245508987","0.46689449529952165","0.10405807845522021","0.28490189421965134","0.4692641374798374"
"0.5067671713227946","10","4","Louisiana, Allen","-92.8244,30.6539","0.4706037424090616","0.0909090909090909","0.5216215791729205","0.9296","0.575","0.17214552458425092","0.7249674984683154","0.3712574850299401","0.4886637078344629","0.5305672930047363","0.5835696147310244","0.4304660744641648"
"0.5067306880299728","6","7","Alabama, Limestone","-86.9831,34.8119","0.4137702771703235","0.3125","0.5735729602704057","0.4521","1.0","0.40374195381018385","0.5808349131039572","0.5269461077844312","0.504194780386106","0.38786768525977205","0.413133204574051","0.6021326045198887"
"0.5067238189437212","6","7","Tennessee, McMinn","-84.6152,35.4281","0.5061208597842103","0.211382113821138","0.581317638553242","0.4728","1.0","0.26145055415676854","0.421020730158602","0.43712574850299407","0.6037268925796017","0.47393425308840775","0.5275819750407879","0.36819347669003055"
"0.5063611391435263","10","4","Pennsylvania, Clearfield","-78.4759,41.0011","0.41694218041269576","0.515151515151515","0.5556127945470586","0.73","0.825","0.5168765274771758","0.29666680155152386","0.4670658682634731","0.613308186513927","0.4229103130926304","0.4038290606074956","0.3966269572665957"
"0.50632952558575","10","4","Illinois, Peoria","-89.7608,40.787","0.4530778359745594","0.348387096774194","0.6661074106686921","0.6444","0.825","0.42780561490378566","0.5407952713969375","0.532934131736527","0.5357771420024626","0.36530224500186204","0.3144334860043618","0.33935125956749945"
"0.5062653079904131","6","2","Florida, Martin","-80.4311,27.0772","0.5290130084089146","0.327702702702703","0.6452086487419837","0.6912","1.0","0.36515492191213655","0.5031723815926297","0.24550898203592814","0.7712946796992126","0.19009039296404967","0.21511924000130317","0.4303664611185648"
"0.5061865740505046","10","4","Colorado, El Paso","-104.5251,38.8324","0.491027371976318","0.234701781564679","0.6673375408419235","0.5782","1.0","0.903104230085054","0.5529374025572921","0.18562874251497005","0.43165328621112686","0.1905170934027913","0.19155948871414438","0.562950141161743"
"0.5061316239219417","10","1","Kentucky, McCreary","-84.481,36.7387","0.34952031662187066","0.153846153846154","0.5031682366488277","0.9144","0.675","0.6498233878958141","0.4845020966034393","0.39520958083832336","0.5117241638959221","0.6559074610382495","0.5861865036259419","0.0"
"0.5060930400497584","8","7","Missouri, Carroll","-93.5063,39.4276","0.5233099064678739","0.714285714285714","0.4111502230508985","0.3687","0.675","0.6713285985896172","0.2905622179731783","0.37724550898203596","0.6335581539925471","0.5106040140428141","0.5050612523012986","0.43507081675409476"
"0.5060361399128356","6","9","North Carolina, Cabarrus","-80.5527,35.3878","0.45102843884152144","0.166666666666667","0.6577384088281598","0.3633","1.0","0.751491911899152","0.5940286625045391","0.47904191616766467","0.452613368495235","0.3384128705760963","0.2431483037335146","0.46954375253789216"
"0.5057815216398366","10","7","Nevada, Nye","-116.4723,38.0426","0.4837722657362608","0.327272727272727","0.41455079879316387","0.5664","0.675","0.5573731273809973","0.5200854946335344","0.2095808383233533","0.7561322439804544","0.4341939169378387","0.4968086115228617","0.638153921897478"
"0.5057747254519096","10","4","Indiana, Marshall","-86.2619,41.3247","0.41799260049140735","0.25","0.5859647099771288","0.6886","1.0","0.4061590902707796","0.22080525242854795","0.5808383233532934","0.558371441896005","0.44144323935837676","0.41498078360362334","0.5100794520651916"
"0.5057341602030593","8","2","Louisiana, St. James","-90.8021,30.0253","0.6389425204684397","0.124113475177305","0.4756846153428244","0.6027","0.75","0.17214552458425092","0.5900590393784957","0.38922155688622756","0.5357771420024626","0.40935306116708875","0.45185921193457335","0.5709276249651322"
"0.5056716266427738","2","1","Florida, Marion","-82.058,29.2123","0.3403519120126303","0.172727272727273","0.6179809940883575","0.6281","1.0","0.36515492191213655","0.5303050917241016","0.32934131736526945","0.7496278588600158","0.4253823523886378","0.5090651274332968","0.457388505735287"
"0.5056672621391333","10","7","Alabama, Fayette","-87.7389,33.7208","0.39966623928502104","0.333333333333333","0.4966633492327865","0.5454","0.825","0.40374195381018385","0.5153726591667968","0.4550898203592814","0.6281436499318728","0.5553971237983845","0.5287624635888862","0.40287498394350846"
"0.5056113245543017","10","4","Louisiana, Calcasieu","-93.354,30.2293","0.46044607878670196","0.126459143968872","0.637290768656863","0.7829","1.0","0.17214552458425092","0.6073303430007575","0.38922155688622756","0.4939129750014257","0.428450078435743","0.39881195399982394","0.391467174824978"
"0.5055588568037039","8","2","Massachusetts, Suffolk","-71.0785,42.328","0.7161491255372359","0.167625107059831","0.8686862788121811","0.9774","0.5","0.13189104157094694","0.6085734817079178","0.2754491017964072","0.41269877075759065","0.1750654145518905","0.3314482900114101","0.3281759269298998"
"0.5054763315829586","10","9","Kansas, Sedgwick","-97.4608,37.6843","0.4453684714487164","0.267790262172285","0.6744709358404037","0.4588","1.0","0.535277945802919","0.5846584051572747","0.4191616766467066","0.4752076683887773","0.3481233750516776","0.3216508527385651","0.5075739509054491"
"0.5054525217243506","6","4","Texas, Montgomery","-95.5057,30.3008","0.4482729674050519","0.211779448621554","0.6777140173612115","0.5221","1.0","0.7194085185102618","0.5064801326597558","0.502994011976048","0.4437744133187831","0.22290356380719767","0.26957601119374924","0.45326741980793733"
"0.5053417237813906","10","7","Kentucky, Hopkins","-87.5467,37.3094","0.44920065331240683","0.0607476635514019","0.539601114631023","0.433","1.0","0.6498233878958141","0.41768217044421696","0.5149700598802395","0.5670390838965326","0.47350152830911196","0.41855289084047714","0.29845169262650034"
"0.5053398155009015","6","9","Texas, Hutchinson","-101.3547,35.8401","0.5127852866473851","0.44","0.4498916991757231","0.2022","1.0","0.7194085185102618","0.5158428816267487","0.24550898203592814","0.5287228277828","0.3298030485808041","0.5512375267220726","0.5443379854169333"
"0.5052492877957063","6","9","Illinois, Will","-87.9786,41.4462","0.6686910834918554","0.351576994434137","0.6954881454202265","0.1465","1.0","0.42780561490378566","0.5136111120658728","0.6167664670658684","0.43165328621112686","0.2524477494352078","0.11882070804848059","0.5300136166981062"
"0.5051544179096835","2","4","Kansas, Atchison","-95.3087,39.5319","0.4565727271095108","0.333333333333333","0.48936458407328814","0.8163","0.75","0.535277945802919","0.46881260040616707","0.40119760479041916","0.5517358041566147","0.42669537193231033","0.3113929437862423","0.5111097689652805"
"0.5050103155573195","10","1","Ohio, Ashland","-82.2728,40.8477","0.36310349024641525","0.466666666666667","0.585100444719171","0.7373","1.0","0.672432174036711","0.20623344844594993","0.4970059880239522","0.5775976316230177","0.3586880750419219","0.3059066453620801","0.46254495652863553"
"0.5048536380608405","8","9","Mississippi, Smith","-89.5064,32.0174","0.6621938311040931","0.297297297297297","0.4358146403856074","0.1942","0.675","0.5163989158141343","0.5002117896653883","0.4251497005988024","0.5858342498966352","0.4443422085870159","0.48391843232283505","0.49133462416241086"
"0.5047345664936225","8","2","Maryland, Montgomery","-77.2036,39.1368","0.6996948156962354","0.384201301952929","0.780121409581465","0.5804","0.575","0.4167867362521145","0.5988598347862922","0.4670658682634731","0.5016507991249867","0.08195657857700135","0.11767473670939091","0.49665685531700837"
"0.5047135220246899","8","2","Connecticut, Fairfield","-73.3881,41.2681","0.6820903053901476","0.165417256011315","0.7661513560762099","0.7061","0.675","0.35653512920289365","0.5175102615222225","0.4191616766467066","0.5166605513962695","0.10609114976597128","0.2237567779384409","0.4680354625577661"
"0.5046730248128306","10","7","Texas, Calhoun","-96.6163,28.4705","0.42557072981016447","0.138888888888889","0.54548692613729","0.5603","0.825","0.7194085185102618","0.4236074559947283","0.38323353293413176","0.5539608364828539","0.31368354452103936","0.5771443271088107","0.5464327990028222"
"0.504580616809922","8","5","Louisiana, Red River","-93.3421,32.0953","0.6017110718315297","0.238095238095238","0.4924633059048894","0.5712","0.575","0.17214552458425092","0.6551488867404115","0.38323353293413176","0.5837920978957992","0.49928175019452736","0.536037843456827","0.43125893957348854"
"0.5045688833640009","10","2","Minnesota, Lyon","-95.8381,44.4133","0.539368640375901","0.68","0.5642019892046527","0.7978","0.675","0.7794980274392814","0.4422192257026453","0.2275449101796407","0.5117241638959221","0.2435057966998564","0.16025940469804648","0.4338718465804279"
"0.5045581838709841","5","5","Mississippi, Amite","-90.805,31.1747","0.6186327859305314","0.377777777777778","0.41007449556673387","0.3926","0.5","0.5163989158141343","0.6023346044921993","0.3592814371257485","0.6578350382684304","0.47722571223927535","0.6557562411655626","0.0"
"0.5045408379280554","6","9","Michigan, Cass","-85.9941,41.9152","0.4863628525259659","0.39622641509434","0.5027457052961369","0.1633","1.0","0.41517557433580937","0.5261066651048553","0.592814371257485","0.6151952376728468","0.45796449174030207","0.2923278175640757","0.6542205445341919"
"0.5044360736169533","8","9","Tennessee, Robertson","-86.8735,36.5245","0.6271965891215181","0.386861313868613","0.5965689533079896","0.2671","1.0","0.26145055415676854","0.49671787232282044","0.4730538922155689","0.4886637078344629","0.3878205884010251","0.31674068892231344","0.5118250666257322"
"0.5044056662431204","10","4","Florida, Pinellas","-82.7224,27.9313","0.436851208753702","0.249007936507937","0.7667605076073993","0.8112","1.0","0.36515492191213655","0.48577574999238715","0.2275449101796407","0.6853345393682004","0.28191702150524356","0.2672688082757976","0.3949647581199549"
"0.5042476670354451","2","1","Florida, Bradford","-82.1661,29.9508","0.2240422883889048","0.0204081632653061","0.5727081481876907","0.9927","1.0","0.36515492191213655","0.5686762100792222","0.3053892215568862","0.5755097168756041","0.4812461856883063","0.5826584815262081","0.577486299024193"
"0.504232915592426","6","9","Georgia, Lumpkin","-84.0043,34.5729","0.5241882334334417","0.231707317073171","0.5612901528594335","0.4358","1.0","0.49930824224945697","0.36604746292861673","0.39520958083832336","0.5517358041566147","0.3613310869787863","0.45165501539285857","0.5084197147620904"
"0.5042121502745207","8","5","Georgia, Wilkinson","-83.1714,32.8029","0.5947961638866093","0.222222222222222","0.4512400138947242","0.532","0.5","0.49930824224945697","0.6351654672368728","0.4970059880239522","0.5837920978957992","0.4343693772211263","0.5716691710819426","0.0"
"0.5041901616890346","10","4","Minnesota, Blue Earth","-94.067,44.0355","0.5217242304619372","0.481012658227848","0.5870080840524762","0.7549","0.825","0.7794980274392814","0.3985199034385884","0.29940119760479045","0.46124754169706367","0.2685121840103905","0.18716647746795317","0.3926134002672439"
"0.5041754257246892","2","1","Mississippi, Stone","-89.1155,30.7919","0.3416695953028748","0.0833333333333333","0.5064518188542921","0.5985","1.0","0.5163989158141343","0.5771385469847861","0.38922155688622756","0.5215324091055006","0.5094568401701381","0.5231615922534179","0.5289809731325321"
"0.5041744441738126","10","2","Louisiana, Lafayette","-92.0696,30.2049","0.5019620446158928","0.197231833910035","0.7099820412629966","0.8376","1.0","0.17214552458425092","0.5700979077974955","0.38323353293413176","0.4377631248108773","0.3214274886170955","0.3225495113029326","0.3877207847362583"
"0.5041567937308347","8","4","Georgia, Chattahoochee","-84.7881,32.3434","0.5380339559094595","0.368421052631579","0.549222915337114","0.8889","0.75","0.49930824224945697","0.6590056212804025","0.5089820359281437","0.0","0.33656489462706085","0.4016186269877825","0.35812433827206924"
"0.5040456655513889","8","7","Arizona, Santa Cruz","-110.8479,31.5251","0.5619355977060831","0.527777777777778","0.5743844390987557","0.4448","0.75","0.6267102942890856","0.2994501697805539","0.2754491017964072","0.5561726637917245","0.20694626349702358","0.6270375599312611","0.5417848881069042"
"0.504023485192847","10","2","Mississippi, Rankin","-89.9454,32.2647","0.5195363417825085","0.301418439716312","0.620268832772264","0.5823","1.0","0.5163989158141343","0.4978978525741375","0.4550898203592814","0.4939129750014257","0.3554668013130159","0.19893696685294252","0.260942651817918"
"0.5039326076834489","6","7","Virginia, Covington City","-79.9863,37.7825","0.4000160377467415","0.5","0.7054774190506926","0.4212","1.0","0.5881367906958894","0.5262365057907564","0.32934131736526945","0.6458942336050534","0.4378218664713937","0.3950093686972031","0.0"
"0.5037697490965057","8","5","Georgia, Echols","-82.8969,30.711","0.6830378422442414","0.666666666666667","0.32872551588165516","0.3588","0.5","0.49930824224945697","0.6051087093046157","0.38922155688622756","0.540406913436432","0.31345905702718296","0.7211639299768153","0.0"
"0.5036773650469557","6","9","New Jersey, Warren","-74.9956,40.8595","0.6110314077757326","0.12627669452182","0.6480119768499895","0.3372","1.0","0.7118730106573777","0.39148961808292576","0.4191616766467066","0.5627304600978258","0.26216439448277695","0.15640171297402572","0.43243469319015343"
"0.5035962503857474","2","1","Texas, Aransas","-96.9995,28.1056","0.24063521177141042","0.333333333333333","0.4751639621538639","0.8169","1.0","0.7194085185102618","0.3960195885432261","0.37724550898203596","0.7252247709976565","0.4531965034138099","0.5635395811257964","0.0"
"0.5035554474960608","8","2","New York, Dutchess","-73.7436,41.7649","0.63655222483575","0.13552594272753","0.7079435347502657","0.9293","0.825","0.1452368843520714","0.5029818132081321","0.37724550898203596","0.5494974081927578","0.23281449623689102","0.15376714157905452","0.4230255458928235"
"0.5035412853642609","2","4","West Virginia, Kanawha","-81.5286,38.3386","0.4092732923262221","0.177339901477833","0.6288137440275356","0.6648","1.0","0.42782761630184035","0.3761101837303431","0.44311377245508987","0.6075890184122873","0.5304519683567241","0.3465866900915385","0.3142397842468612"
"0.5034482890465121","2","1","Virginia, Wise","-82.6241,36.9746","0.1898992544657164","0.0434782608695652","0.5669892516323992","0.9325","1.0","0.5881367906958894","0.3657062307933953","0.39520958083832336","0.5561726637917245","0.5093977624063348","0.6283153022296543","0.5083775281892113"
"0.5033276193174588","5","6","Minnesota, Watonwan","-94.6141,43.9782","0.6590723948211141","0.611111111111111","0.5008624294247086","0.2808","0.675","0.7794980274392814","0.34966558672129067","0.2694610778443114","0.6056629582719985","0.3256275543502706","0.3201919253711296","0.46317827887380936"
"0.5031171041830518","2","1","California, Yuba","-121.3536,39.2626","0.3060241526230317","0.24","0.6197009627077803","0.9077","0.825","0.5528135213810501","0.5734465879167465","0.39520958083832336","0.42856039038869453","0.356988607076494","0.5112449194604513","0.4664777019220563"
"0.5030821565258212","2","1","Texas, Matagorda","-96.0123,28.8196","0.26919583115744183","0.0317460317460317","0.5447599763791999","0.7666","0.75","0.7194085185102618","0.6040346703487464","0.407185628742515","0.5380992168517501","0.38484500596100174","0.6467237536895566","0.47601518464622805"
"0.5030547304834287","7","2","Nebraska, Platte","-97.5214,41.5725","0.8251945731473951","0.691964285714286","0.560121110822491","0.3442","0.75","0.25083837871869175","0.3393179806642037","0.33532934131736525","0.5561726637917245","0.28999388119800057","0.19707545982675265","0.5123334779559974"
"0.5030424163515084","8","2","New York, New York","-73.9715,40.7673","0.6296115028541369","0.0995116483868385","1.0","0.9736","0.42500000000000004","0.1452368843520714","0.6066578984979419","0.4670658682634731","0.5310891329236117","0.065640114672019","0.26950612898463333","0.36089919074268156"
"0.5030347398669196","10","1","Pennsylvania, Cambria","-78.7138,40.4953","0.38498827540768926","0.39622641509434","0.607878214358211","0.667","1.0","0.5168765274771758","0.29025875083821634","0.5149700598802395","0.6441567395133083","0.37893714440163756","0.30915235302602684","0.39624112555057234"
"0.5030040514876873","10","1","Kentucky, Laurel","-84.1132,37.1098","0.28938509595041584","0.19047619047619","0.5976914265639237","0.7447","1.0","0.6498233878958141","0.22787559532245655","0.4191616766467066","0.5287228277828","0.5162555610999866","0.5581133547566106","0.4530119568273179"
"0.5029735498377224","6","9","Virginia, Warren","-78.2028,38.9085","0.5693525360164136","0.364583333333333","0.6248529972900696","0.2117","1.0","0.5881367906958894","0.4378522454572748","0.34131736526946105","0.5191044408593759","0.3841528129508575","0.31704165476226664","0.5146761179572672"
"0.502922366591843","8","9","Indiana, Jennings","-85.6271,38.9959","0.5963559130277827","0.276785714285714","0.5736573939135137","0.3734","0.825","0.4061590902707796","0.2009294340965045","0.4970059880239522","0.5287228277828","0.5607540178308266","0.37935430049907043","0.624527780536553"
"0.5029175324867065","10","7","Georgia, Berrien","-83.2253,31.2759","0.38252260801277943","0.15","0.4980106957906993","0.4887","0.75","0.49930824224945697","0.4911174119770505","0.4670658682634731","0.5627304600978258","0.5036338356048613","0.7853821678769289","0.4184279083831711"
"0.5028767746134297","6","9","Illinois, Madison","-89.9042,38.8304","0.517997031248901","0.299376299376299","0.6519646536990167","0.3725","1.0","0.42780561490378566","0.4543615495130991","0.5748502994011976","0.5472454870957077","0.3742854547991511","0.23596206304392614","0.4046076648031684"
"0.5028381972421346","2","7","Texas, Burleson","-96.6216,30.4927","0.41863956880244924","0.222222222222222","0.5486598160292607","0.4709","0.75","0.7194085185102618","0.5977287733467306","0.407185628742515","0.624489779413553","0.29666502442823023","0.4493300088618393","0.5267997661541164"
"0.5027913566943106","8","2","New York, Monroe","-77.6932,43.1464","0.57074109099575","0.300182481751825","0.7848959209038128","0.6574","1.0","0.1452368843520714","0.5236374989312302","0.3532934131736527","0.542700408721451","0.26339652712055056","0.21397096751494624","0.44683273919176175"
"0.5027742172898303","6","7","Alabama, Jackson","-85.9975,34.7814","0.43425970545613446","0.206349206349206","0.5161898802602174","0.3231","1.0","0.40374195381018385","0.5184596818983834","0.47904191616766467","0.6017807168377609","0.5140588059632002","0.5305213878921624","0.4179190129567342"
"0.502706871287415","2","4","Texas, Hockley","-102.3432,33.6077","0.39450651137082077","0.173913043478261","0.5176879412816037","0.8485","0.75","0.7194085185102618","0.49986368041955603","0.2694610778443114","0.4806485213347297","0.2608021097730943","0.6273331967985954","0.4738160899287067"
"0.5024849968917334","8","9","Indiana, Greene","-86.9622,39.0363","0.6500467422813214","0.383116883116883","0.5479860373705122","0.4378","0.75","0.4061590902707796","0.1397382415205843","0.4730538922155689","0.5978576089534523","0.44308388820668804","0.3711232178371372","0.5951703750204023"
"0.5024132860275599","8","2","New Mexico, Guadalupe","-104.7907,34.8632","0.5991236327278318","0.263157894736842","0.44428146290722387","0.8895","0.675","0.2328984071594001","0.5082456549117376","0.14970059880239522","0.6644904259777605","0.3810845907711919","0.4747082720551946","0.4617372671431874"
"0.5023459730150414","8","5","Wyoming, Fremont","-108.6297,43.0418","0.6641387535374077","0.410891089108911","0.4711789571009284","0.7106","0.575","0.3940368977735158","0.5842363765312724","0.14371257485029942","0.5627304600978258","0.38377846137462823","0.41919212532871597","0.33813276246571383"
"0.5022282688854561","10","4","Colorado, Montrose","-108.2639,38.4021","0.5571558344019986","0.244444444444444","0.5265588362074213","0.6437","0.675","0.903104230085054","0.3365841795624183","0.11976047904191617","0.6611775880966219","0.1997259273002287","0.44509517121201797","0.5040702826706074"
"0.5021542222217423","6","9","South Carolina, York","-81.1809,34.9728","0.4375434443197072","0.244827586206897","0.6104697292574662","0.3547","1.0","0.6761677914855059","0.6162922703858514","0.47904191616766467","0.47793802351369025","0.31516597625603915","0.25158164512893755","0.5585960433478159"
"0.5021394885324796","10","4","Oregon, Multnomah","-122.4169,45.5475","0.454087301380193","0.250255362614913","0.7841934091665446","0.9271","0.75","0.5704827129810713","0.551834012384599","0.3233532934131737","0.44674408486908573","0.2088731806478489","0.22408366196340423","0.45946663294465595"
"0.5021335799365031","10","7","Missouri, McDonald","-94.3487,36.6287","0.3628948297927845","0.428571428571429","0.5117043229530747","0.68","0.825","0.6713285985896172","0.5280030450934311","0.40119760479041916","0.5092312328105775","0.39139104738641495","0.6372911088150776","0.0"
"0.5020436207238339","6","9","Minnesota, Dakota","-93.063,44.6717","0.5962107673201265","0.716216216216216","0.6977014791220465","0.1496","1.0","0.7794980274392814","0.4892348828991025","0.3173652694610779","0.46124754169706367","0.1949135373807165","0.024391313241733943","0.6259163627969563"
"0.5019772243309022","2","1","Oregon, Coos","-124.0595,43.1741","0.37075063272026926","0.3","0.5754866196488495","0.8914","0.75","0.5704827129810713","0.38538294624154834","0.29940119760479045","0.7021046890169179","0.40938970693400967","0.4065077171395868","0.4153662655376599"
"0.5018477051981526","10","4","South Dakota, Beadle","-98.2786,44.4146","0.5035784836539874","0.3","0.4920106801067116","0.6555","0.675","1.0","0.38447770885207777","0.19161676646706588","0.5494974081927578","0.3243563970885881","0.3266559691578443","0.5300703519537843"
"0.501771883179477","2","1","Arkansas, Faulkner","-92.3372,35.1472","0.35440085671271443","0.164835164835165","0.6180442609565098","0.7568","1.0","0.5574725952297617","0.5514272130669253","0.4550898203592814","0.42229651508178717","0.3842457993060513","0.32056483234143796","0.4755755584046762"
"0.5017618440548068","6","7","Georgia, Greene","-83.1714,33.5769","0.3916360075716077","0.0526315789473684","0.5408807396208511","0.312","1.0","0.49930824224945697","0.6318815533334728","0.48502994011976047","0.7416697243018653","0.3849282102191847","0.45139377462151886","0.43905011563254387"
"0.5017421207603467","2","1","Missouri, St. Francois","-90.476,37.8121","0.20408034952156845","0.0689655172413793","0.5974944279754254","0.9112","1.0","0.6713285985896172","0.41924264371473485","0.43712574850299407","0.5310891329236117","0.45218594700738446","0.46766143244479585","0.47952989184232103"
"0.5016958447229863","6","9","Ohio, Sandusky","-83.1379,41.3562","0.48679108984368846","0.428571428571429","0.5964124232956522","0.2324","1.0","0.672432174036711","0.36473252688566055","0.5089820359281437","0.5755097168756041","0.4144892491117195","0.25399627529036545","0.4419604374370717"
"0.5016632982206861","10","1","Texas, Jim Wells","-98.0905,27.731","0.332287822665703","0.5","0.5546769994311841","0.6746","0.825","0.7194085185102618","0.3265996060008815","0.3652694610778443","0.5016507991249867","0.3610519050877982","0.663344092609793","0.39694057850313824"
"0.5016471834751729","10","4","Nevada, Clark","-115.013,36.2146","0.5045266096686751","0.202529256323141","0.7073273408593914","0.7443","0.5","0.5573731273809973","0.6042313239806841","0.38323353293413176","0.4886637078344629","0.2777732571340662","0.4187723476219642","0.4526680067214104"
"0.5016025123110416","7","9","Illinois, Boone","-88.8235,42.3236","0.6974423501453914","0.542553191489362","0.6062541682756166","0.2203","1.0","0.42780561490378566","0.4131983123285975","0.502994011976048","0.5067215141840639","0.2876333018759121","0.29024200923583626","0.0"
"0.5015031594286986","10","4","Illinois, Perry","-89.3686,38.0851","0.46396594926942997","0.184210526315789","0.5544446061551449","0.7854","0.75","0.42780561490378566","0.4769786476988657","0.502994011976048","0.579673914473061","0.3156751575010192","0.41251068368175337","0.4225734402751701"
"0.5014524410966472","10","7","Texas, Childress","-100.2078,34.5293","0.3687016628179259","0.5","0.5183185917244025","0.6737","0.75","0.7194085185102618","0.5708674820182567","0.2694610778443114","0.46408171358848016","0.30341442848396355","0.648248808762672","0.3578014714618541"
"0.5014383177226309","8","9","Tennessee, Meigs","-84.8148,35.5156","0.5897603766334268","0.590909090909091","0.5061516788965513","0.2299","1.0","0.26145055415676854","0.3817715196426728","0.43113772455089816","0.6299572389493907","0.5172304143486153","0.540524353949877","0.0"
"0.5014115870854725","9","5","Colorado, Saguache","-106.2825,38.0805","0.6533070221789807","0.8125","0.3755247802873265","0.5702","0.25","0.903104230085054","0.45207694094807216","0.06586826347305387","0.6441567395133083","0.3858295175829435","0.5813668112311974","0.0"
"0.5012600604242712","10","1","Kentucky, Magoffin","-83.0658,37.7082","0.3115300501987866","1.0","0.49761885169166675","0.8879","0.75","0.6498233878958141","0.1168707038285959","0.40119760479041916","0.5357771420024626","0.5676636464523761","0.5800742931450882","0.0"
"0.5011495877515789","8","9","Indiana, Montgomery","-86.8934,40.0403","0.6505248735697104","0.425149700598802","0.5945833687984693","0.4234","0.825","0.4061590902707796","0.27327819437525175","0.4970059880239522","0.5691748594129424","0.3715438567893336","0.24394389512291215","0.44278711975483576"
"0.5009450914926804","6","9","Missouri, St. Louis","-90.4458,38.6377","0.5680711291570674","0.209936678032148","0.7680182285817985","0.3273","0.75","0.6713285985896172","0.510984586875149","0.5449101796407185","0.5648909983668218","0.29845736207025775","0.1164420484522302","0.36867095834633856"
"0.5007167212884537","8","9","Indiana, Floyd","-85.9039,38.3212","0.6077299790948668","0.326599326599327","0.6942043765056539","0.205","1.0","0.4061590902707796","0.417024228952752","0.5389221556886228","0.5166605513962695","0.44227476330494087","0.14247347413044187","0.42723152963875677"
"0.5006882959640121","6","9","Michigan, Macomb","-82.9275,42.6916","0.5496447463198024","0.101205583756345","0.770925572302067","0.313","1.0","0.41517557433580937","0.4838978411173149","0.47904191616766467","0.540406913436432","0.3520409473815882","0.21146816707927854","0.5358642201046369"
"0.5006403614165666","2","1","Oklahoma, Beckham","-99.6813,35.2686","0.2505563061208088","0.166666666666667","0.49407143306294865","0.9468","1.0","0.6933119590201189","0.602833676885424","0.2874251497005988","0.46124754169706367","0.45758098450358736","0.41241137101021946","0.38519660638353337"
"0.5006209873317126","10","2","Nevada, Washoe","-119.6632,40.6656","0.517742911973359","0.210482529118136","0.6674109622528746","0.772","0.825","0.5573731273809973","0.5062541285157798","0.3233532934131737","0.5239446622367122","0.20883959432173116","0.2724852669046215","0.4030055242561019"
"0.5004686859608429","6","9","Wisconsin, Dodge","-88.7093,43.4158","0.5331150866898802","0.591397849462366","0.5819524074302381","0.4718","1.0","0.5349291819271391","0.41445963062281127","0.40119760479041916","0.5517358041566147","0.3203794666850078","0.1318426582078108","0.43815035846922057"
"0.5004317713043164","2","1","Minnesota, Beltrami","-94.9373,47.9737","0.28623016188282857","0.333333333333333","0.5210281953163146","0.9522","0.75","0.7794980274392814","0.6165620053017253","0.21556886227544908","0.5166605513962695","0.37611814968829504","0.4311453742519304","0.42874780852190475"
"0.5004069189779047","10","4","Minnesota, Wadena","-94.9697,46.5859","0.41878687969727335","0.75","0.5312903193663667","0.7962","0.675","0.7794980274392814","0.34104750238179665","0.18562874251497005","0.6371246099900815","0.3676404560787214","0.31563214150457003","0.40811497740967334"
"0.5001855588646426","8","9","Georgia, Gilmer","-84.458,34.6932","0.5944667684564097","0.317757009345794","0.5233687653263769","0.2728","1.0","0.49930824224945697","0.277607684227269","0.4131736526946108","0.6774549264631455","0.3711948547813903","0.5723659342518626","0.0"
"0.5000801322372078","10","2","California, Alameda","-121.8929,37.6463","0.481186160403998","0.274776690769885","0.8065752616514845","0.916","0.675","0.5528135213810501","0.5803509862045476","0.44311377245508987","0.46124754169706367","0.08151176342271371","0.16712457478734677","0.4538209699417298"
"0.5000340333969207","2","3","Texas, Burnet","-98.1819,30.788","0.40359583382936687","0.321428571428571","0.5504076325750359","0.4479","1.0","0.7194085185102618","0.4260260142421219","0.3652694610778443","0.6493451083308717","0.3443697235294343","0.3203903084881693","0.5152095608401319"
"0.49996393779247406","2","1","Texas, Tom Green","-100.4624,31.4046","0.3267152918869444","0.180327868852459","0.6028198115552039","0.8851","1.0","0.7194085185102618","0.48638091971341646","0.29940119760479045","0.5092312328105775","0.2931807426463982","0.35776045565622605","0.3786283595309222"
"0.4998546522635705","2","1","Texas, Terry","-102.3355,33.174","0.31218899780608406","0.0833333333333333","0.5231316452873107","0.95","0.675","0.7194085185102618","0.5081982031954149","0.25748502994011974","0.5166605513962695","0.3156283853015262","0.7582637528974776","0.4045358111687495"
"0.4997373561477784","5","7","North Carolina, Perquimans","-76.406,36.1785","0.5277886647791487","0.363636363636364","0.5016992875326335","0.2961","0.675","0.751491911899152","0.5931611187867718","0.32934131736526945","0.7252247709976565","0.41492351767859986","0.4584851838210938","0.0"
"0.4995599954572538","2","7","Ohio, Harrison","-81.0907,40.2938","0.43944809993868184","0.444444444444444","0.4854811456520277","0.4753","0.75","0.672432174036711","0.2805956996921054","0.48502994011976047","0.626321192473144","0.44630424225049253","0.45064759734186005","0.5030909591612909"
"0.49949612597642773","2","1","Missouri, Jasper","-94.3405,37.2035","0.23912029378755595","0.172413793103448","0.6202488066298036","0.5813","1.0","0.6713285985896172","0.47861426851993827","0.4191616766467066","0.5067215141840639","0.4257720480136531","0.47711175981932846","0.7588705425632434"
"0.4994391434833066","6","3","North Carolina, Lincoln","-81.2174,35.4851","0.41112441720075277","0.377777777777778","0.596267268427052","0.1939","1.0","0.751491911899152","0.44024320548127865","0.4670658682634731","0.5561726637917245","0.37672920584798736","0.37361209027618736","0.5416142953274123"
"0.4993068832824964","10","9","Pennsylvania, Columbia","-76.4057,41.0482","0.5456245885269525","0.136904761904762","0.6140366898546545","0.5196","1.0","0.5168765274771758","0.27125211776749825","0.44910179640718567","0.5878652729484978","0.3616575793145764","0.2660414489912558","0.44478151200119964"
"0.49930548303273","10","4","North Carolina, Orange","-79.1217,36.0609","0.4587373989480823","0.171003717472119","0.6782484977195634","0.8367","0.825","0.751491911899152","0.5364433444799","0.4610778443113772","0.452613368495235","0.14584454476974454","0.15111815773540951","0.3408710247849549"
"0.4991822207891163","10","9","Ohio, Wood","-83.6229,41.3622","0.4958478252416319","0.240663900414938","0.6112361574437566","0.4995","1.0","0.672432174036711","0.3351404713514455","0.532934131736527","0.49908933331939354","0.3295941385137595","0.1425525609286268","0.5146945584443697"
"0.49911616054566094","6","7","Georgia, Heard","-85.1289,33.2969","0.5098615444984973","0.352941176470588","0.44467129555313767","0.567","0.675","0.49930824224945697","0.5030771704852105","0.4670658682634731","0.540406913436432","0.5194290597963627","0.571869007555151","0.0"
"0.49896978109040946","10","7","Arkansas, Ashley","-91.7698,33.1915","0.3781464121845627","0.166666666666667","0.4846370150822093","0.49","0.75","0.5574725952297617","0.6229999667327797","0.39520958083832336","0.6075890184122873","0.5191922367576652","0.5297267654068774","0.5031914427509492"
"0.4988807183013533","6","9","Indiana, Wabash","-85.7933,40.847","0.5112283352421041","0.225352112676056","0.5714731308481162","0.3543","1.0","0.4061590902707796","0.29164007797395614","0.5568862275449102","0.6189409155096902","0.42926289930438105","0.30016540404330955","0.6328686776569686"
"0.49881693938366906","8","6","Iowa, Davis","-92.4101,40.7477","0.6147662918026244","0.923076923076923","0.5451905567303975","0.5918","0.5","0.5306255646958271","0.09326914062909879","0.38323353293413176","0.5691748594129424","0.2872359337219384","0.5167889887923228","0.4388779486683647"
"0.4987836266579578","10","9","Minnesota, Becker","-95.6716,46.9348","0.53550734085519","0.6875","0.49774539866202694","0.439","0.825","0.7794980274392814","0.5063709174322152","0.2275449101796407","0.6151952376728468","0.28261786130458616","0.1542478391318813","0.4501135785280378"
"0.4987529775163466","10","2","New York, Broome","-75.8133,42.159","0.5217104620651384","0.261501210653753","0.6988406430580051","0.8303","1.0","0.1452368843520714","0.39035149676876785","0.3532934131736527","0.5858342498966352","0.2823178192594189","0.31436735829868195","0.3976871873147525"
"0.4986910110536902","10","4","Kansas, Ellsworth","-98.2046,38.6968","0.46137877287190904","1.0","0.4384845918564325","0.7959","0.675","0.535277945802919","0.48985726023812637","0.2874251497005988","0.6317620454190964","0.33348144753129405","0.1967088507331758","0.39258682941942274"
"0.49864024544396696","10","7","Tennessee, Haywood","-89.2854,35.5833","0.46893564853716097","0.206896551724138","0.4876458852348649","0.6498","0.75","0.26145055415676854","0.6459092160766735","0.4191616766467066","0.5648909983668218","0.6082482260150179","0.5701091143477622","0.0"
"0.4985898940828643","10","4","Indiana, Kosciusko","-85.8631,41.2452","0.43460013973948863","0.357142857142857","0.6024406941897914","0.6202","1.0","0.4061590902707796","0.2728456246362564","0.5868263473053893","0.5310891329236117","0.38481091824270724","0.274593117801421","0.5766739454913951"
"0.4985738194700166","6","9","Oklahoma, Grady","-97.8834,35.0168","0.5016112632780666","0.40625","0.5128493333961103","0.2888","0.825","0.6933119590201189","0.6003471993578021","0.39520958083832336","0.5239446622367122","0.40790386696770675","0.26382520194686754","0.5276555628327998"
"0.49845039077817693","8","2","Louisiana, St. Martin","-91.614,30.1311","0.5134647899483057","0.102941176470588","0.5576258484609803","0.5053","0.825","0.17214552458425092","0.6398716917353167","0.39520958083832336","0.4886637078344629","0.48707166053543577","0.5286469217734676","0.5919247717178316"
"0.4984485029499849","10","2","Oregon, Clatsop","-123.6607,45.9971","0.5533096200027632","0.810810810810811","0.5852348634540643","0.7577","0.675","0.5704827129810713","0.3538403460982616","0.19760479041916168","0.6335581539925471","0.2667466280562687","0.241768463164264","0.31998174659371653"
"0.49839472531876056","10","2","Louisiana, Bossier","-93.6046,32.6793","0.4827252295236661","0.146198830409357","0.6283626015286095","0.6635","1.0","0.17214552458425092","0.6034980205123129","0.43712574850299407","0.46968620728685795","0.3489171658462393","0.3476607203002731","0.5582511778182504"
"0.49835420999339924","2","1","Michigan, Mecosta","-85.3246,43.6406","0.32529562827368397","0.222222222222222","0.5958220268626462","0.9258","1.0","0.41517557433580937","0.4300161416409456","0.3532934131736527","0.5734100391661536","0.3054456114891662","0.45216453784303295","0.5079001972215268"
"0.4980061643197827","10","4","Florida, Hillsborough","-82.3201,27.9277","0.4293343733334861","0.217665615141956","0.7432750928988894","0.8099","1.0","0.36515492191213655","0.5536549913317519","0.24550898203592814","0.4806485213347297","0.2623250555865962","0.3758962817214665","0.4130889325421838"
"0.4976543359485818","6","7","Tennessee, Sevier","-83.5224,35.7808","0.4062988967290181","0.279411764705882","0.6109245296382203","0.5056","1.0","0.26145055415676854","0.32019801500716","0.4251497005988024","0.5918944128138512","0.5363807375879183","0.5180558309194501","0.591144588919231"
"0.4975466027141555","10","1","Oklahoma, Cleveland","-97.3252,35.2041","0.3610598568481413","0.0772532188841202","0.6383692298080055","0.645","1.0","0.6933119590201189","0.6637073382349441","0.4251497005988024","0.44674408486908573","0.3209374842815886","0.20747143761511036","0.4747300958737516"
"0.4974715744388955","10","9","Ohio, Portage","-81.1974,41.1679","0.44920806597640167","0.162068965517241","0.6187902039792124","0.5403","1.0","0.672432174036711","0.3485616630804249","0.5089820359281437","0.5215324091055006","0.33171229189375834","0.22775253849849658","0.488553432528643"
"0.49725538040866657","10","7","Arkansas, Desha","-91.255,33.8301","0.3942993805144892","0.111111111111111","0.5114191442073972","0.375","0.75","0.5574725952297617","0.6354699364527449","0.4191616766467066","0.5817386943120182","0.559732010311068","0.5926447339879815","0.3834989142377497"
"0.49722521469083886","8","2","Massachusetts, Essex","-70.9469,42.6688","0.726470668563088","0.239727139840832","0.714390212086876","0.8045","0.75","0.13189104157094694","0.4575520194434646","0.2874251497005988","0.542700408721451","0.19051178337901814","0.14820611642521378","0.5041964219595644"
"0.49720205978200777","7","2","Minnesota, Clay","-96.4876,46.8929","0.6537529513558519","0.419243986254296","0.5938787299253246","0.7157","0.75","0.7794980274392814","0.5364023657482804","0.23952095808383234","0.4555137084840577","0.21989573281952446","0.08061185325801881","0.0"
"0.4971664269828041","6","9","Illinois, LaSalle","-88.8863,41.3443","0.5093267138042847","0.458333333333333","0.5949795189555501","0.3741","1.0","0.42780561490378566","0.35662549451732883","0.5389221556886228","0.5817386943120182","0.32587745330665024","0.2851856620116073","0.45372458482421874"
"0.49710359627625217","6","7","Tennessee, Hardin","-88.1859,35.1973","0.3820735825729408","0.444444444444444","0.5270577388425365","0.4394","1.0","0.26145055415676854","0.4214713991569166","0.407185628742515","0.6527643232093532","0.5021246441696384","0.5926173624468027","0.46463424814809606"
"0.49705701970414384","6","7","Tennessee, Warren","-85.7797,35.6728","0.3927358829758445","0.466666666666667","0.569370696356612","0.4397","1.0","0.26145055415676854","0.4012874762031608","0.39520958083832336","0.560557323866868","0.5583732684074255","0.5986945712665914","0.4267924688662065"
"0.4970569897682665","8","2","New York, Rockland","-74.0256,41.1503","0.6731239400982373","0.0585592686002522","0.8052237494334107","0.9074","0.575","0.1452368843520714","0.5247973452474197","0.40119760479041916","0.5191044408593759","0.14551207507725952","0.2389671191489243","0.47736733729746217"
"0.49698265252493795","8","2","Delaware, New Castle","-75.6405,39.5799","0.6229753019668823","0.30108736407949","0.7360752597736422","0.5562","0.75","0.2712393218741049","0.5833993753050268","0.4191616766467066","0.504194780386106","0.2874172158909742","0.18192797627056936","0.4293712269152877"
"0.4969179546221057","2","3","North Carolina, Carteret","-76.5412,34.8933","0.349688394088169","0.228571428571429","0.6094248302992681","0.5151","1.0","0.751491911899152","0.47025002077921585","0.34131736526946105","0.6806267907799217","0.3339881645271685","0.2793590360179204","0.4828192273961544"
"0.4967799651639897","9","7","South Dakota, Lyman","-99.852,43.8952","0.43866596663723784","0.25","0.35904197520884895","0.6944","0.5","1.0","0.6625241979659214","0.155688622754491","0.5191044408593759","0.5298566816400231","0.5674687295281159","0.0"
"0.49672657716206525","10","2","Illinois, Sangamon","-89.6587,39.7584","0.5080143628604696","0.319078947368421","0.6515825944638117","0.6361","0.825","0.42780561490378566","0.4704137868214503","0.5089820359281437","0.5517358041566147","0.32418281826962375","0.20480767798374927","0.3577930023265024"
"0.4967221625892514","6","9","New Jersey, Gloucester","-75.14,39.7158","0.63718042852805","0.263390392048592","0.6985421993595994","0.2286","0.75","0.7118730106573777","0.4537392571457934","0.4730538922155689","0.5092312328105775","0.2998278146212921","0.11533350103448682","0.48835971435305153"
"0.496716296941544","6","7","Mississippi, Hancock","-89.4885,30.4183","0.4352215019316708","0.151898734177215","0.5817997721650329","0.3085","1.0","0.5163989158141343","0.5119603330432976","0.38323353293413176","0.6037268925796017","0.388721233414937","0.5156244871620811","0.46997084547659773"
"0.4964054894299693","2","1","Arkansas, Johnson","-93.4604,35.5676","0.37808970926143853","0.114285714285714","0.5393327637599826","0.7625","0.75","0.5574725952297617","0.41718265715132735","0.407185628742515","0.5357771420024626","0.47359286981742826","0.5449087661720694","0.4294981294052314"
"0.49633813721871206","6","9","Kentucky, Boone","-84.7262,38.9707","0.6128650425959724","0.544303797468354","0.6887609945227205","0.0977","1.0","0.6498233878958141","0.3246687963927809","0.5389221556886228","0.4437744133187831","0.3515678381159411","0.06694049511726828","0.4755082579157242"
"0.49625359152928133","10","3","Ohio, Washington","-81.4912,39.4569","0.44041757692539746","0.137931034482759","0.5799658258234314","0.5591","1.0","0.672432174036711","0.24653836959968609","0.47904191616766467","0.6189409155096902","0.4367802815906105","0.2433730894876205","0.3939757246914581"
"0.4961998595018743","6","9","Virginia, Chesterfield","-77.5868,37.3737","0.5945878215314782","0.393660531697341","0.6943251201356571","0.0898","1.0","0.5881367906958894","0.6022325928353361","0.37724550898203596","0.4833394486037307","0.28983461729614757","0.12602947575868523","0.5365097395771616"
"0.4960188913649144","10","1","Florida, Leon","-84.2749,30.4596","0.3762131346386699","0.155797101449275","0.6706749446265318","0.8497","1.0","0.36515492191213655","0.5762230087611641","0.44910179640718567","0.4407808887294848","0.28464498988502884","0.3506667453093838","0.38971491821840365"
"0.4959474070502902","10","7","Pennsylvania, Mifflin","-77.6107,40.6112","0.4875549265592424","0.333333333333333","0.602064235157512","0.5097","0.825","0.5168765274771758","0.16590038417082295","0.44910179640718567","0.6335581539925471","0.49380262578851875","0.39581452801471184","0.4439407081107626"
"0.49593775627578346","2","1","Florida, Washington","-85.66,30.6136","0.2357933805950194","0.0769230769230769","0.519558198395035","0.8548","0.825","0.36515492191213655","0.6345268706837514","0.4191616766467066","0.5670390838965326","0.5082423059664037","0.6487137616236701","0.45816028874794007"
"0.49582673776212755","6","9","Illinois, DuPage","-88.0864,41.8512","0.6842681698251736","0.406228373702422","0.7772635894669608","0.3079","0.75","0.42780561490378566","0.417252705181129","0.6107784431137724","0.49908933331939354","0.1776125604116309","0.07316388734503439","0.48636695374148436"
"0.4958120310270234","6","9","Michigan, Bay","-83.9873,43.7064","0.5513518516860986","0.329059829059829","0.6579411679889521","0.3241","1.0","0.41517557433580937","0.3634469901392594","0.38922155688622756","0.6017807168377609","0.35140645479809823","0.3456228727256036","0.41209102076184123"
"0.49579682660121155","6","9","Wisconsin, Walworth","-88.5416,42.6686","0.5731668346002758","0.339350180505415","0.6143263834083778","0.4285","1.0","0.5349291819271391","0.28930226486072763","0.49101796407185627","0.5449798764246452","0.24456518838930236","0.18070388703740733","0.533086819284583"
"0.4957923977158177","10","4","Minnesota, Polk","-96.4013,47.7737","0.528978127978351","0.345454545454545","0.5196126433114654","0.7303","0.675","0.7794980274392814","0.4997022253590224","0.23353293413173656","0.5755097168756041","0.34186769763071434","0.13092341043105213","0.4325714471913912"
"0.4956268082251058","10","4","Illinois, Morgan","-90.2026,39.7165","0.45138295403341483","0.294117647058824","0.5638097162207134","0.7358","0.825","0.42780561490378566","0.455411614344928","0.4730538922155689","0.6056629582719985","0.36249656027290283","0.25977300272225723","0.4220110704974374"
"0.4955896776330267","2","1","Ohio, Gallia","-82.3165,38.8271","0.21560599525157698","0.142857142857143","0.5367505074174671","0.7794","1.0","0.672432174036711","0.35187221254895085","0.44311377245508987","0.579673914473061","0.5597138545412953","0.5184762141912721","0.28598952238294373"
"0.4954962455859141","6","3","Ohio, Champaign","-83.7688,40.1392","0.4257265281345572","0.391304347826087","0.5522395582960561","0.2681","1.0","0.672432174036711","0.34232603176809556","0.5209580838323353","0.5755097168756041","0.3765387675052775","0.24595497672147318","0.7593505330778725"
"0.495459617050264","6","9","South Carolina, Kershaw","-80.5876,34.3399","0.465530908402003","0.0830188679245283","0.5330956429762367","0.071","1.0","0.6761677914855059","0.5728237431396641","0.43712574850299407","0.5712984652022484","0.40850145714233593","0.47332358696538146","0.48914414549332447"
"0.49545851117509676","8","9","Georgia, Pierce","-82.216,31.3593","0.5757706736287439","0.257142857142857","0.542002212721883","0.156","0.825","0.49930824224945697","0.541574427886491","0.4251497005988024","0.5494974081927578","0.4886264494224144","0.5980748359736172","0.0"
"0.495405996870484","10","7","Arkansas, Monroe","-91.2054,34.6816","0.3746701089461966","0.2","0.5030626447950094","0.4244","0.675","0.5574725952297617","0.6657504412939078","0.4251497005988024","0.6611775880966219","0.6602950612018708","0.5835916572995843","0.0"
"0.49535726005162195","8","2","Louisiana, LaSalle","-92.1591,31.6788","0.550836275019139","0.297297297297297","0.47260733540732713","0.6039","0.675","0.17214552458425092","0.614077910571674","0.3652694610778443","0.558371441896005","0.502270905108769","0.5268534802611826","0.35146071108345306"
"0.4953187348385802","2","7","Florida, St. Lucie","-80.4711,27.3776","0.4057272135098962","0.19620253164557","0.6854660357249557","0.4941","1.0","0.36515492191213655","0.5807150112470018","0.23952095808383234","0.6758588134982833","0.33621045956189444","0.47871493278651617","0.44664750614021426"
"0.495260171055149","2","7","Kentucky, Casey","-84.9273,37.3253","0.28435802282922784","0.5","0.47999240327925596","0.5594","0.75","0.6498233878958141","0.2654597050569293","0.44311377245508987","0.6151952376728468","0.5468133187541145","0.6631591530373145","0.5138002059298566"
"0.4952388969465346","2","3","Arkansas, Crawford","-94.2447,35.5893","0.34520357062327955","0.636363636363636","0.605934820431328","0.2951","1.0","0.5574725952297617","0.4744094012428571","0.43712574850299407","0.5380992168517501","0.43644353547829984","0.4122935280475335","0.5048332426142819"
"0.49521563270989016","6","9","Ohio, Ottawa","-83.094,41.5378","0.5264443885690838","0.375","0.5417500175242977","0.2662","1.0","0.672432174036711","0.21033538022658374","0.502994011976048","0.6806267907799217","0.38177461112314787","0.11795802004929057","0.6250268634698327"
"0.49516547829622726","9","4","Texas, La Salle","-99.0991,28.3445","0.48415500754649377","0.75","0.46286446510810014","0.8867","0.675","0.7194085185102618","0.2756007666810137","0.311377245508982","0.48601108590571473","0.2749982722207698","0.5122206059017645","0.0"
"0.49515572469363883","6","9","Maryland, St. Mary's","-76.6063,38.3006","0.6088781320035908","0.464052287581699","0.6295636664705568","0.3333","1.0","0.4167867362521145","0.5308841158079157","0.3592814371257485","0.4377631248108773","0.34009500081186805","0.09468579105752371","0.5857304250681081"
"0.49505086068626564","6","9","North Carolina, Wake","-78.6525,35.7888","0.446034779392652","0.260204081632653","0.7175947564113494","0.4384","1.0","0.751491911899152","0.6138105585824305","0.47904191616766467","0.3927283612037091","0.16786116538947063","0.1298306077051373","0.5043749838429015"
"0.49499498736596353","6","9","Georgia, Cobb","-84.5761,33.9424","0.5684977018469631","0.273067331670823","0.7661320035155682","0.2264","1.0","0.49930824224945697","0.6011183294279557","0.44910179640718567","0.40944379978250145","0.2159596669467549","0.20869116677976607","0.5070088330250734"
"0.4949110285596443","5","7","Oklahoma, Nowata","-95.619,36.7984","0.4072108679044065","0.0869565217391304","0.4673182320060114","0.2525","0.675","0.6933119590201189","0.7131114871996086","0.4131736526946108","0.5998243249034969","0.5062210276024501","0.5772694368523407","0.45430461217267015"
"0.4948867970297273","5","6","South Dakota, Tripp","-99.8855,43.3446","0.4747152416639992","1.0","0.4444015862307833","0.2706","0.575","1.0","0.5290014564058881","0.14970059880239522","0.6561524538860896","0.38865126028623853","0.29709373578057524","0.37739153463924807"
"0.494874669077612","8","5","Texas, Ochiltree","-100.8158,36.2783","0.659450761229311","0.512820512820513","0.5024357571640571","0.391","0.575","0.7194085185102618","0.36035797361375715","0.24550898203592814","0.3606106398115555","0.3147414312727581","0.5863387426846226","0.4509883177873512"
"0.49484856173512787","6","9","Indiana, Clark","-85.7051,38.4802","0.5294007020727504","0.1775","0.6732621520657267","0.2541","1.0","0.4061590902707796","0.4652461646686272","0.5389221556886228","0.5117241638959221","0.45859820294727904","0.23619544782203075","0.4582957782964692"
"0.4948085736175855","10","2","Iowa, Story","-93.465,42.0362","0.4945043433351214","0.573333333333333","0.7206513632972735","0.6823","1.0","0.5306255646958271","0.32547636357702026","0.37724550898203596","0.4061601502796258","0.17400223338706805","0.22205586676890224","0.447325188455192"
"0.49480041867828356","10","4","New Mexico, Socorro","-106.9298,34.0072","0.4727499200712234","0.122448979591837","0.45457449393026683","0.9803","0.675","0.2328984071594001","0.6063901230056649","0.1317365269461078","0.5898852876912913","0.4614175987776431","0.549599473206834","0.5202080655747179"
"0.4947587913943873","2","7","Arkansas, Greene","-90.5583,36.1174","0.3960130105421743","0.333333333333333","0.5830130438557183","0.3843","1.0","0.5574725952297617","0.36242340265531725","0.4670658682634731","0.526341402378779","0.47170954927831615","0.4576364238185214","0.43564682785570435"
"0.49473630664353985","6","6","Kansas, Jackson","-95.7936,39.4167","0.6334415641929521","0.91304347826087","0.4849282944007837","0.0987","0.675","0.535277945802919","0.5291359893589871","0.37724550898203596","0.5918944128138512","0.3823692248413804","0.18092915724356956","0.5771952999758115"
"0.494706947929422","2","1","Missouri, Polk","-93.3983,37.6162","0.20786376846335258","0.5","0.5369179588863626","0.823","1.0","0.6713285985896172","0.3160132011784273","0.38922155688622756","0.5734100391661536","0.43620168057761893","0.4463374273972898","0.44349393055539327"
"0.4945292871699386","10","1","Pennsylvania, Union","-77.06,40.9619","0.3973108278317735","0.173913043478261","0.61761954752449","0.8535","0.825","0.5168765274771758","0.46642047030334505","0.4610778443113772","0.5627304600978258","0.26987520593512276","0.3102344978067039","0.43609588969925606"
"0.49443282989206666","6","2","Illinois, Clinton","-89.4239,38.607","0.6167142823122759","0.316770186335404","0.5458565607446835","0.5358","0.825","0.42780561490378566","0.3799314370589891","0.5149700598802395","0.540406913436432","0.36138154865081906","0.10501612559225779","0.4881426288704698"
"0.49442928080422544","6","3","Oklahoma, Wagoner","-95.5191,35.9602","0.3949381843666837","0.102941176470588","0.5531606859505537","0.249","1.0","0.6933119590201189","0.6948818649053259","0.44910179640718567","0.526341402378779","0.41021103472953474","0.2968760956942992","0.5373302436300339"
"0.49442207354256024","6","7","Tennessee, Carroll","-88.4519,35.9737","0.43363124724882646","0.28","0.5241579109542948","0.6979","0.75","0.26145055415676854","0.527865790389097","0.43113772455089816","0.6151952376728468","0.4286369883910094","0.5246114361447983","0.39048431780044984"
"0.4943902641307095","2","1","Texas, DeWitt","-97.3568,29.081","0.3334827331528974","0.117647058823529","0.528321000510291","0.7685","0.675","0.7194085185102618","0.549740572098268","0.39520958083832336","0.6037268925796017","0.3259442699982011","0.49385478622281337","0.45528463716420264"
"0.4943674580784725","10","7","Tennessee, Morgan","-84.6488,36.1325","0.4452225719439924","0.5","0.49021001166111294","0.7689","0.75","0.26145055415676854","0.41677587259165344","0.38323353293413176","0.5472454870957077","0.5998896664830371","0.5988316711985138","0.0"
"0.49430219161226974","6","9","Virginia, Spotsylvania","-77.6554,38.1857","0.580346061562143","0.427631578947368","0.6255150366655466","0.1468","1.0","0.5881367906958894","0.5406623751989093","0.3592814371257485","0.46408171358848016","0.314732714482309","0.17437742763467134","0.6010179127655517"
"0.49420885881929116","8","5","Tennessee, Bledsoe","-85.2061,35.5994","0.5416982549354229","0.0165016501650165","0.48607025406676974","0.8233","0.5","0.26145055415676854","0.48885657282055606","0.38323353293413176","0.5817386943120182","0.41742401791916944","0.6232224999881916","0.49963629324493736"
"0.49414205508804016","10","7","Wisconsin, Menominee","-88.7095,45.0042","0.41721805214980556","0.5","0.4544533255954998","0.5103","0.5","0.5349291819271391","0.7482316507195503","0.29940119760479045","0.44674408486908573","0.715454709627452","0.6742164078824711","0.0"
"0.4940159027191071","10","2","New York, Montgomery","-74.4401,42.9012","0.4910715217518422","0.28","0.6411624537140685","0.7138","1.0","0.1452368843520714","0.37461538357098617","0.311377245508982","0.5817386943120182","0.35386426924317366","0.4629985814032663","0.4454529350093328"
"0.4937828750751681","2","1","Texas, Erath","-98.2177,32.236","0.2969126785229057","0.2","0.5334325555332399","0.9573","0.825","0.7194085185102618","0.4321567228030507","0.34730538922155696","0.4806485213347297","0.31406233216261864","0.4899606394815588","0.4614591261706425"
"0.4936611629759385","6","7","Virginia, Amherst","-79.1455,37.6031","0.4693276124470662","0.458333333333333","0.5609649679753087","0.3763","0.825","0.5881367906958894","0.6213219669763671","0.3652694610778443","0.6189409155096902","0.3873120578607793","0.4250326793190203","0.0"
"0.493475347926938","10","2","New York, Onondaga","-76.1997,43.0049","0.6058489958569651","0.385296119809394","0.7454993143230675","0.7708","0.675","0.1452368843520714","0.5719518654983008","0.311377245508982","0.540406913436432","0.2864854058570988","0.21382478410696895","0.40117777291338563"
"0.49339344419158465","6","9","Minnesota, Scott","-93.5334,44.649","0.5999151018307394","0.766816143497758","0.6408812003458212","0.2321","1.0","0.7794980274392814","0.5073348461742823","0.2754491017964072","0.3606106398115555","0.18009124503277113","0.02361727996884005","0.5692797710002432"
"0.4933454283498405","10","7","Ohio, Adams","-83.4719,38.8454","0.3430338276823111","0.375","0.5020847634045441","0.595","0.75","0.672432174036711","0.22721256583498514","0.44311377245508987","0.5561726637917245","0.526266594841856","0.5607253991309658","0.577450703342705"
"0.49329014919260084","2","7","Texas, Fannin","-96.1075,33.5956","0.39197304007995326","0.24","0.46669468280217385","0.7281","0.675","0.7194085185102618","0.5582650387426716","0.4191616766467066","0.5978576089534523","0.3054615005403373","0.4493290399577267","0.2938323971085951"
"0.4932501048642984","8","2","Iowa, Sioux","-96.1768,43.0822","0.7175210361207288","0.916030534351145","0.6102942169508899","0.4922","0.675","0.5306255646958271","0.24579473379695863","0.34730538922155696","0.5092312328105775","0.1901525846940633","0.09326234980320953","0.43988476270650334"
"0.4932144964189636","6","9","Illinois, Iroquois","-87.8247,40.7472","0.6949006046105418","0.675438596491228","0.5189988130241469","0.1566","0.75","0.42780561490378566","0.2668154144930539","0.5209580838323353","0.6353456481032828","0.30555380306362884","0.2944366373649878","0.4273927613597075"
"0.49303580042437456","10","2","New Mexico, Bernalillo","-106.6704,35.0516","0.4943299740980413","0.251694915254237","0.7254474707324037","0.659","1.0","0.2328984071594001","0.6119202109818931","0.23353293413173656","0.5166605513962695","0.222402468104369","0.36208358469330126","0.474658970466174"
"0.4930067165219924","2","1","California, Sutter","-121.6946,39.0342","0.29938273213489897","0.184210526315789","0.6200450727905827","0.6654","1.0","0.5528135213810501","0.5076503304826213","0.38323353293413176","0.5067215141840639","0.2643034786851644","0.5099992721107854","0.6237102809227275"
"0.49299430819109724","1","10","Oklahoma, Ottawa","-94.8101,36.8353","0.0","0.0","0.5499215543058749","0.9166","1.0","0.6933119590201189","0.6333439423503682","0.4131736526946108","0.579673914473061","0.5346833758940509","0.64095998535017","0.40152093660092114"
"0.4929183775225162","10","7","Texas, Wise","-97.6546,33.2157","0.395508511734769","0.333333333333333","0.5576016966466735","0.4903","0.825","0.7194085185102618","0.38847424469545416","0.4131736526946108","0.504194780386106","0.41816483402606036","0.4302729972116151","0.5189020977141643"
"0.49267400875419887","6","9","Pennsylvania, Beaver","-80.3492,40.6825","0.5082753490887244","0.158607350096712","0.6288315428970632","0.4196","1.0","0.5168765274771758","0.3637914314896888","0.47904191616766467","0.6281436499318728","0.4008805291916675","0.13731551308741174","0.4679039028295486"
"0.4925997560290203","10","2","Iowa, Johnson","-91.5875,41.6717","0.51484676445384","0.141093474426808","0.7277482196789995","0.8593","1.0","0.5306255646958271","0.44448685820911915","0.37724550898203596","0.38929338935206537","0.1778279688586005","0.15148961134954902","0.2836323617771063"
"0.4924612880142919","6","7","Tennessee, Gibson","-88.9336,35.9944","0.41163425947008436","0.172413793103448","0.5607677798833641","0.3884","1.0","0.26145055415676854","0.5158487601989442","0.44311377245508987","0.5734100391661536","0.5427405905098718","0.4943422661044278","0.520799584954186"
"0.4924480450482064","6","7","Georgia, Hart","-82.9657,34.3463","0.4557807154913072","0.421052631578947","0.5046886474506819","0.3897","1.0","0.49930824224945697","0.4857832576916356","0.4550898203592814","0.6424111072462477","0.3077338256388939","0.5209075579486411","0.0"
"0.49233484552102397","8","2","Virginia, Arlington","-77.1014,38.8768","0.6678306711091868","0.330769230769231","0.8760398537390036","0.7765","0.42500000000000004","0.5881367906958894","0.5205239269354758","0.40119760479041916","0.3643190466040495","0.0586193165995627","0.04757052743869835","0.5226344181042398"
"0.4922756163401482","8","2","Virginia, Fairfax City","-77.2978,38.8516","0.5501095938017829","0.382978723404255","0.8471219998523662","0.6928","0.825","0.5881367906958894","0.47917434744152687","0.38922155688622756","0.4965101409658336","0.17304682456757367","0.09567019763584976","0.0"
"0.4920300840073458","6","9","Kentucky, Simpson","-86.5805,36.7406","0.5056277239379892","0.243243243243243","0.5121535836626915","0.0758","1.0","0.6498233878958141","0.4690022527047451","0.4670658682634731","0.5380992168517501","0.47320592095403585","0.31566714316563504","0.5277354902541662"
"0.49201529567334756","5","6","Iowa, Floyd","-92.7894,43.06","0.5345563286664159","0.909090909090909","0.5877451081406903","0.3206","0.75","0.5306255646958271","0.34452285799580074","0.33532934131736525","0.6406572602088578","0.33822813684927366","0.25765982285283884","0.507773655289394"
"0.4919132509461012","10","4","Washington, Pierce","-122.1406,47.0389","0.457664462276542","0.16807738814994","0.697905002018588","0.7046","1.0","0.5051412015799757","0.5894935194940605","0.24550898203592814","0.46408171358848016","0.2775526243744112","0.19132513503192727","0.49021521787314076"
"0.4918510419126884","2","3","Texas, Van Zandt","-95.8377,32.5648","0.34192444551436696","0.272727272727273","0.5249095706983499","0.3391","1.0","0.7194085185102618","0.44190808021251843","0.43712574850299407","0.6207997313712245","0.28802169888738033","0.49875199094656003","0.5738758692595244"
"0.49182484401403725","2","7","Tennessee, Hamblen","-83.2659,36.2199","0.3265436443638642","0.25","0.6370211831777884","0.4986","1.0","0.26145055415676854","0.46627395232657703","0.43712574850299407","0.5775976316230177","0.5194289086420275","0.5852269252154995","0.4474530712422638"
"0.4918216403118027","10","3","Ohio, Clinton","-83.8085,39.4149","0.4041160929762868","0.205128205128205","0.5490935491119706","0.5247","1.0","0.672432174036711","0.3222156094967125","0.4970059880239522","0.5380992168517501","0.4272003883494128","0.3061453591128036","0.39604776781880285"
"0.4918007074199846","8","2","Illinois, Cass","-90.2473,39.9699","0.6519458223305481","0.365079365079365","0.5068458103689129","0.5272","0.75","0.42780561490378566","0.44228892866481334","0.4670658682634731","0.5517358041566147","0.29548941566483405","0.3666731623613211","0.0"
"0.49179787274111075","8","9","Georgia, Banks","-83.4964,34.3561","0.5508207211611859","0.325581395348837","0.5153997820757845","0.2474","1.0","0.49930824224945697","0.4047092151239905","0.44311377245508987","0.5517358041566147","0.3893284377535697","0.5566356548719951","0.0"
"0.4916610144750722","6","2","New Hampshire, Hillsborough","-71.72,42.9154","0.6348113598182996","0.38595473012188","0.6945385324260481","0.4998","1.0","0.499606471180141","0.3338859485135741","0.2694610778443114","0.5067215141840639","0.2419690170181025","0.09802681466354018","0.4434950810038636"
"0.4916609803998293","2","1","Kentucky, Pulaski","-84.5763,37.1047","0.32645312411274086","0.122448979591837","0.571513732178476","0.5189","1.0","0.6498233878958141","0.26782912476928394","0.4191616766467066","0.5858342498966352","0.5234835067467278","0.5406183376487919","0.38248187827532165"
"0.4916552855073966","2","1","Arkansas, Howard","-93.9935,34.0901","0.30327733962783937","0.0714285714285714","0.5085564458021957","0.6581","0.675","0.5574725952297617","0.6802747771204481","0.4191616766467066","0.5691748594129424","0.5341934281521422","0.4924807590782379","0.5147377852322785"
"0.4914825244721381","6","9","Indiana, Johnson","-86.1015,39.4899","0.6587192747438849","0.318367346938775","0.6666895355448602","0.1891","1.0","0.4061590902707796","0.3198264433834867","0.5449101796407185","0.49129758316188105","0.32131548985535513","0.12360769992942745","0.5492873475722342"
"0.4914216544828043","10","4","Florida, Alachua","-82.3593,29.6787","0.4095637080249406","0.164133738601824","0.6746504647290232","0.8937","1.0","0.36515492191213655","0.539464482710463","0.3173652694610779","0.46408171358848016","0.2569048170651095","0.3589543877488857","0.33303696891322926"
"0.4914023933341739","6","9","Ohio, Licking","-82.4819,40.0914","0.4709856346589386","0.33695652173913","0.6250430219751505","0.2579","1.0","0.672432174036711","0.3791790789673966","0.5209580838323353","0.5310891329236117","0.3494346072456751","0.1900574451137015","0.5409880501313612"
"0.4913491196127084","6","9","Wisconsin, Fond du Lac","-88.4889,43.7535","0.5076383717359643","0.411290322580645","0.6152670248756542","0.5419","1.0","0.5349291819271391","0.3662549592438328","0.407185628742515","0.5670390838965326","0.2867401186261071","0.09411498542223207","0.5073838435892181"
"0.4912406683424471","10","7","Kentucky, Leslie","-83.38,37.0925","0.408008590163043","0.333333333333333","0.44377216051584834","0.8911","0.5","0.6498233878958141","0.1024180480448909","0.38922155688622756","0.5539608364828539","0.6143743865206966","0.582451983837226","0.4533957040455145"
"0.4911406798609861","8","9","Virginia, Rockingham","-78.8726,38.5101","0.6330420021708054","0.330749354005168","0.5778512047938947","0.4339","0.75","0.5881367906958894","0.3728101176578743","0.3532934131736527","0.5898852876912913","0.2447026076786153","0.26465627944938636","0.43208622938425273"
"0.49112879804085785","6","9","Indiana, Perry","-86.6374,38.0781","0.48957605913515445","0.421052631578947","0.5804603010443682","0.5205","0.825","0.4061590902707796","0.3561674705651794","0.5449101796407185","0.5755097168756041","0.39993589133897917","0.2302543700300518","0.5314929842353662"
"0.49112216976097756","6","9","Virginia, Westmoreland","-76.8021,38.1102","0.578658027279989","0.404761904761905","0.5326060802599198","0.0761","0.825","0.5881367906958894","0.6411191890622568","0.34131736526946105","0.6884403224054082","0.420363725969277","0.37691762776908255","0.0"
"0.49110182042522493","8","2","New York, Fulton","-74.418,43.1136","0.6111854380189109","0.466216216216216","0.5916151004558958","0.4801","1.0","0.1452368843520714","0.30576930351238957","0.29940119760479045","0.5918944128138512","0.36407716906256454","0.3371670043095644","0.5248799600975975"
"0.4910844965201704","2","1","Washington, Cowlitz","-122.6782,46.1907","0.36907656903811586","0.220588235294118","0.6181039966461128","0.7555","1.0","0.5051412015799757","0.4125560792470614","0.23353293413173656","0.5898852876912913","0.3779779360845026","0.3685912291650796","0.4885640034280432"
"0.49086896357382653","6","7","Arkansas, Perry","-92.9437,34.9459","0.5050181669322034","0.416666666666667","0.46374511666616214","0.6406","0.675","0.5574725952297617","0.4175457370615079","0.4191616766467066","0.5998243249034969","0.4197854130472931","0.47184843045406116","0.0"
"0.49084883005137203","8","9","Tennessee, Cheatham","-87.089,36.2614","0.5826378226053759","0.454545454545455","0.5826870278727896","0.2225","1.0","0.26145055415676854","0.3549660883711883","0.4550898203592814","0.49129758316188105","0.4021644831124545","0.3242988676780976","0.7145773342870437"
"0.4908023735662236","6","6","Iowa, Monroe","-92.8691,41.0299","0.680364068627839","1.0","0.5920090248702223","0.2159","0.575","0.5306255646958271","0.1839398096233548","0.37724550898203596","0.6017807168377609","0.370304933613753","0.2768980195721053","0.4208318396262757"
"0.49074217011003474","6","9","Michigan, Ottawa","-85.9969,42.96","0.5705544214379566","0.496138996138996","0.6653820263215209","0.4877","1.0","0.41517557433580937","0.3462496381934026","0.502994011976048","0.4886637078344629","0.1922599212564055","0.0832588992934388","0.5562755909999139"
"0.49072187091808434","8","6","Wisconsin, Forest","-88.7708,45.6668","0.5567151718995553","1.0","0.46256826749083707","0.4062","0.5","0.5349291819271391","0.6281377144150434","0.2275449101796407","0.6628376879802886","0.388558880001885","0.43145881473233233","0.0"
"0.49053967364285367","2","7","Arkansas, Fulton","-91.8173,36.3818","0.3874033352166375","0.666666666666667","0.49016390242946095","0.4642","0.675","0.5574725952297617","0.28881287798748656","0.40119760479041916","0.7065503696555112","0.41106867320844404","0.5970017746689952","0.47687290238132773"
"0.4904949196022626","10","1","South Carolina, Charleston","-79.9651,32.8249","0.3570661389765585","0.0988142292490119","0.664026242864252","0.7122","1.0","0.6761677914855059","0.5754227428623864","0.3532934131736527","0.5215324091055006","0.2703819695596318","0.2305284487808825","0.3711220302611367"
"0.49045937087069896","10","7","Virginia, Patrick","-80.2866,36.6802","0.4229399591374502","0.666666666666667","0.486731699919135","0.4798","0.75","0.5881367906958894","0.45460096770952435","0.3652694610778443","0.7080205562076126","0.37841444155142967","0.5290849875453433","0.0"
"0.49033290103978794","2","1","Texas, Cooke","-97.2124,33.6398","0.3571101645903138","0.384615384615385","0.5710168493106719","0.5925","0.825","0.7194085185102618","0.490433694185571","0.407185628742515","0.5755097168756041","0.2286825514729063","0.39231339300410056","0.48405561422448323"
"0.49030338838733184","2","1","Kentucky, Franklin","-84.8796,38.2379","0.23352160235882893","0.111111111111111","0.6507469823156865","0.7332","1.0","0.6498233878958141","0.48288075138330205","0.47904191616766467","0.5539608364828539","0.44173509341833195","0.2912714698553947","0.41354471173994456"
"0.49014797804743326","8","2","Louisiana, St. John the Baptist","-90.4754,30.126","0.6138768874155996","0.0687575392038601","0.5919460853141365","0.4916","0.825","0.17214552458425092","0.6654806660479637","0.3712574850299401","0.46408171358848016","0.48438274317722174","0.49188451970999253","0.0"
"0.4900631488645172","10","1","Kentucky, Carter","-83.0509,38.3169","0.3458831105271012","0.375","0.5103122998653178","0.7991","0.825","0.6498233878958141","0.1811350680003393","0.39520958083832336","0.5755097168756041","0.5351361977835725","0.6023553332297413","0.0"
"0.4899551215867932","2","1","South Carolina, Beaufort","-80.7262,32.3923","0.3510998529458473","0.0756013745704467","0.5877707284400184","0.6059","1.0","0.6761677914855059","0.5428117403929927","0.4251497005988024","0.712396635537302","0.1851629400569703","0.21768719923853827","0.5116839288698881"
"0.48987077304060667","10","7","Missouri, Madison","-90.3467,37.4787","0.38812058596454085","0.666666666666667","0.4650436133866982","0.574","0.75","0.6713285985896172","0.24060077187417905","0.4191616766467066","0.5918944128138512","0.5219991541076261","0.4557044290181453","0.26003441665214844"
"0.48972647657294205","10","7","Georgia, Glascock","-82.613,33.2288","0.4650400702722497","1.0","0.2494673382387497","0.8628","0.5","0.49930824224945697","0.49451617234503537","0.4550898203592814","0.558371441896005","0.38285628930678145","0.45657147708584167","0.0"
"0.48969237002120825","6","9","Alabama, Henry","-85.2427,31.5115","0.553448378758625","0.333333333333333","0.49542289705928905","0.2713","0.75","0.40374195381018385","0.5934511376011347","0.4730538922155689","0.6476236650502001","0.4557266988412373","0.48054676712426","0.0"
"0.48952442516864964","10","1","South Dakota, Hughes","-99.9966,44.3909","0.3919300867284398","0.1875","0.535188785603008","0.9838","0.675","1.0","0.5538394519567211","0.155688622754491","0.5380992168517501","0.2850908769095249","0.10066187051056767","0.43622254640191677"
"0.4895174495440424","2","1","Texas, Hopkins","-95.5635,33.1488","0.2684342118934112","0.25","0.5532073901256875","0.4483","1.0","0.7194085185102618","0.5357091590056527","0.4251497005988024","0.5775976316230177","0.3224011268363172","0.5178957195148552","0.4464266867048173"
"0.48947387709961065","10","7","Texas, Starr","-98.7389,26.5615","0.35776834259920426","0.470588235294118","0.5900998575797558","0.553","0.675","0.7194085185102618","0.07718723557602819","0.33532934131736525","0.40284731239848715","0.38205897493757834","0.9531814632656356","0.6011915720299034"
"0.48934797383280315","2","3","North Carolina, Brunswick","-78.2281,34.0706","0.3109249641424413","0.2","0.5728716242726405","0.3419","1.0","0.751491911899152","0.5535867203661021","0.37724550898203596","0.7612552360903706","0.32263576591818605","0.29106824221779254","0.5349645056153137"
"0.489269826178036","2","1","Colorado, Las Animas","-104.0376,37.3153","0.29423430065062967","0.25","0.4508995292044054","0.8351","0.675","0.903104230085054","0.528093941496823","0.10778443113772454","0.6694051144412375","0.3721179615571259","0.4650263765977683","0.49751098215747314"
"0.4891543755879584","2","1","Texas, Taylor","-99.8901,32.3016","0.31021777048517585","0.0506912442396313","0.6351793672494511","0.7399","1.0","0.7194085185102618","0.5432540236588923","0.311377245508982","0.48601108590571473","0.3100073345247475","0.3908894672977301","0.35502520772188845"
"0.4891488808341749","6","9","Tennessee, DeKalb","-85.8369,35.9762","0.5183399817592067","0.379310344827586","0.5501406688135729","0.3477","1.0","0.26145055415676854","0.3140848595829986","0.40119760479041916","0.579673914473061","0.49756682927541945","0.4724263817571827","0.40923014153190984"
"0.4890996868945392","2","7","Ohio, Highland","-83.6033,39.1839","0.3265134625380675","0.285714285714286","0.4490615127487175","0.4932","1.0","0.672432174036711","0.2871681724642594","0.4730538922155689","0.5712984652022484","0.43907023376542725","0.5169521280222693","0.5047374170484547"
"0.4890967209310617","6","9","Illinois, Williamson","-88.9299,37.7303","0.45282023762896184","0.384615384615385","0.6062833590237966","0.4741","1.0","0.42780561490378566","0.42841717773760307","0.5149700598802395","0.5817386943120182","0.303279825180745","0.2851846931074948","0.33514260222498204"
"0.4889822777289379","2","7","Kentucky, Lincoln","-84.6565,37.4548","0.3118809898339539","0.285714285714286","0.5375491475668767","0.4623","0.825","0.6498233878958141","0.28773026439851446","0.43712574850299407","0.5670390838965326","0.5512130604126565","0.5904774166012757","0.562921489790062"
"0.4889402057257088","10","7","Texas, Robertson","-96.5127,31.0254","0.350294389379665","0.333333333333333","0.526532262547171","0.7141","0.575","0.7194085185102618","0.633574872833296","0.407185628742515","0.5978576089534523","0.4298954745187353","0.4657955653500996","0.0"
"0.4889396771120981","6","9","Virginia, Chesapeake City","-76.3055,36.6767","0.504840759874664","0.307894736842105","0.6995924085170953","0.2544","1.0","0.5881367906958894","0.6039366174271594","0.3592814371257485","0.4437744133187831","0.33210660019093075","0.14723745453871626","0.5344619479583828"
"0.4888913796581736","10","7","Wisconsin, Vernon","-90.8325,43.5942","0.4506538153665361","0.9","0.5339406154458047","0.696","0.75","0.5349291819271391","0.17193518571594024","0.34131736526946105","0.5918944128138512","0.3047066195601227","0.35735690709335916","0.5048548389703028"
"0.48888846943168573","10","1","Missouri, Washington","-90.8795,37.9613","0.23551953958168548","0.111111111111111","0.5002140238035626","0.7695","0.825","0.6713285985896172","0.3702693975266586","0.4131736526946108","0.5334405085950897","0.45259243214140843","0.6490281710081848","0.5644093580543427"
"0.48887431858131936","6","9","Louisiana, St. Bernard","-89.5189,29.8776","0.5585600968644682","0.0724070450097847","0.6097160428960792","0.1888","1.0","0.17214552458425092","0.6321895951613841","0.3592814371257485","0.38582646381517377","0.5428480830426168","0.606120494611016","0.36279515272832086"
"0.4888133584845698","10","4","Iowa, Jefferson","-91.9485,41.0319","0.46259139298538826","0.5","0.597030711699071","0.689","0.75","0.5306255646958271","0.33034971163162585","0.4131736526946108","0.6226493223021841","0.2275834192710274","0.27990307567710354","0.5267460812444053"
"0.4887907169602978","2","1","Pennsylvania, Fayette","-79.6429,39.9204","0.25040096137605145","0.0681818181818182","0.5758455025922843","0.7479","1.0","0.5168765274771758","0.3478956026361032","0.5089820359281437","0.6207997313712245","0.5043883075855191","0.3925358776109393","0.4691341285425893"
"0.488741762894677","10","2","New York, Ulster","-74.2625,41.8903","0.6013576363614099","0.136629798308393","0.6470225242215975","0.8023","0.825","0.1452368843520714","0.4480216820087038","0.3532934131736527","0.5918944128138512","0.2521433804786459","0.22723635483254853","0.49082878848933914"
"0.4886350154820631","2","1","Texas, Freestone","-96.1507,31.7042","0.2604794097563854","0.142857142857143","0.487489623485426","0.7294","0.575","0.7194085185102618","0.6452023937934042","0.4191616766467066","0.6037268925796017","0.4323546942021662","0.5297655215713784","0.4876025538346201"
"0.48840094777461646","2","3","South Carolina, Lancaster","-80.7051,34.6827","0.35935456404054716","0.111111111111111","0.5479739690648922","0.3216","1.0","0.6761677914855059","0.5398657459278837","0.4670658682634731","0.6207997313712245","0.3732087483334407","0.371021604018336","0.46673284612205046"
"0.4883991536930052","5","7","Texas, Sabine","-93.8544,31.3432","0.4033489942599766","0.666666666666667","0.4323790422984778","0.2139","0.575","0.7194085185102618","0.5269956378986398","0.3712574850299401","0.7725308062309592","0.36597838003340893","0.5564813568920753","0.4587047505710519"
"0.4881764623270927","6","9","Maryland, Anne Arundel","-76.6033,39.0067","0.634047034834387","0.327026062120671","0.7376572988009381","0.3645","0.75","0.4167867362521145","0.5443654864260009","0.4550898203592814","0.4886637078344629","0.2544910429274643","0.0692731317681737","0.5454958731478402"
"0.4881448684232718","10","4","Texas, Midland","-102.0316,31.869","0.4199600880744187","0.316666666666667","0.655204659623549","0.5559","1.0","0.7194085185102618","0.5359357392042848","0.29341317365269465","0.3679909167750092","0.25056036184325375","0.29435888280995764","0.44161009870501544"
"0.48806451729419914","8","7","Louisiana, Tensas","-91.3292,32.0076","0.5408333073870274","0.6","0.3960287916334909","0.425","0.5","0.17214552458425092","0.5784290774841438","0.3712574850299401","0.6661358670949733","0.5945008782888596","0.7452255735942624","0.0"
"0.48804754198542116","6","9","Tennessee, Rutherford","-86.4107,35.8459","0.5751891919104429","0.354191263282172","0.6602220798763534","0.2824","1.0","0.26145055415676854","0.5552979821913213","0.49101796407185627","0.3606106398115555","0.3737377643543285","0.23049683828421133","0.5405836813083538"
"0.4878833591593769","10","2","New Hampshire, Strafford","-71.0234,43.2918","0.5325180304588176","0.352173913043478","0.6378074164369698","0.8029","1.0","0.499606471180141","0.24575783381254848","0.2634730538922156","0.49129758316188105","0.3103775889105269","0.10934300913276906","0.46119400059275345"
"0.48763018602788005","2","7","Missouri, Morgan","-92.8879,38.4182","0.3325693584749885","0.285714285714286","0.5055063944299938","0.5463","1.0","0.6713285985896172","0.31651651663188873","0.39520958083832336","0.6774549264631455","0.3627328262798481","0.64604794307107","0.0"
"0.4876171719512299","10","4","New Mexico, San Miguel","-104.8164,35.4801","0.4353019253856756","0.777777777777778","0.46405580821410547","0.9128","0.575","0.2328984071594001","0.5061373602977052","0.14371257485029942","0.613308186513927","0.3925873158722016","0.5366484952737464","0.4818455977118223"
"0.48759448266261474","6","9","Ohio, Mercer","-84.6291,40.5404","0.672614281450386","0.768595041322314","0.5236531580993763","0.0805","0.825","0.672432174036711","0.16993870329497338","0.5688622754491018","0.558371441896005","0.32148936037687464","0.0736815243671512","0.47033834295073557"
"0.4875718132359705","2","7","Mississippi, George","-88.6444,30.8626","0.3575308659376739","0.176470588235294","0.49250887607486254","0.3298","1.0","0.5163989158141343","0.48960354073486667","0.40119760479041916","0.4939129750014257","0.5052412576357374","0.643695686111886","0.48045270064893364"
"0.48749987169193204","10","1","Missouri, Pike","-91.1698,39.3431","0.3429089165455767","0.153846153846154","0.5002474180701072","0.6794","0.75","0.6713285985896172","0.412099873984616","0.44311377245508987","0.5539608364828539","0.473886264231446","0.4117318058882968","0.5275689163202099"
"0.48745113914573013","6","9","Ohio, Fairfield","-82.6309,39.7511","0.48578927796918986","0.310344827586207","0.6129511937302853","0.3021","1.0","0.672432174036711","0.4234529342211361","0.5149700598802395","0.5142005305328247","0.31162256957704704","0.11981855817136791","0.5038912209118738"
"0.48744078482508707","5","6","North Carolina, Alleghany","-81.1286,36.4936","0.4968703741471827","0.454545454545455","0.5157484519014721","0.1121","0.75","0.751491911899152","0.34385310632529376","0.34131736526946105","0.7094849659803716","0.29946097416324124","0.5980231207166112","0.4041625028346035"
"0.4874324229587032","6","9","Virginia, Stafford","-77.4592,38.4176","0.6128119150896133","0.427947598253275","0.674134008443304","0.1296","1.0","0.5881367906958894","0.5930173777211187","0.3652694610778443","0.3530812563017395","0.26021030249582433","0.0761114147683514","0.6146821772580985"
"0.48742925560026534","2","4","Kansas, Reno","-98.0861,37.9523","0.41406705508649494","0.254901960784314","0.5071953802924295","0.7947","0.825","0.535277945802919","0.44604463487813617","0.34730538922155696","0.595880459448231","0.3515506222123852","0.3235698884464362","0.40744551318565636"
"0.48739097866434394","6","9","Virginia, Dinwiddie","-77.6345,37.0754","0.5339503899870612","0.5","0.5408652631740268","0.2362","0.75","0.5881367906958894","0.6047015168013963","0.37724550898203596","0.5494974081927578","0.4415522588258424","0.4193125116646972","0.0"
"0.4873493413178569","1","10","Oklahoma, Choctaw","-95.5477,34.0281","0.0","0.0","0.47674890748220555","0.8243","0.75","0.6933119590201189","0.8465124031479393","0.39520958083832336","0.6170727822364962","0.4985030164410888","0.759722680264913","0.4609708740842531"
"0.4871869623984951","10","1","Kentucky, Letcher","-82.8535,37.1231","0.24961272820753966","0.333333333333333","0.5489427747370736","0.8131","0.75","0.6498233878958141","0.1503551315135907","0.38922155688622756","0.5775976316230177","0.6435083720467188","0.5814311222416663","0.3903171317031295"
"0.48716441789111176","6","2","New Jersey, Bergen","-74.0716,40.9601","0.6169531897851925","0.0737562333294677","0.8091889365058983","0.5616","0.575","0.7118730106573777","0.4435724961898505","0.4131736526946108","0.5517358041566147","0.12455235848085985","0.10395832452740794","0.4312790985971235"
"0.48714647615273704","8","2","Nevada, Humboldt","-118.1109,41.4069","0.6352854354059386","0.380281690140845","0.435149946166276","0.6084","0.675","0.5573731273809973","0.48111153259028155","0.22155688622754494","0.4377631248108773","0.3462128285447987","0.3514479242501076","0.39392229670611795"
"0.48714410588218465","10","7","Texas, Stephens","-98.8363,32.7355","0.34081100755582205","0.5","0.5086131524002513","0.6285","0.575","0.7194085185102618","0.4696329755819907","0.29940119760479045","0.6017807168377609","0.31656781063861733","0.6751414690839048","0.3864559279603527"
"0.4869788190232214","10","1","Kentucky, Rockcastle","-84.3118,37.3664","0.35369260937793573","0.166666666666667","0.5409186073056472","0.702","0.75","0.6498233878958141","0.1863376488327503","0.4191616766467066","0.5648909983668218","0.5029807229186258","0.5483356589050584","0.5104433602813402"
"0.4869146054362061","2","1","Colorado, Rio Grande","-106.3848,37.5837","0.3217366475831268","0.125","0.5201829986489559","0.9277","0.675","0.903104230085054","0.4260758367427911","0.08383233532934134","0.5978576089534523","0.2698524363766309","0.5591073292630478","0.5137563471909726"
"0.48689955290236103","6","7","Tennessee, Dyer","-89.4154,36.0593","0.41705544859945115","0.181818181818182","0.5536087021737445","0.3951","1.0","0.26145055415676854","0.5106353870405296","0.43113772455089816","0.5561726637917245","0.5631746505063616","0.5098971738399282","0.34303968562367915"
"0.4864818955720933","10","9","Washington, Benton","-119.5121,46.2395","0.5386325052590208","0.212121212121212","0.6239600727220632","0.5212","1.0","0.5051412015799757","0.4142910982997965","0.3712574850299401","0.4886637078344629","0.23625162329662217","0.22972425836748622","0.4757847566253251"
"0.48640998186661644","6","7","Tennessee, Crockett","-89.1492,35.8183","0.4895647224519372","0.461538461538462","0.5189900268947929","0.4072","0.825","0.26145055415676854","0.5733009958849071","0.4251497005988024","0.5837920978957992","0.5024741924842179","0.5280861685183433","0.0"
"0.4863989162131663","8","6","Texas, Wheeler","-100.27,35.4011","0.599502613980371","0.428571428571429","0.4574606050885803","0.2194","0.675","0.7194085185102618","0.4978544261016408","0.251497005988024","0.5898852876912913","0.2689021055013447","0.5326765939774616","0.3097193211386636"
"0.4863805031013415","5","6","Colorado, Montezuma","-108.5959,37.3386","0.49001911812357335","0.407407407407407","0.5119287283084458","0.2846","0.675","0.903104230085054","0.5094076638638864","0.12574850299401197","0.6317620454190964","0.3241375951247237","0.40017738212040066","0.5702772836770266"
"0.4863524562719359","10","4","Indiana, Parke","-87.2038,39.772","0.45177247072108995","0.294117647058824","0.5174656963219091","0.8698","0.75","0.4061590902707796","0.37357936516734885","0.48502994011976047","0.5858342498966352","0.3423660366388384","0.47268132465179097","0.0"
"0.48622353649296207","2","1","South Carolina, Berkeley","-79.9465,33.2022","0.29947190235510496","0.0796019900497512","0.5766717867130688","0.5107","1.0","0.6761677914855059","0.6165354826343274","0.4131736526946108","0.45839165180163993","0.35416625927349105","0.3094599800817538","0.7480937011299799"
"0.48621421786587665","6","9","Indiana, Porter","-87.0685,41.4599","0.5614969485673863","0.355670103092784","0.6480087407165414","0.2273","1.0","0.4061590902707796","0.3884060133354772","0.5808383233532934","0.5239446622367122","0.35130558355029196","0.12318259325005684","0.4939105872908939"
"0.4861678762599632","10","7","Georgia, Jasper","-83.6884,33.3154","0.41670783247539295","0.115384615384615","0.45689924681500316","0.3493","0.75","0.49930824224945697","0.5657341117789747","0.4970059880239522","0.5561726637917245","0.43518786461314707","0.5974839255779908","0.5410890430370039"
"0.4860466124807496","2","1","Michigan, Montcalm","-85.1525,43.3108","0.37146094885815467","0.169811320754717","0.5269095038839172","0.7233","1.0","0.41517557433580937","0.39299469554631467","0.4191616766467066","0.5494974081927578","0.4065588283842499","0.39782657851738534","0.4612007159589686"
"0.4860333451955157","10","4","California, Monterey","-121.2413,36.2186","0.43866596663723784","0.29305912596401","0.6283536785223928","0.8399","0.75","0.5528135213810501","0.5323668228450147","0.22155688622754494","0.452613368495235","0.19277754947095474","0.4164526700635638","0.49077567672618194"
"0.48593823267264663","2","1","Kentucky, Whitley","-84.1454,36.757","0.19506250591826324","0.0833333333333333","0.5755211213028518","0.8946","1.0","0.6498233878958141","0.22676769807610905","0.4131736526946108","0.5310891329236117","0.5266156392784819","0.5695311630446407","0.31556636345927674"
"0.4858232444297871","2","7","Texas, Austin","-96.2774,29.8855","0.4095857713793149","0.315789473684211","0.5617400411191801","0.4021","0.75","0.7194085185102618","0.5353257994441452","0.43113772455089816","0.5837920978957992","0.28370672282223663","0.3453788300022612","0.5566833114743304"
"0.4858185584565172","2","7","Texas, Marion","-94.3566,32.7987","0.3352729220737966","0.0666666666666667","0.5199148653116255","0.3515","0.75","0.7194085185102618","0.6613532313970439","0.4131736526946108","0.7050743605672205","0.5269674552313904","0.553824258476488","0.0"
"0.4857672752071884","10","1","California, San Luis Obispo","-120.4039,35.3882","0.3890347956409322","0.193415637860082","0.5990167506141052","0.7832","1.0","0.5528135213810501","0.4384719688125762","0.44910179640718567","0.5938927650957907","0.15882744915558922","0.17433431140166392","0.5062751383790443"
"0.4856605717960992","2","7","Missouri, Dent","-91.5079,37.6066","0.28744816207582813","1.0","0.5073748606082964","0.4123","0.75","0.6713285985896172","0.3133352438137789","0.38323353293413176","0.6406572602088578","0.3629988955449244","0.6069246850244122","0.4079673310753022"
"0.48562276514740876","10","2","California, San Francisco","-122.4386,37.7522","0.5245567237470153","0.248782862706913","0.907679304330717","0.9497","0.42500000000000004","0.5528135213810501","0.4783467871295514","0.407185628742515","0.5142005305328247","0.0778775348104883","0.14131938821940981","0.3607572569501175"
"0.48561145440181247","10","2","Wisconsin, Grant","-90.7063,42.8672","0.5215212443432126","0.402777777777778","0.5506954085304505","0.6619","0.825","0.5349291819271391","0.26545263340477615","0.38922155688622756","0.5494974081927578","0.3013605403620159","0.2276729672482554","0.5184429674482238"
"0.4855619174493557","8","7","Idaho, Gooding","-114.8108,42.9693","0.5669187295278529","0.52","0.481758328138397","0.4588","0.675","0.48916979685071754","0.3138238846885897","0.2694610778443114","0.5517358041566147","0.3406656488201406","0.5399132176809014","0.5437987722352826"
"0.48547408693967786","6","9","Pennsylvania, Bucks","-75.1084,40.3368","0.6547119959419798","0.275335914370303","0.7082025896777223","0.1983","1.0","0.5168765274771758","0.3662392231582586","0.4251497005988024","0.5712984652022484","0.2239137826876348","0.04384896674248746","0.4802977683230865"
"0.48541388959447584","2","7","Iowa, Lee","-91.4818,40.6418","0.3958180828033967","0.333333333333333","0.6250252373050363","0.5568","0.825","0.5306255646958271","0.3520556829918439","0.4610778443113772","0.6114115319998742","0.4424224715823952","0.3029059493255883","0.4082749280876942"
"0.4853968558836053","10","7","Georgia, Marion","-84.5273,32.3483","0.4290589479423738","0.0512820512820513","0.47110642020295124","0.5938","0.5","0.49930824224945697","0.6760937517317225","0.47904191616766467","0.624489779413553","0.5088372789998867","0.61649491428287","0.0"
"0.4853594867570449","2","3","Missouri, Livingston","-93.5465,39.7811","0.2895369107430862","0.333333333333333","0.5344847489658123","0.4495","1.0","0.6713285985896172","0.41274238480875913","0.37724550898203596","0.6189409155096902","0.4679223801825809","0.39288855870789857","0.5028630903845674"
"0.4852757541629011","8","2","Minnesota, Olmsted","-92.4021,44.0037","0.5815250115403775","0.351724137931034","0.6641185145433056","0.5871","0.825","0.7794980274392814","0.4413099712260101","0.3053892215568862","0.5016507991249867","0.17093453635868622","0.03977799500069701","0.2429865279399014"
"0.48517672860462874","6","3","Texas, Guadalupe","-97.9479,29.5817","0.37592362966129667","0.220183486238532","0.6234188400852892","0.3989","1.0","0.7194085185102618","0.5423204613977621","0.44311377245508987","0.46968620728685795","0.28346067051099527","0.23551818384737533","0.5979632723834386"
"0.4851518948473955","10","4","Virginia, Salem City","-80.0622,37.2836","0.4265384548440036","0.1875","0.7628864171634439","0.624","1.0","0.5881367906958894","0.4578383024193745","0.34730538922155696","0.5898852876912913","0.272486931471812","0.1911789516239499","0.14116895639023447"
"0.48469750154519403","10","1","California, Humboldt","-123.876,40.6992","0.36454564516906945","0.25","0.5938769743413607","0.9042","0.575","0.5528135213810501","0.5453355114572181","0.34730538922155696","0.5517358041566147","0.28394505252705726","0.4308319337715283","0.47462093907173086"
"0.4846657087004018","6","9","Pennsylvania, Cumberland","-77.2613,40.1625","0.5278917630394248","0.29126213592233","0.6787303273159084","0.4712","1.0","0.5168765274771758","0.34688780958478843","0.407185628742515","0.5755097168756041","0.28083564111161496","0.073791737209951","0.4838869897554763"
"0.4846325720267336","10","7","Arkansas, Poinsett","-90.6627,35.5743","0.35877034210325714","0.115384615384615","0.5179759646918446","0.5785","0.75","0.5574725952297617","0.46809854681238977","0.44910179640718567","0.5691748594129424","0.6274469017022541","0.5855183231273415","0.0"
"0.48461208400764455","10","4","Illinois, Bond","-89.4353,38.8883","0.4295267470459724","0.4","0.5157195571721609","0.9265","0.75","0.42780561490378566","0.48625931471473005","0.4970059880239522","0.5691748594129424","0.21381147262577407","0.2508886364624536","0.29333747832965495"
"0.48451849642120454","10","1","Tennessee, Carter","-82.1259,36.2897","0.3215423949880777","0.263157894736842","0.6005448481765377","0.5871","1.0","0.26145055415676854","0.2790076066263908","0.38323353293413176","0.6335581539925471","0.5819642480672191","0.5589827039715743","0.4704092450025432"
"0.4844731374496773","6","3","Ohio, Greene","-83.8903,39.6912","0.38586910716450534","0.36","0.6498201266196106","0.3817","1.0","0.672432174036711","0.4369732427580984","0.5089820359281437","0.542700408721451","0.3178388695832112","0.13862728814275738","0.5243346088394377"
"0.4843959354566077","6","7","Georgia, McIntosh","-81.4016,31.4968","0.4697318687744411","0.5","0.5035600192123295","0.2085","0.75","0.49930824224945697","0.6416127181216641","0.38323353293413176","0.6945753055071017","0.4017956157467734","0.5480340875000349","0.0"
"0.4841898079500961","2","7","Virginia, Franklin","-79.8802,36.9954","0.3727356633523239","0.266666666666667","0.5376685926790906","0.4667","0.825","0.5881367906958894","0.47305773697186976","0.38323353293413176","0.6595100604482558","0.39343163862715874","0.3523365304343077","0.6162504497427078"
"0.484082376029095","6","9","Indiana, Shelby","-85.7916,39.5231","0.6195049998244542","0.221428571428571","0.6161952314979073","0.1929","0.825","0.4061590902707796","0.27579149958723265","0.5269461077844312","0.540406913436432","0.48816745945900736","0.2309358729601995","0.5781014801845534"
"0.4840796576181638","2","7","Iowa, Webster","-94.1799,42.4285","0.4056656690727334","0.538461538461538","0.6226780401116794","0.6011","0.825","0.5306255646958271","0.43186967489961275","0.3532934131736527","0.5691748594129424","0.3813836105349495","0.27543860775261364","0.35407401546633704"
"0.4840186162842076","5","6","Virginia, Cumberland","-78.244,37.5133","0.5859079460536476","0.434782608695652","0.45637253513577136","0.2034","0.5","0.5881367906958894","0.6380294132317003","0.34131736526946105","0.6406572602088578","0.44229745651969954","0.5578607130092696","0.0"
"0.4839565973279479","10","9","Colorado, Boulder","-105.3547,40.0931","0.5247636905454605","0.226347305389222","0.6908737534764587","0.5673","1.0","0.903104230085054","0.33472876628112","0.281437125748503","0.46124754169706367","0.04610544809022135","0.1014713898965828","0.47621266453216576"
"0.4838980759320346","8","2","Louisiana, Orleans","-89.9266,30.0697","0.5383794118358216","0.0379000147470875","0.75830149593438","0.7771","0.42500000000000004","0.17214552458425092","0.6356051663422082","0.3592814371257485","0.47245716285929296","0.40718769875092287","0.4747379447436407","0.4040219636937822"
"0.48389654438775886","6","9","Iowa, Linn","-91.5981,42.0792","0.56335182636349","0.209641255605381","0.7567756337278777","0.3938","1.0","0.5306255646958271","0.3953487524122528","0.40119760479041916","0.5166605513962695","0.30421398962277213","0.04593525952278324","0.3818985099347364"
"0.4838095048419835","2","1","California, Butte","-121.6005,39.6673","0.18839803329073962","0.272727272727273","0.6316506217342396","0.9484","1.0","0.5528135213810501","0.47967949739381993","0.3532934131736527","0.5734100391661536","0.25533355837944066","0.41518885576178816","0.460981167888327"
"0.48375127070691365","2","7","Alabama, Cullman","-86.8689,34.1302","0.3738337667315141","0.173913043478261","0.5680143477552079","0.3945","1.0","0.40374195381018385","0.3309012639116107","0.5149700598802395","0.579673914473061","0.49326048245863435","0.49202973421385726","0.49651637753142147"
"0.48374370472121087","5","6","Virginia, Charles City","-77.0563,37.3536","0.6119491922620314","0.409090909090909","0.4250522423914915","0.1079","0.5","0.5881367906958894","0.8928337192189965","0.34131736526946105","0.6694051144412375","0.46781818634162103","0.31991445545590513","0.0"
"0.4836109798627599","6","9","Tennessee, Coffee","-86.0731,35.4909","0.4832322096023163","0.366666666666667","0.5943005233879282","0.3429","1.0","0.26145055415676854","0.4074226002845556","0.43113772455089816","0.560557323866868","0.4631464878419271","0.38417629404108233","0.4172637656306927"
"0.4835614047576684","8","2","New York, Schenectady","-74.0528,42.8167","0.5270914945509276","0.150081566068515","0.7363544411376635","0.6135","1.0","0.1452368843520714","0.5456934326447203","0.3592814371257485","0.5472454870957077","0.2636527920452784","0.21163736195992833","0.458292407396321"
"0.48345357725800253","10","6","Minnesota, Kanabec","-93.2928,45.9459","0.5073722376999156","0.888888888888889","0.4998427075013118","0.4534","0.75","0.7794980274392814","0.28125665277481365","0.2035928143712575","0.613308186513927","0.3305951367538219","0.20470509526083566","0.4281921128310985"
"0.48345104379236875","8","5","Tennessee, Trousdale","-86.1609,36.3903","0.7179383026501162","0.0274963820549928","0.5206951487991358","0.2862","0.575","0.26145055415676854","0.5349392986225998","0.4251497005988024","0.4886637078344629","0.3241287626887636","0.5865482681989562","0.4635373177046677"
"0.4834036628823517","10","1","Texas, Willacy","-97.6154,26.4741","0.251528308388512","0.0714285714285714","0.5299093029373299","0.8386","0.675","0.7194085185102618","0.38286966669381267","0.34730538922155696","0.46968620728685795","0.5494197775322196","0.8658118671617929","0.0"
"0.4833525324743275","10","6","Minnesota, Waseca","-93.5872,44.0221","0.5599985091827019","0.75","0.5467179760432858","0.4346","0.675","0.7794980274392814","0.3940301692925269","0.2874251497005988","0.5561726637917245","0.25851704700410055","0.09130068231438733","0.48729733477286935"
"0.48324141236018564","10","2","Idaho, Nez Perce","-116.7501,46.3264","0.5021111133206908","0.240506329113924","0.5318545787916424","0.709","0.75","0.48916979685071754","0.44778330813889894","0.3592814371257485","0.6075890184122873","0.29024810407995233","0.27653322717373946","0.4070544721412912"
"0.48317175543508517","6","9","West Virginia, Berkeley","-78.0241,39.467","0.4894620522873613","0.239024390243902","0.612684386282541","0.3286","1.0","0.42782761630184035","0.4080051379267634","0.40119760479041916","0.4886637078344629","0.4743304601374209","0.30427186189822125","0.5017976838530823"
"0.4831569055490421","6","9","Maryland, Charles","-76.9858,38.5109","0.6182701670346724","0.26303317535545","0.6301359386936857","0.1283","1.0","0.4167867362521145","0.6923438161420928","0.37724550898203596","0.42229651508178717","0.3367607772362361","0.03929584409170144","0.6382083552379336"
"0.48297889157388163","6","9","Ohio, Morrow","-82.7893,40.5236","0.533197704014533","0.22680412371134","0.5374285493483772","0.3569","0.825","0.672432174036711","0.16229085553600062","0.4970059880239522","0.5380992168517501","0.45437035026142863","0.23612835121223832","0.6223686750221186"
"0.4829526550536257","10","2","Washington, Chelan","-120.6174,47.8705","0.5530859914560544","0.337209302325581","0.5665586215881029","0.7641","0.75","0.5051412015799757","0.3647865605003895","0.23353293413173656","0.5837920978957992","0.1743302638956382","0.33386522132010527","0.41896331491129496"
"0.4829237370271425","6","9","Pennsylvania, York","-76.7304,39.921","0.479463857651382","0.204790419161677","0.6625462960193028","0.3862","1.0","0.5168765274771758","0.4228277614238121","0.4610778443113772","0.5517358041566147","0.3168016391153337","0.18003243648742703","0.47478710027788634"
"0.482915418088868","6","7","Ohio, Brown","-83.8679,38.9342","0.43469248379039765","0.5","0.5361577703502075","0.3671","1.0","0.672432174036711","0.24451725782196643","0.47904191616766467","0.5670390838965326","0.4538662706771581","0.3795570436846164","0.0"
"0.48285926308369803","6","9","Indiana, Morgan","-86.4457,39.479","0.5994446860665275","0.336099585062241","0.6091320230917564","0.2149","1.0","0.4061590902707796","0.1822904751383304","0.5269461077844312","0.5334405085950897","0.3963492337402887","0.28429705582740716","0.4311295728014048"
"0.482776138617275","6","9","Georgia, Henry","-84.1481,33.4533","0.49243860826582103","0.1620294599018","0.6824103860885055","0.0474","1.0","0.49930824224945697","0.6165437581186366","0.5209580838323353","0.39613196301134124","0.36628016327165047","0.30699315021126355","0.5731294706345884"
"0.4826008978724645","2","7","Texas, Hamilton","-98.1108,31.7047","0.42734800651433347","0.285714285714286","0.4925023164612121","0.5049","0.75","0.7194085185102618","0.37542052906993834","0.33532934131736525","0.7050743605672205","0.337706631828524","0.4172649750489024","0.36735478291881385"
"0.48254312175125175","6","9","Kansas, Franklin","-95.2864,38.5644","0.5327956154364678","0.5","0.5095373778698364","0.3394","1.0","0.535277945802919","0.36923537669705764","0.38323353293413176","0.5357771420024626","0.32877241625548437","0.19955573324180423","0.4980209169915619"
"0.48251507611924477","10","6","Minnesota, Freeborn","-93.3488,43.6739","0.5667336193130782","0.426229508196721","0.5547052433644116","0.3343","0.75","0.7794980274392814","0.3181830179790663","0.3053892215568862","0.6510586369018438","0.32320741360626376","0.20477267632268434","0.3607508238781342"
"0.4824599334092829","10","7","Colorado, Conejos","-106.1917,37.2016","0.3559791990431352","1.0","0.4458836063481257","0.5903","0.5","0.903104230085054","0.40101993080697956","0.08383233532934134","0.579673914473061","0.30360020516183184","0.5960163991865566","0.47474109723449737"
"0.4824199307205462","8","9","Idaho, Jerome","-114.2655,42.6889","0.6390654804310162","0.421052631578947","0.5012959381608437","0.2588","0.75","0.48916979685071754","0.33477542518196074","0.29341317365269465","0.4437744133187831","0.26398765528289153","0.6069768847334746","0.5597316599168956"
"0.48237129681252316","2","7","Arkansas, Logan","-93.7195,35.2141","0.3254723263996354","0.5","0.5209765071186235","0.4763","0.75","0.5574725952297617","0.4006751132145725","0.4131736526946108","0.6037268925796017","0.4743063223298458","0.5261278921939151","0.4864028375930408"
"0.482266068583082","10","1","Oregon, Baker","-117.675,44.7092","0.2835567828970473","1.0","0.44756889555446955","0.9191","0.675","0.5704827129810713","0.33597673939144024","0.2275449101796407","0.7094849659803716","0.3269393578393083","0.41144089242851095","0.39179085138218933"
"0.48226518393391743","5","7","Missouri, Cedar","-93.8545,37.7239","0.4468989316376227","0.444444444444444","0.5213970675763574","0.2018","0.75","0.6713285985896172","0.24102544945850088","0.3652694610778443","0.6726459331898672","0.3931765510245279","0.6249013685891703","0.4946016367036084"
"0.48221739955580767","6","9","Texas, Fort Bend","-95.7722,29.527","0.5185027868649869","0.285430463576159","0.6736387353958793","0.2248","0.825","0.7194085185102618","0.5892312039753754","0.5209580838323353","0.3643190466040495","0.17789021705103708","0.21286375234035762","0.5612714755755059"
"0.48219754392834124","2","1","Missouri, Cape Girardeau","-89.6844,37.3849","0.26113602139463726","0.0754716981132075","0.5956236942447182","0.7275","1.0","0.6713285985896172","0.45086858344542763","0.4970059880239522","0.5357771420024626","0.37216371016920563","0.32648725872925083","0.3202768427128691"
"0.4820011529928489","10","1","Ohio, Hardin","-83.6593,40.6602","0.36042701396053783","0.133333333333333","0.4627242757111745","0.7093","0.75","0.672432174036711","0.22362495538892446","0.5209580838323353","0.5166605513962695","0.4540341207186322","0.450983080390822","0.593125938735463"
"0.4819970953922151","6","9","Virginia, Prince George","-77.2292,37.185","0.475463309092784","0.285714285714286","0.6190906390249492","0.4136","1.0","0.5881367906958894","0.6506316858143564","0.3712574850299401","0.45839165180163993","0.3280278270703837","0.2643121973764257","0.0"
"0.48195335746400825","10","7","West Virginia, Hampshire","-78.6083,39.321","0.41695336549057593","0.416666666666667","0.48354410496136657","0.7182","0.675","0.42782761630184035","0.22845273074570768","0.33532934131736525","0.6424111072462477","0.5194747415356742","0.5002076482626157","0.48650586173902655"
"0.48187331269461814","8","2","Iowa, Allamakee","-91.3786,43.2838","0.6290317008794492","0.184210526315789","0.5853470653699031","0.5333","0.575","0.5306255646958271","0.37207183215848816","0.3532934131736527","0.6510586369018438","0.31187278390618617","0.20032928206264183","0.49166663011533296"
"0.4818538421792857","6","7","Alabama, Clay","-85.8584,33.2698","0.49783024809267196","0.222222222222222","0.4950450805678319","0.1579","0.75","0.40374195381018385","0.5435851436658028","0.4550898203592814","0.6151952376728468","0.48650207897635556","0.5533881305128374","0.41407770066628025"
"0.4817439564895983","6","9","Maryland, Frederick","-77.4,39.473","0.6391128029462922","0.303851640513552","0.6746102923540752","0.206","1.0","0.4167867362521145","0.49978235517509","0.43712574850299407","0.4806485213347297","0.21316492706280507","0.07311980220791447","0.5417064912154979"
"0.4817115995133232","10","9","Wisconsin, Green Lake","-89.0468,43.8003","0.47616505430007194","0.7","0.5441867280576904","0.4273","0.825","0.5349291819271391","0.2962029212030653","0.3712574850299401","0.6441567395133083","0.3464535983859179","0.2263462952921797","0.5302988175142374"
"0.48166194267755874","6","7","Virginia, Southampton","-77.1064,36.7223","0.5226924188818362","0.0740740740740741","0.49307505869766166","0.5584","0.675","0.5881367906958894","0.6230482063308138","0.3652694610778443","0.595880459448231","0.48502775998271047","0.29316846299470584","0.0"
"0.4816338340100615","6","3","Alabama, St. Clair","-86.3103,33.719","0.4049445069438702","0.188888888888889","0.5671056264562776","0.2502","1.0","0.40374195381018385","0.46801392561998195","0.5389221556886228","0.5334405085950897","0.4398145518905239","0.3809133883291382","0.6629302058636618"
"0.4815205844429118","10","1","Kentucky, Wayne","-84.8252,36.8031","0.2569302620959288","0.125","0.4438380687134453","0.7472","0.75","0.6498233878958141","0.3106118980984468","0.40119760479041916","0.6114115319998742","0.5215256946078256","0.6085662508170586","0.5400144267473835"
"0.48133697846688334","2","1","California, Del Norte","-123.8974,41.7423","0.22366809422075556","0.25","0.5196948102126547","0.9968","0.575","0.5528135213810501","0.6758512238202784","0.32934131736526945","0.5517358041566147","0.3414488687984015","0.5424122636131331","0.4948883718735035"
"0.4812338100444493","2","1","Arizona, Graham","-109.8882,32.9317","0.30868876908924986","0.15","0.41938395289277947","0.9854","0.675","0.6267102942890856","0.6352509297126566","0.17964071856287425","0.46408171358848016","0.362804486702846","0.553649371284177","0.5335584715991856"
"0.4811975953932932","10","1","Colorado, Huerfano","-104.9613,37.6847","0.3748428706952438","0.333333333333333","0.48000119032237765","0.6864","0.675","0.903104230085054","0.4862539766857786","0.08383233532934134","0.7810707630337572","0.2913354067729333","0.3075994419596764","0.4331975096449415"
"0.481113485101218","6","7","Florida, Osceola","-81.1488,28.0631","0.45501175558157325","0.181818181818182","0.6534500540276372","0.5501","0.825","0.36515492191213655","0.547144758955188","0.3053892215568862","0.452613368495235","0.31846319938448886","0.5446475254007297","0.44703406833979925"
"0.48073562036732426","2","1","North Carolina, Stanly","-80.2509,35.3165","0.2118487051481132","0.0645161290322581","0.5793673247789071","0.553","1.0","0.751491911899152","0.5079968039685423","0.44910179640718567","0.5878652729484978","0.3163842554955123","0.454492814425432","0.49523049456382373"
"0.4806107056844513","10","1","New York, Cattaraugus","-78.6792,42.2478","0.40692159745932394","0.230769230769231","0.6058080228763228","0.8968","0.75","0.1452368843520714","0.503395205513938","0.37724550898203596","0.5837920978957992","0.3876556957411029","0.397199213104525","0.4556251671138412"
"0.4805837145831859","10","1","South Dakota, Fall River","-103.5276,43.2393","0.3769217775460287","0.5","0.4414337897694442","0.7517","0.575","1.0","0.5438128271454994","0.04191616766467067","0.7238210337160854","0.35226385535265475","0.18339501820994727","0.40329859313290106"
"0.4804856736336285","2","1","Oregon, Linn","-122.5373,44.489","0.393699911511295","0.201834862385321","0.5880171631543727","0.6428","0.825","0.5704827129810713","0.3515329248996567","0.34730538922155696","0.5775976316230177","0.343038745925257","0.3766305899257469","0.5969971054375582"
"0.4804794543201737","10","1","Missouri, DeKalb","-94.4048,39.892","0.3092076448878419","0.25","0.5096751964199542","0.8558","0.825","0.6713285985896172","0.527425873469888","0.39520958083832336","0.5472454870957077","0.4314088804196949","0.3448804499493809","0.0"
"0.4804113255210912","8","6","Texas, Cottle","-100.2785,34.0778","0.6232954907510742","0.5","0.36902309513892323","0.2111","0.5","0.7194085185102618","0.4931728172527113","0.251497005988024","0.6476236650502001","0.35262848987933515","0.6524492503164986","0.0"
"0.48039356255932275","6","9","Alabama, Baldwin","-87.7221,30.7277","0.4653440943079569","0.28740157480315","0.5920754598603568","0.3359","1.0","0.40374195381018385","0.53415795872299","0.43712574850299407","0.6095051758860066","0.3250430187222149","0.20390562825498795","0.5128071301206647"
"0.4802557270755714","2","7","South Carolina, Calhoun","-80.7772,33.6693","0.36916304104590053","0.222222222222222","0.47509316591435347","0.4241","0.75","0.6761677914855059","0.6375877581071788","0.43113772455089816","0.6476236650502001","0.46654688196367416","0.46092088764696915","0.0"
"0.48016961333042574","10","1","Tennessee, Rhea","-84.9308,35.6054","0.28012107399732844","0.285714285714286","0.5763011707607321","0.5005","1.0","0.26145055415676854","0.36817899556490563","0.407185628742515","0.5775976316230177","0.5800480242217821","0.588144295498314","0.5991080764236459"
"0.4799991267480909","2","1","Virginia, Smyth","-81.5334,36.8446","0.28889538364321066","0.133333333333333","0.5745982640782249","0.83","0.75","0.5881367906958894","0.26553978705888404","0.34730538922155696","0.6353456481032828","0.4465077042570615","0.5139676611296623","0.5193654280637647"
"0.4799651242893767","10","4","Washington, Walla Walla","-118.4776,46.2304","0.45765400840008164","0.179245283018868","0.5854682823307561","0.9484","0.675","0.5051412015799757","0.45005019021257414","0.32934131736526945","0.560557323866868","0.2271706656606012","0.30387836571552174","0.3615980887520109"
"0.479817752973217","6","7","Michigan, Newaygo","-85.8007,43.5544","0.4558772897860232","0.365853658536585","0.5092130513214684","0.4963","0.825","0.41517557433580937","0.34084296619364246","0.39520958083832336","0.5878652729484978","0.35752337047272925","0.424250531474184","0.6474430216944158"
"0.4798057530999824","10","1","Kentucky, Gallatin","-84.8558,38.754","0.34793952461047134","0.5","0.5528450667104108","0.6813","0.825","0.6498233878958141","0.2654014854137771","0.48502994011976047","0.46968620728685795","0.4770948791554931","0.471542135641489","0.0"
"0.47965245582801735","2","7","Florida, Levy","-82.7401,29.3183","0.3565883466889557","0.208333333333333","0.5213689966637657","0.469","0.75","0.36515492191213655","0.5307881542048355","0.311377245508982","0.6790442329554586","0.4825248051074139","0.6072381255048142","0.5670433652075092"
"0.47954559257810725","10","7","Colorado, Delta","-107.8631,38.8625","0.42285159146332274","0.127272727272727","0.526259983649735","0.6466","0.675","0.903104230085054","0.3358590611288132","0.1377245508982036","0.6976053368935816","0.2559733424657933","0.44141866455703943","0.5080187905069006"
"0.47954406856210513","6","7","Mississippi, Itawamba","-88.3607,34.2799","0.519632775135077","0.173333333333333","0.47426244384678373","0.4562","0.825","0.5163989158141343","0.43172900846020873","0.43113772455089816","0.560557323866868","0.4328662522667797","0.48040058371628264","0.0"
"0.47950194076202185","6","9","Minnesota, Sherburne","-93.7762,45.4445","0.5814994367043365","0.652777777777778","0.58531273432093","0.2426","1.0","0.7794980274392814","0.39818717600784914","0.25748502994011974","0.3787943342919467","0.2354388732675434","0.01845931892580993","0.6357225693641246"
"0.4794650783128105","2","1","Arizona, Cochise","-109.7516,31.8793","0.27018384805573215","0.152173913043478","0.49495544240266837","0.936","0.75","0.6267102942890856","0.5361026333002963","0.2694610778443114","0.6371246099900815","0.2891275049719524","0.4429221615136511","0.5187263558740302"
"0.4794327497831511","6","9","Michigan, Mason","-86.2499,43.9951","0.4965670568822508","0.52","0.5658956506024334","0.327","1.0","0.41517557433580937","0.33909146022946324","0.3233532934131737","0.6611775880966219","0.3437365702235009","0.2658602639222135","0.5004026585210923"
"0.479415342107859","10","1","Michigan, Clare","-84.8482,43.9879","0.33179204862991885","0.214285714285714","0.4930942885111112","0.674","0.825","0.41517557433580937","0.3073581597494956","0.3173652694610779","0.6710290464557254","0.4942842340268906","0.6051446870566886","0.50723507606757"
"0.47941011771035213","6","9","New Jersey, Monmouth","-74.2224,40.2655","0.6455682856016619","0.150609839660134","0.7278157678026737","0.3126","0.675","0.7118730106573777","0.41450320329349","0.4131736526946108","0.5494974081927578","0.19964672608318454","0.09180293798371782","0.41497626167473545"
"0.4793509766398963","6","9","Colorado, Jefferson","-105.2518,39.5864","0.5477893989584043","0.231111111111111","0.7123243478812845","0.1987","1.0","0.903104230085054","0.38386244014381915","0.3233532934131737","0.526341402378779","0.12114835831569451","0.05147375765600779","0.5731006503466478"
"0.47934559485375916","2","3","Ohio, Lawrence","-82.5347,38.5974","0.25967697855959954","0.111111111111111","0.570619694440719","0.341","1.0","0.672432174036711","0.2901047234195485","0.4191616766467066","0.5837920978957992","0.5714255795963857","0.4320344648881867","0.8130030455867572"
"0.4793132722989111","2","1","West Virginia, Upshur","-80.2369,38.8929","0.31289188828636816","0.333333333333333","0.48844080543831536","0.8669","0.825","0.42782761630184035","0.24100393907951237","0.3532934131736527","0.6056629582719985","0.4557810548145892","0.5417048424979752","0.47380977355183673"
"0.47926585561538065","6","9","Georgia, Cherokee","-84.4743,34.2439","0.567206460739892","0.311428571428571","0.6897378791784208","0.0955","1.0","0.49930824224945697","0.47618066684553584","0.49101796407185627","0.4555137084840577","0.23461526201723704","0.1635519830984367","0.6233341033664851"
"0.47918109715851503","2","7","North Carolina, Graham","-83.8337,35.3507","0.3522924150137632","0.5","0.5015124327989127","0.3321","0.75","0.751491911899152","0.4717479382266798","0.3233532934131737","0.6758588134982833","0.4026993132735403","0.6502689738372879","0.0"
"0.4791621153020604","6","7","Tennessee, Hickman","-87.4764,35.8061","0.4601666202666459","0.153846153846154","0.5035559172348126","0.561","0.75","0.26145055415676854","0.4629673353042928","0.407185628742515","0.5449798764246452","0.5005294985824826","0.48801726005786056","0.5650014863653725"
"0.4791587671370071","6","9","North Carolina, Union","-80.5296,34.9896","0.4841840737947249","0.267806267806268","0.6074521753330092","0.0888","1.0","0.751491911899152","0.5435287896515308","0.4730538922155689","0.42856039038869453","0.26323853532028624","0.20427562851295872","0.5694398950028862"
"0.47912817908682237","10","7","Texas, Duval","-98.5086,27.6818","0.3971586118423226","0.4","0.4732455807924457","0.8978","0.32499999999999996","0.7194085185102618","0.3506215526729265","0.32934131736526945","0.5755097168756041","0.3369353994661026","0.7883436232968635","0.0"
"0.4789688783184027","2","7","Kentucky, Union","-87.943,37.6617","0.3692749607764317","0.2","0.4810735177125504","0.3792","0.75","0.6498233878958141","0.48033970060724074","0.5149700598802395","0.5239446622367122","0.45222857215645185","0.4835796792224932","0.49752799465490527"
"0.4788754118105493","5","6","Kansas, Barton","-98.7564,38.4789","0.5493948777181518","0.678571428571429","0.5377772165942474","0.3063","0.675","0.535277945802919","0.3730591131468508","0.29341317365269465","0.5837920978957992","0.40102574842760774","0.35501470251434253","0.4250194820326263"
"0.4787847969820951","2","1","Indiana, Knox","-87.4195,38.6886","0.2681844594451234","0.0909090909090909","0.585738636670421","0.7638","1.0","0.4061590902707796","0.3516662092631812","0.5508982035928144","0.560557323866868","0.4814873884727635","0.3822711863298288","0.3726324594843562"
"0.47875245213631207","2","1","Illinois, Lawrence","-87.7288,38.7199","0.28519957298785753","0.25","0.5177164294548421","0.8777","0.675","0.42780561490378566","0.48754713621393553","0.5269461077844312","0.560557323866868","0.3442453992438183","0.4749862264224754","0.5078049626881999"
"0.4787517971271155","2","3","Florida, Volusia","-81.1826,29.0586","0.378222721506062","0.138747884940778","0.6787335307593151","0.5205","1.0","0.36515492191213655","0.5037398569027408","0.2754491017964072","0.6837718879901644","0.3759565589309137","0.3639757333120498","0.404370252499345"
"0.47856589254675613","8","2","New York, Suffolk","-72.8012,40.8832","0.6758211422515682","0.0912972431606136","0.7669563775298224","0.4288","1.0","0.1452368843520714","0.4963734673836423","0.3592814371257485","0.5380992168517501","0.1807598333179969","0.09825256932175865","0.46622478748486773"
"0.47855451870854715","6","9","Iowa, Plymouth","-96.2137,42.7376","0.6868740594057942","0.792682926829268","0.5886770341184441","0.0911","0.75","0.5306255646958271","0.34619761497341783","0.3532934131736527","0.579673914473061","0.28474615088808575","0.06151172537478726","0.5651589084608897"
"0.4785544635397748","6","3","Kentucky, Scott","-84.5817,38.2962","0.3858059590092228","0.272727272727273","0.6472101892898362","0.5138","1.0","0.6498233878958141","0.4143137652341142","0.4730538922155689","0.41269877075759065","0.33839024304218146","0.16740349805874005","0.5287170277332931"
"0.47853545246517465","2","1","Kansas, Geary","-96.7577,38.9987","0.32551052444728534","0.1875","0.5774475751138924","0.7408","1.0","0.535277945802919","0.6486020833640563","0.34730538922155696","0.272758857225477","0.45213444778625655","0.30696299307076114","0.3857551062231013"
"0.47850883644031555","2","3","North Carolina, Haywood","-82.982,35.5527","0.38630395929406586","0.454545454545455","0.6039376590404155","0.1872","1.0","0.751491911899152","0.3361548800743136","0.34131736526946105","0.6884403224054082","0.3676557929007785","0.29889626076891507","0.4264672752752155"
"0.478442232564252","2","1","Kansas, Montgomery","-95.7433,37.1924","0.2831920818848513","0.105263157894737","0.5452704233969954","0.6571","0.675","0.535277945802919","0.6268847077108886","0.4251497005988024","0.6037268925796017","0.4767735899479313","0.45455942658316817","0.44034687354669516"
"0.4783468279878318","8","9","Indiana, Dubois","-86.8792,38.366","0.6227842279406756","0.717647058823529","0.6079929290780469","0.3047","0.825","0.4061590902707796","0.18662073945642377","0.532934131736527","0.5472454870957077","0.3024555094216439","0.13355749737396705","0.43377173230269667"
"0.4783147233879954","6","9","Virginia, Middlesex","-76.5506,37.6319","0.47657938856839377","0.333333333333333","0.5078209159430482","0.3037","1.0","0.5881367906958894","0.5575533353194841","0.33532934131736525","0.7810707630337572","0.3065392431822273","0.24066851477051932","0.0"
"0.4782258474268384","6","3","Texas, Parker","-97.805,32.7776","0.3846998010186545","0.385964912280702","0.5910516851914662","0.3645","1.0","0.7194085185102618","0.38380865578316714","0.4191616766467066","0.5142005305328247","0.26441859947678975","0.26354191860696785","0.6059990988006173"
"0.4781899425083101","2","1","California, Yolo","-121.9018,38.6828","0.2686560436605869","0.0655737704918033","0.6687051886345744","0.9519","1.0","0.5528135213810501","0.49427950639934704","0.407185628742515","0.42229651508178717","0.12584959358232725","0.3462512070425765","0.6073322521846585"
"0.47806199298809815","2","7","Arkansas, Randolph","-91.0246,36.3416","0.42126801100199784","0.181818181818182","0.48559758231202615","0.4858","0.75","0.5574725952297617","0.30762977063204217","0.43113772455089816","0.6151952376728468","0.5335437706449148","0.4461750148454277","0.43828819609844755"
"0.4779365328886999","2","1","Oklahoma, Creek","-96.3709,35.9023","0.240289871275031","0.036144578313253","0.5364630334890305","0.4406","1.0","0.6933119590201189","0.6506573765051548","0.407185628742515","0.558371441896005","0.4206727387128866","0.38324263381564977","0.5298097631663693"
"0.47790779196596617","6","9","Virginia, Henrico","-77.3933,37.5346","0.5737420975633002","0.244698205546493","0.7300210212022898","0.1945","0.825","0.5881367906958894","0.5768949866925672","0.32934131736526945","0.5016507991249867","0.2848364005181389","0.16853457249709966","0.4364543295936786"
"0.47790276553070116","2","7","Tennessee, Henderson","-88.386,35.6558","0.3425544860006186","0.25","0.5465725906067457","0.4308","1.0","0.26145055415676854","0.4428342759680386","0.4131736526946108","0.5691748594129424","0.5171380096442125","0.5585149655112526","0.5054788922752951"
"0.47788818863774324","6","9","Virginia, Fairfax","-77.2757,38.8368","0.6991964967308167","0.452206877877065","0.7938712222498068","0.3254","0.575","0.5881367906958894","0.5132593365342467","0.3173652694610779","0.44674408486908573","0.07661589782431212","0.10295950550040808","0.5203111401427775"
"0.4778205595338297","2","1","Texas, Lavaca","-96.9319,29.3851","0.33389654805378727","0.25","0.48014720643543707","0.7424","0.675","0.7194085185102618","0.477784994264238","0.39520958083832336","0.667774075480636","0.37497175445494296","0.2541591722942838","0.4523206435205589"
"0.47778065216386734","10","2","Connecticut, Windham","-71.9818,41.8297","0.5589359064450402","0.305921052631579","0.618574682009862","0.5428","1.0","0.35653512920289365","0.3788886476657839","0.251497005988024","0.5287228277828","0.28650070462219446","0.21883753064613432","0.47920266340451895"
"0.4776683224954412","6","3","Texas, Chambers","-94.6715,29.7097","0.4158525699568033","0.173076923076923","0.5762857279228492","0.3317","1.0","0.7194085185102618","0.5523570422972138","0.4131736526946108","0.3927283612037091","0.24842087685841674","0.32302972440370314","0.5751604817435602"
"0.4776286669567958","10","4","Virginia, Charlottesville City","-78.4857,38.0353","0.44211215799276926","0.183098591549296","0.7980189248936056","0.8714","0.575","0.5881367906958894","0.5434604655190372","0.34131736526946105","0.38582646381517377","0.26953084548502354","0.27557037871191714","0.25053482362653695"
"0.477583445041279","6","9","Texas, Rockwall","-96.4077,32.8978","0.505867471353419","0.365671641791045","0.6767511992765706","0.1105","1.0","0.7194085185102618","0.5125495335433922","0.44910179640718567","0.42229651508178717","0.23195267198214425","0.14971191452909266","0.5000328288129685"
"0.47742136135403224","2","3","Virginia, Washington","-81.9567,36.7234","0.40040942364519394","0.204081632653061","0.5790256553649868","0.3426","1.0","0.5881367906958894","0.2597218848479971","0.38922155688622756","0.6476236650502001","0.41037691985786523","0.41235965575321337","0.4712730260590168"
"0.47741234507694535","10","7","Illinois, Wayne","-88.4259,38.4296","0.47538940593803514","0.75","0.5210188220703231","0.5259","0.75","0.42780561490378566","0.19683485238117437","0.5149700598802395","0.6335581539925471","0.34157933174690774","0.28506963574413235","0.41488865579523865"
"0.47729873239819864","10","2","Washington, Skagit","-121.7661,48.4817","0.5327525324489235","0.188235294117647","0.6052282766963063","0.6234","0.75","0.5051412015799757","0.42684624067530524","0.2694610778443114","0.613308186513927","0.24461303853916203","0.24884594436722146","0.5067824211602842"
"0.477234883844703","2","1","Oklahoma, Payne","-96.9758,36.077","0.10659711318928942","0.0222222222222222","0.5827046797138146","0.9573","1.0","0.6933119590201189","0.6345415173313069","0.38922155688622756","0.42229651508178717","0.34619580110113163","0.43963236871258443","0.4452555122549611"
"0.47705637201737827","5","6","Minnesota, Swift","-95.6826,45.2829","0.5911551876280988","0.833333333333333","0.5081023696239155","0.3012","0.575","0.7794980274392814","0.32504752294171657","0.19760479041916168","0.6458942336050534","0.39671278816428407","0.15556203644750827","0.3680564916787883"
"0.47685121742282444","10","1","Missouri, Henry","-93.7929,38.3848","0.32519869129200524","0.222222222222222","0.5337801506659028","0.539","0.825","0.6713285985896172","0.3468698772364571","0.37724550898203596","0.6353456481032828","0.38842184074839636","0.4954162963131624","0.4482489156106532"
"0.47685025822311117","10","1","Florida, Citrus","-82.4761,28.848","0.3024116055175922","0.1","0.6013562398439474","0.5304","1.0","0.36515492191213655","0.37466772448526076","0.3053892215568862","0.8369674946274659","0.43815965899321135","0.47002664849648484","0.46495460815903095"
"0.4767848863935768","2","1","Washington, Grant","-119.4501,47.2075","0.3883128804491292","0.0864864864864865","0.5495990871210588","0.7982","0.75","0.5051412015799757","0.42293193564692566","0.3712574850299401","0.46408171358848016","0.32432274971403313","0.5178564788982979","0.48478996794986456"
"0.47675727988064087","2","1","Oklahoma, Pontotoc","-96.6834,34.7296","0.1892318859448471","0.0909090909090909","0.5329016527322609","0.6402","0.825","0.6933119590201189","0.7130674538648143","0.38922155688622756","0.5357771420024626","0.4519368640603247","0.45895146892524674","0.40112728139978304"
"0.47673206825675296","10","1","Oregon, Wasco","-121.1671,45.1629","0.40321613875886503","0.277777777777778","0.517307302641283","0.9733","0.675","0.5704827129810713","0.4242844281546265","0.23353293413173656","0.6189409155096902","0.23414378232220562","0.32079010254760015","0.48887887827029197"
"0.4767061973846641","2","1","Missouri, Marion","-91.622,39.806","0.2207353484954497","0.2","0.5949471600635604","0.6033","1.0","0.6713285985896172","0.3669366036279324","0.44311377245508987","0.5627304600978258","0.4437713793924277","0.41513084262805067","0.4114605584303457"
"0.4766663208606929","6","9","Iowa, Scott","-90.6196,41.6394","0.47764471874627673","0.215946843853821","0.7415464835068445","0.3591","1.0","0.5306255646958271","0.45487583505460844","0.43712574850299407","0.5191044408593759","0.32952546054094517","0.12100813019552123","0.3266642572198831"
"0.47664656117641735","6","9","Mississippi, DeSoto","-89.9909,34.8763","0.5075670586999358","0.234375","0.6517898371381015","0.1414","1.0","0.5163989158141343","0.5570618729432623","0.43712574850299407","0.4377631248108773","0.35758956341273523","0.23999657976848277","0.46570245112957903"
"0.47662938201410227","8","7","Georgia, Brantley","-81.9774,31.1958","0.5658000020626621","0.421052631578947","0.49134342177398105","0.249","0.75","0.49930824224945697","0.4063837375930966","0.38922155688622756","0.5215324091055006","0.38937343077099523","0.6366781558508909","0.0"
"0.4765921381678894","6","9","Michigan, Monroe","-83.5375,41.9273","0.556599328900616","0.278571428571429","0.6199022051249279","0.2187","1.0","0.41517557433580937","0.34800949719357516","0.47904191616766467","0.5561726637917245","0.3740825201693105","0.1557863377495579","0.5194939520575865"
"0.4764792267637273","6","7","Kentucky, Meade","-86.2103,37.9616","0.4454373020503689","0.4","0.5449252863950773","0.426","0.825","0.6498233878958141","0.4372017032014004","0.5449101796407185","0.47245716285929296","0.45136476721164437","0.29071459221672064","0.0"
"0.47643440511967194","2","1","California, Sacramento","-121.3425,38.4511","0.3028012781633571","0.0941080196399345","0.7717265654675405","0.7603","0.825","0.5528135213810501","0.6088939707658106","0.3652694610778443","0.46968620728685795","0.22055603170337892","0.3368971645142261","0.48045987314166155"
"0.4764084721294927","2","3","Virginia, Wythe","-81.0783,36.9158","0.3943972475413781","0.3125","0.5711106787645275","0.3394","1.0","0.5881367906958894","0.31973197781531587","0.34730538922155696","0.626321192473144","0.4007758879683915","0.4193695558943222","0.40142261986413474"
"0.4762617913089626","6","9","Ohio, Williams","-84.5843,41.5605","0.4530459581555401","0.234042553191489","0.5422846408020191","0.2369","1.0","0.672432174036711","0.2738576367022735","0.5269461077844312","0.579673914473061","0.40507740774479734","0.2585493979411514","0.41582987978598673"
"0.476226908191913","10","6","Minnesota, Nicollet","-94.2471,44.3529","0.5142550085808139","0.545454545454545","0.5951024641528216","0.6527","0.575","0.7794980274392814","0.4151744685882163","0.2874251497005988","0.5142005305328247","0.1882548667570939","0.06161430809770091","0.651003485902134"
"0.4762231051411267","6","9","Georgia, Morgan","-83.4913,33.5923","0.4598459454084482","0.181818181818182","0.5455531708947002","0.0538","1.0","0.49930824224945697","0.6052591943216359","0.4970059880239522","0.5978576089534523","0.37789465531604294","0.31340729543618306","0.4443574092768984"
"0.47609832360334986","10","2","Florida, Broward","-80.4873,26.1518","0.505195467848503","0.152233510724077","0.7677655678352822","0.6638","0.675","0.36515492191213655","0.5836272189968845","0.21556886227544908","0.5334405085950897","0.22074728875135582","0.3802461767346503","0.4135461499154591"
"0.4760889250923466","6","9","Iowa, Poweshiek","-92.5316,41.6863","0.6108452607194419","0.282352941176471","0.6148465626560662","0.3623","0.825","0.5306255646958271","0.3212288759486356","0.39520958083832336","0.613308186513927","0.2666649610330971","0.13071921388933735","0.4458379913845591"
"0.47606280791459676","2","1","Texas, Palo Pinto","-98.3132,32.7531","0.2196688530454412","0.111111111111111","0.5187933199725971","0.7491","0.75","0.7194085185102618","0.4447853045077352","0.3652694610778443","0.6017807168377609","0.3456665939126528","0.6269612587323997","0.4485844744240997"
"0.4759344186742324","10","7","South Carolina, McCormick","-82.3079,33.9016","0.3410753492019269","0.142857142857143","0.45335049633306407","0.54","0.575","0.6761677914855059","0.5261598317292899","0.44910179640718567","0.7975851269879464","0.48380186114176943","0.5238963849097544","0.0"
"0.4758716262544062","10","7","Iowa, Mahaska","-92.6408,41.3352","0.45982215349515126","0.304347826086957","0.6336665420233403","0.5989","0.75","0.5306255646958271","0.3255340230245822","0.39520958083832336","0.5755097168756041","0.33347208627568475","0.24641508506190876","0.5146668652069025"
"0.4757733660364563","10","7","Mississippi, Greene","-88.6392,31.2144","0.37636242547382376","0.285714285714286","0.3748089882700658","0.6867","0.5","0.5163989158141343","0.5618653059077177","0.38323353293413176","0.45839165180163993","0.40215834752233626","0.6565949487879675","0.6465043557520147"
"0.47569170056788396","6","9","Georgia, Lee","-84.1432,31.7793","0.49412405210151117","0.0383480825958702","0.5346865417678894","0.3101","1.0","0.49930824224945697","0.5373280640824701","0.49101796407185627","0.42544161229202965","0.544550285024682","0.3492293760584521","0.0"
"0.4756807988627524","2","1","Arkansas, Sebastian","-94.2716,35.1961","0.13369535108067582","0.133333333333333","0.6514281151834136","0.6998","1.0","0.5574725952297617","0.6139979932089248","0.4550898203592814","0.5166605513962695","0.41291234500271545","0.4737386412645846","0.32800975954219674"
"0.47554082964586714","5","6","Virginia, Lancaster","-76.464,37.7189","0.4764387099466128","0.571428571428571","0.5625328425498428","0.1512","0.75","0.5881367906958894","0.5663957588613946","0.32934131736526945","0.8327916323672433","0.3539759417774936","0.17119021755651834","0.32376961763773765"
"0.47551384569792376","2","1","Florida, Pasco","-82.4023,28.3081","0.29932719231596405","0.124203821656051","0.6758783747501633","0.66","1.0","0.36515492191213655","0.4463498698969912","0.33532934131736525","0.6628376879802886","0.38256747872458674","0.3779384893646424","0.45489403131987594"
"0.4753262824374814","8","9","Idaho, Twin Falls","-114.6685,42.3544","0.6215812964168708","0.383647798742138","0.5725179975176197","0.3203","0.825","0.48916979685071754","0.3337205000540284","0.2754491017964072","0.5092312328105775","0.2764702540192729","0.37059213727045903","0.44670073947237876"
"0.47532191542528424","10","7","Louisiana, Jefferson Davis","-92.8121,30.269","0.38423923346520045","0.072463768115942","0.5485748793690376","0.6683","0.825","0.17214552458425092","0.5921515775424199","0.3592814371257485","0.5287228277828","0.48987976095705954","0.5324629506206497","0.4563500342262323"
"0.47521918068399566","2","3","North Carolina, Mitchell","-82.1582,36.0106","0.3656413540804057","0.285714285714286","0.5364392846770248","0.3171","1.0","0.751491911899152","0.2736349629603264","0.32934131736526945","0.6868906660868291","0.35966441181153785","0.4154974517216276","0.42643844794004393"
"0.4752032886783595","5","6","Kansas, Brown","-95.5642,39.8265","0.45789362891141067","1.0","0.47581802923760147","0.1232","0.75","0.535277945802919","0.5823510994259233","0.38323353293413176","0.6037268925796017","0.4262052154222","0.23496179066075754","0.3610650602756638"
"0.4751663632874179","6","3","Michigan, Eaton","-84.8374,42.596","0.4278064846124555","0.160493827160494","0.6305710563513246","0.4126","1.0","0.41517557433580937","0.4735565802626526","0.4730538922155689","0.5670390838965326","0.3422459498351493","0.13818922237088171","0.674770113426838"
"0.47516442158339756","6","9","Indiana, Randolph","-85.0114,40.1573","0.5291536521168014","0.5","0.553669387744525","0.1067","0.75","0.4061590902707796","0.2455350941606431","0.5269461077844312","0.6056629582719985","0.4766192110520323","0.4134025599173331","0.5639534605974448"
"0.47516038912329334","10","2","New York, Rensselaer","-73.5109,42.7135","0.5591862607115526","0.289954337899543","0.7135850432757601","0.7498","0.825","0.1452368843520714","0.4356481837811418","0.3652694610778443","0.5357771420024626","0.25947561972891214","0.1423848194041458","0.4487697793803517"
"0.47513879999354647","6","9","Michigan, Tuscola","-83.419,43.4661","0.5827505494103232","0.315151515151515","0.4989983560021284","0.382","0.75","0.41517557433580937","0.33002444434186007","0.40119760479041916","0.6056629582719985","0.30345977503093513","0.35289013802160196","0.570748036046025"
"0.4750778532945222","2","7","Missouri, Ripley","-90.8599,36.6546","0.3027914409904249","0.166666666666667","0.4711394086507404","0.3432","0.75","0.6713285985896172","0.3026232239024452","0.43113772455089816","0.6151952376728468","0.5949813244848856","0.6639197427656472","0.5092719395101041"
"0.47502268365266415","10","3","Pennsylvania, Allegheny","-79.9817,40.4681","0.4173906753665203","0.164263322884013","0.7333550996256472","0.6074","0.75","0.5168765274771758","0.4240292716733985","0.6167664670658684","0.5817386943120182","0.29504030530343406","0.11555828678859276","0.3428210871077218"
"0.47478664606605536","6","9","Maryland, Harford","-76.3078,39.5501","0.5632403121868438","0.309734513274336","0.6804038182631449","0.1394","1.0","0.4167867362521145","0.4961518417881135","0.4730538922155689","0.5215324091055006","0.2979923052682379","0.06445162267821809","0.564184826301035"
"0.4747762750868786","10","4","Pennsylvania, Clinton","-77.6379,41.2326","0.44765138198454024","0.255813953488372","0.5256395885806007","0.7287","0.75","0.5168765274771758","0.22737008033378503","0.40119760479041916","0.579673914473061","0.3439037251797935","0.3969859330867554","0.43464126591770896"
"0.47473102423633695","8","2","New York, Columbia","-73.6309,42.2482","0.6701646774561589","0.393491124260355","0.5738613270913573","0.632","0.75","0.1452368843520714","0.39477469627585016","0.32934131736526945","0.6595100604482558","0.20987503729592583","0.15687381150285387","0.4210148257041049"
"0.4746159873411305","10","7","Oklahoma, Greer","-99.5606,34.9354","0.3930834479954539","0.0151515151515152","0.4286222258321793","0.5387","0.5","0.6933119590201189","0.6774049843290183","0.2874251497005988","0.5734100391661536","0.35093562261025857","0.6798987882764056","0.4254133905300106"
"0.47460498893445174","6","7","West Virginia, Mineral","-78.941,39.4156","0.4523465228291632","0.307692307692308","0.5562382300521113","0.4731","0.825","0.42782761630184035","0.3143699498915589","0.34131736526946105","0.6299572389493907","0.4428861755469434","0.3501975534928933","0.5739115425147716"
"0.4745521278114754","2","1","South Dakota, Davison","-98.1446,43.6749","0.37953815121440604","0.333333333333333","0.4925960990016952","0.6453","0.825","1.0","0.4443489487360461","0.2275449101796407","0.5734100391661536","0.24181165875605132","0.1592610701231029","0.4142336539561429"
"0.474518614328395","5","7","Kentucky, Lewis","-83.3774,38.5318","0.45407246472464863","0.571428571428571","0.4713607681984644","0.3986","0.675","0.6498233878958141","0.14549465444010518","0.4191616766467066","0.5734100391661536","0.6176817877466885","0.560054917485098","0.0"
"0.47449475221287857","6","9","Minnesota, Washington","-92.8843,45.0386","0.5467148507990839","0.56441717791411","0.6656700134988089","0.1293","1.0","0.7794980274392814","0.44189431375723603","0.32934131736526945","0.4806485213347297","0.1416996710813986","0.010316890990172774","0.6076398624786418"
"0.4744361966074192","2","3","Oklahoma, Garfield","-97.7827,36.3791","0.31311298052830006","0.217391304347826","0.541872182275221","0.3922","1.0","0.6933119590201189","0.5646959891591001","0.3712574850299401","0.5287228277828","0.3701836802553464","0.4157974486574683","0.3218655638361642"
"0.47443014519323184","10","6","Washington, Kittitas","-120.6794,47.1252","0.5570800177446813","0.725490196078431","0.523252024834234","0.5148","0.675","0.5051412015799757","0.3844836699806856","0.22155688622754494","0.5191044408593759","0.19574554909605285","0.31408504386289476","0.6435257121474329"
"0.47432899973989456","6","9","Georgia, Catoosa","-85.1376,34.8987","0.4763965419750343","0.352112676056338","0.6613407434566824","0.0678","1.0","0.49930824224945697","0.3716419506345084","0.47904191616766467","0.5539608364828539","0.4175203681574422","0.28933947505501867","0.44422254315860177"
"0.4741031066129634","10","1","West Virginia, Barbour","-80.0035,39.1307","0.3550914992482089","0.285714285714286","0.5075398748115565","0.7405","0.75","0.42782761630184035","0.3053745401824169","0.34730538922155696","0.5998243249034969","0.5261445770103753","0.49959469529842915","0.3831838479094119"
"0.4740772122902578","6","9","Wisconsin, Winnebago","-88.6448,44.0689","0.45065873980079446","0.427350427350427","0.670882160592895","0.4304","1.0","0.5349291819271391","0.3996427684980942","0.407185628742515","0.5215324091055006","0.3056505594053344","0.09491057681162966","0.44101961073582907"
"0.4740769002137442","5","7","Kentucky, Bath","-83.7459,38.1474","0.430306559191299","0.428571428571429","0.4688914524584307","0.4699","0.75","0.6498233878958141","0.2546436937616744","0.4191616766467066","0.5380992168517501","0.5461953008510443","0.5391944119424213","0.0"
"0.47406417836851306","2","1","Pennsylvania, Blair","-78.3492,40.4796","0.3228430417467065","0.323529411764706","0.6373557369016981","0.6189","1.0","0.5168765274771758","0.24546972131177858","0.49101796407185627","0.6151952376728468","0.3853275386325244","0.25339046799400883","0.38679345059081033"
"0.47400748286788813","2","1","West Virginia, Mercer","-81.1102,37.4048","0.21710992804393076","0.166666666666667","0.5745011051166914","0.7077","1.0","0.42782761630184035","0.38871046856034686","0.3532934131736527","0.6335581539925471","0.5648403340326291","0.4774660153854707","0.34217655168452826"
"0.473992826462254","2","1","Arkansas, White","-91.7491,35.2569","0.18611618479115147","0.0555555555555556","0.5658937215657918","0.8523","1.0","0.5574725952297617","0.4550119587423344","0.44910179640718567","0.5310891329236117","0.40188039278634485","0.4481366823342499","0.34191162206647574"
"0.47399122914826974","6","6","Virginia, Carroll","-80.7346,36.7307","0.5921299897891124","0.711111111111111","0.5418504746506514","0.1461","0.75","0.5881367906958894","0.21867278948589197","0.3592814371257485","0.6726459331898672","0.4079939996124984","0.40432840956448857","0.0"
"0.4737558436237899","5","7","Oklahoma, Jefferson","-97.8318,34.1113","0.3876065164781221","0.333333333333333","0.4013779381221725","0.3859","0.5","0.6933119590201189","0.5596191333927504","0.3532934131736527","0.6151952376728468","0.38031720104058875","0.6814233588974647","0.4316536922316153"
"0.47360364166717417","10","7","Nevada, Lyon","-119.187,39.0178","0.4340804557551374","0.297872340425532","0.5427992590604165","0.3419","0.75","0.5573731273809973","0.4754029242541856","0.3173652694610779","0.6299572389493907","0.41215484819046727","0.3840876393147862","0.5497358092554927"
"0.4735540998201668","2","7","Tennessee, Cocke","-83.1183,35.9279","0.3465810662707009","0.2","0.5805042608961675","0.2127","1.0","0.26145055415676854","0.37254869461136536","0.39520958083832336","0.624489779413553","0.6306470592742186","0.6379152041765581","0.47501689741675496"
"0.47351336917427067","10","2","Indiana, Ripley","-85.2621,39.1024","0.49873566985043405","0.121495327102804","0.5620239921257488","0.6937","0.75","0.4061590902707796","0.18218227039549406","0.502994011976048","0.558371441896005","0.3812264811483826","0.2841949575565498","0.580956062263774"
"0.47346303557295416","10","1","Georgia, Telfair","-82.9349,31.9283","0.2844398379669691","0.0344827586206897","0.5229811293557157","0.8672","0.75","0.49930824224945697","0.5901929561483908","0.4670658682634731","0.5561726637917245","0.3939553555547894","0.5430707550706082","0.0"
"0.47345538064958914","6","9","Virginia, Frederick","-78.2597,39.2017","0.5905258875358841","0.449760765550239","0.6297886059739083","0.2302","1.0","0.5881367906958894","0.42015645514167343","0.3652694610778443","0.540406913436432","0.29091286994082355","0.15212606023846428","0.0"
"0.4733419362772228","2","1","West Virginia, Ohio","-80.622,40.0955","0.3298408528593808","0.108108108108108","0.6691781372717263","0.7482","1.0","0.42782761630184035","0.3221131748483586","0.4730538922155689","0.6317620454190964","0.45651825533728935","0.17253033305715526","0.2738691256234867"
"0.4733269530806816","8","2","Maine, Cumberland","-70.3723,43.8371","0.5839830303188795","0.35809987819732","0.6536398817963873","0.5925","0.75","0.631081372507402","0.36180111446478047","0.29940119760479045","0.5648909983668218","0.16038747477553322","0.062116563767031376","0.4035215906598304"
"0.47326853963606474","6","9","Indiana, Lawrence","-86.4836,38.8411","0.5308487544289618","0.210526315789474","0.5892502755265574","0.1917","1.0","0.4061590902707796","0.21224234850016255","0.48502994011976047","0.6037268925796017","0.4114112290592231","0.3071968623009221","0.553510126253323"
"0.47323976474365415","10","6","Kansas, Scott","-100.9067,38.4822","0.6058158618962949","0.857142857142857","0.510964766054716","0.4527","0.675","0.535277945802919","0.3270226655080266","0.23952095808383234","0.542700408721451","0.3365951022782864","0.17082457736705398","0.36355910433444905"
"0.47321570050644995","10","7","Tennessee, Clay","-85.5393,36.5515","0.36255285325708075","0.166666666666667","0.5001305724181863","0.5279","1.0","0.26145055415676854","0.30471227077309804","0.4131736526946108","0.6868906660868291","0.4810111197854956","0.5575031873917478","0.3854175330957047"
"0.4732142525451638","10","1","New York, Chautauqua","-79.3669,42.2277","0.33622091411226945","0.270833333333333","0.6272155175926826","0.7921","1.0","0.1452368843520714","0.39396529336006414","0.39520958083832336","0.5998243249034969","0.3603939189342391","0.406565245821268","0.4373968781301211"
"0.473198161374456","10","7","Iowa, Appanoose","-92.8687,40.7432","0.4609862713479279","0.571428571428571","0.6039316178792474","0.4922","0.675","0.5306255646958271","0.21300496781564882","0.3712574850299401","0.6661358670949733","0.4124426142936314","0.3091825101665292","0.40603285224159436"
"0.4731773991398405","2","1","Tennessee, Jefferson","-83.4515,36.0482","0.3019703846015901","0.153846153846154","0.6047232777570408","0.6288","1.0","0.26145055415676854","0.3508821056610422","0.43712574850299407","0.6075890184122873","0.48357274389805693","0.43077392063779085","0.5559021635899463"
"0.47316174090243107","6","9","Georgia, Coweta","-84.7613,33.3533","0.505857032482016","0.25","0.6285246623689991","0.1219","1.0","0.49930824224945697","0.5424993151651498","0.4970059880239522","0.46408171358848016","0.26683762333537925","0.23737060739751023","0.5347020558928421"
"0.47311933376732224","2","7","Georgia, Lamar","-84.1426,33.0784","0.3839493329860426","0.0731707317073171","0.5214100937057612","0.3699","0.825","0.49930824224945697","0.5835907134034696","0.49101796407185627","0.5449798764246452","0.47747424812889583","0.6048518357886776","0.0"
"0.4730840837706806","5","6","Minnesota, Pipestone","-96.2584,44.023","0.539351037671846","0.666666666666667","0.5189080041569681","0.5823","0.32499999999999996","0.7794980274392814","0.4432694639394631","0.2694610778443114","0.626321192473144","0.307162380726078","0.19514879399899548","0.36954235808463537"
"0.4729555534816071","2","7","Oklahoma, Lincoln","-96.8812,35.7027","0.34919734511125217","0.222222222222222","0.46699218445147594","0.2805","0.75","0.6933119590201189","0.6001737904776638","0.38323353293413176","0.5712984652022484","0.46958922959723853","0.45253877705649603","0.5204040117829475"
"0.4728993710495166","6","9","Louisiana, Ascension","-90.9133,30.2041","0.5760130137682101","0.154255319148936","0.6442653969945807","0.2658","1.0","0.17214552458425092","0.5780525223644702","0.4191616766467066","0.39950476257029566","0.36523298763627776","0.24247636873147804","0.6148854091918103"
"0.47284344724281874","10","1","Tennessee, Lawrence","-87.3979,35.2168","0.32482666340715605","0.19047619047619","0.5460400983450838","0.5438","1.0","0.26145055415676854","0.3319591973138142","0.4131736526946108","0.5712984652022484","0.4872107514308924","0.6163582988030039","0.46389463766565603"
"0.47269966278449743","2","1","Nevada, Churchill","-118.3395,39.5811","0.3566857746638024","0.5","0.49958588845047874","0.6358","0.675","0.5573731273809973","0.5817150606817078","0.2634730538922156","0.5898852876912913","0.3415279345043833","0.3707162781098764","0.5039094348715206"
"0.4726711779598811","2","7","Virginia, Pittsylvania","-79.3973,36.8198","0.3766959132458018","0.391304347826087","0.5226495971378389","0.419","0.75","0.5881367906958894","0.5372226283017123","0.4251497005988024","0.6388951207196634","0.4292578805043641","0.46068604951269576","0.0"
"0.47265885952865944","6","9","Ohio, Geauga","-81.1794,41.4995","0.5369604985179269","0.277272727272727","0.5486092016250608","0.3496","1.0","0.672432174036711","0.18116012465830475","0.5149700598802395","0.6017807168377609","0.22365182630669625","0.10646923953501809","0.4570495825945427"
"0.4726034689472149","10","7","West Virginia, Boone","-81.6989,38.0197","0.3683162105255187","0.333333333333333","0.49939698935525373","0.5638","0.675","0.42782761630184035","0.16645404406704106","0.4131736526946108","0.5858342498966352","0.6503201962996308","0.5639571787982949","0.5486444828928341"
"0.4724254075821841","6","3","Ohio, Huron","-82.5987,41.1465","0.3811292431376735","0.225","0.5711323959516413","0.3165","1.0","0.672432174036711","0.26394743297193185","0.49101796407185627","0.542700408721451","0.4359200220711965","0.317381497879735","0.4579251824571891"
"0.47224516018316637","10","7","California, Trinity","-123.1147,40.6492","0.3100251986477298","1.0","0.4138183830257623","0.6307","0.575","0.5528135213810501","0.4463739978034019","0.2874251497005988","0.7209975974271429","0.33855476262177303","0.4665384725783786","0.39155924226429417"
"0.47216709984446925","10","2","Illinois, McLean","-88.8462,40.49","0.46744229157850065","0.373417721518987","0.6310724318471767","0.6393","0.825","0.42780561490378566","0.4338485732974326","0.5209580838323353","0.4377631248108773","0.29300606172391225","0.0990270870467088","0.4779863617757821"
"0.4721645384674484","6","9","Indiana, Fulton","-86.2625,41.047","0.518587607378625","0.261904761904762","0.5562666417999477","0.1933","0.825","0.4061590902707796","0.32081307957823335","0.5389221556886228","0.5918944128138512","0.40686031309201637","0.3665561671897336","0.5377269420219529"
"0.47203750579802123","10","6","Minnesota, Morrison","-94.2734,46.0127","0.5176328286088304","0.75","0.5395404796831244","0.4935","0.675","0.7794980274392814","0.2253139852460734","0.2035928143712575","0.5898852876912913","0.2882739623131923","0.17850738141431174","0.5165496255893155"
"0.47186041262469003","10","1","Indiana, Jefferson","-85.4363,38.7858","0.35795141511676176","0.117647058823529","0.5999863428936131","0.5645","1.0","0.4061590902707796","0.312612893891577","0.4970059880239522","0.5539608364828539","0.4429992464010962","0.334607644096328","0.4654420970895111"
"0.4717901031513894","2","1","Maine, Kennebec","-69.7674,44.4076","0.3637778803187571","0.133333333333333","0.559997378452993","0.8122","1.0","0.631081372507402","0.2626316552163731","0.281437125748503","0.5978576089534523","0.32897316802058335","0.22701011572227384","0.44015299461445834"
"0.47173934420458413","2","7","Texas, Lampasas","-98.2421,31.1953","0.40308854662281846","0.5","0.5343299216335488","0.4136","0.675","0.7194085185102618","0.4962173783124992","0.3592814371257485","0.5837920978957992","0.22583444313412981","0.3592975009177339","0.5445182769410697"
"0.4717381148635961","10","2","California, Orange","-117.7646,33.7015","0.5082883778606389","0.375651350071056","0.8350019379227094","0.5683","0.575","0.5528135213810501","0.403880422408021","0.4550898203592814","0.4833394486037307","0.08936935715260824","0.24513346714706546","0.46050368226672084"
"0.47169258267373865","9","5","Texas, Hartley","-102.6029,35.8401","0.5470189848809172","0.444444444444444","0.4268536306799561","0.8927","0.32499999999999996","0.7194085185102618","0.4989290045171481","0.17365269461077848","0.4939129750014257","0.1768352397388808","0.398076676891431","0.4020377180946725"
"0.4715115954510586","6","9","Indiana, Huntington","-85.4882,40.8291","0.44439775968351386","0.5","0.5886650457278433","0.2512","1.0","0.4061590902707796","0.26601849374990144","0.5568862275449102","0.5472454870957077","0.41994814607618647","0.21402268277195233","0.5655107413843323"
"0.4714875344365264","2","7","Texas, Leon","-95.9936,31.2987","0.3942868398543735","0.333333333333333","0.49972481164696225","0.2655","0.675","0.7194085185102618","0.5238433442267787","0.40119760479041916","0.6853345393682004","0.463061529379494","0.5081400662318628","0.0"
"0.4714637423394442","2","1","Missouri, Audrain","-91.8424,39.2159","0.23324281199670807","0.5","0.5286195026665661","0.4737","0.75","0.6713285985896172","0.4822620530039707","0.4191616766467066","0.560557323866868","0.45634945989370995","0.5123405077856896","0.4117412535963103"
"0.47142805664781345","2","1","Colorado, Fremont","-105.44,38.4736","0.28355001799968155","0.12","0.5094356488565233","0.7036","0.75","0.903104230085054","0.5357029546961732","0.11976047904191617","0.6353456481032828","0.2620187165398357","0.3823953271692461","0.6452253172128652"
"0.47142373122373293","10","7","Michigan, Ogemaw","-84.1273,44.3348","0.37335984869367445","0.176470588235294","0.48700280479386265","0.5632","1.0","0.41517557433580937","0.24481678032509074","0.29341317365269465","0.7006109322771243","0.49004003675999014","0.4830845692209927","0.38763570615853005"
"0.4714080449099211","10","1","Washington, Whatcom","-121.749,48.8223","0.3820039900710203","0.100864553314121","0.6106058825662298","0.8781","0.75","0.5051412015799757","0.4747546506292552","0.38922155688622756","0.5449798764246452","0.20710380215983493","0.25195358319513333","0.5505955121962031"
"0.4712171205670215","6","9","Indiana, Hendricks","-86.5104,39.7672","0.6378226781666213","0.269607843137255","0.6330532492664873","0.0802","1.0","0.4061590902707796","0.4295614930642506","0.5508982035928144","0.45839165180163993","0.2855948145325131","0.06804904253501165","0.4978916900781825"
"0.47097002387872694","8","2","Connecticut, New London","-72.1043,41.489","0.5710013714849196","0.275581395348837","0.6682659584134995","0.5396","0.75","0.35653512920289365","0.5334867774044315","0.2874251497005988","0.5627304600978258","0.22829547070194225","0.14742009296392736","0.49614426722450167"
"0.4709223497283808","2","1","Washington, Spokane","-117.4046,47.6211","0.27605399714612466","0.0757575757575758","0.6828875810771663","0.7896","1.0","0.5051412015799757","0.46840505601256566","0.5209580838323353","0.5215324091055006","0.25052254351135766","0.203931546439998","0.431074338603526"
"0.4708413289899129","2","1","Virginia, Montgomery","-80.3787,37.1775","0.3355951505137039","0.151515151515152","0.6405967711356347","0.8402","1.0","0.5881367906958894","0.37526909884645687","0.3592814371257485","0.42544161229202965","0.2319898300182252","0.28612598345281337","0.44745927353055504"
"0.4707155416212918","2","7","Tennessee, Henry","-88.3012,36.3316","0.3574482902935136","0.235294117647059","0.5596111934631978","0.2748","1.0","0.26145055415676854","0.46448163612949844","0.44311377245508987","0.6595100604482558","0.514464289646014","0.5041329210484851","0.3822241167230507"
"0.4706333051359262","10","1","New York, Oswego","-76.1464,43.4278","0.3741194837481748","0.204819277108434","0.6074935924293132","0.9354","1.0","0.1452368843520714","0.2817399752825202","0.311377245508982","0.5191044408593759","0.373154597573968","0.3934556098397542","0.5564912408568755"
"0.47048077844791286","10","1","Tennessee, Anderson","-84.1997,36.1268","0.3393600570743018","0.222222222222222","0.6380881785599147","0.5664","1.0","0.26145055415676854","0.40806087715499484","0.43712574850299407","0.6075890184122873","0.41353258665522236","0.39142103231646447","0.3956609620867995"
"0.4704544659306005","8","6","Texas, Dallam","-102.6021,36.2779","0.595228429249683","0.444444444444444","0.49540566639708117","0.2652","0.675","0.7194085185102618","0.48535656308979835","0.17964071856287425","0.37522787829441234","0.32876197221229275","0.6463862117193556","0.0"
"0.47034356522472615","5","7","Texas, Franklin","-95.2192,33.1765","0.44545867277718054","0.6","0.4834490235067166","0.1964","0.75","0.7194085185102618","0.48238844437169637","0.4131736526946108","0.6335581539925471","0.3793001757318914","0.407969914558402","0.0"
"0.4703356977929304","2","7","Mississippi, Alcorn","-88.58,34.8808","0.2680964488770307","0.166666666666667","0.5493844756145937","0.2483","1.0","0.5163989158141343","0.5105633974053574","0.4191616766467066","0.5755097168756041","0.5114581003685833","0.616716308872582","0.35625835057631555"
"0.47029402327316144","10","3","California, Ventura","-119.0911,34.4447","0.4296946454369047","0.268324607329843","0.7134192334013707","0.5508","0.75","0.5528135213810501","0.4664623555744505","0.49101796407185627","0.5016507991249867","0.12664407399710187","0.270377416007822","0.4941820201973943"
"0.47027753033529224","6","3","Ohio, Clermont","-84.1538,39.0485","0.4307889256618618","0.335570469798658","0.6185405842973021","0.2053","1.0","0.672432174036711","0.25515288199777375","0.5389221556886228","0.5166605513962695","0.39511620322770147","0.1290038902711248","0.6051662784433284"
"0.4702190611743759","6","3","Kentucky, Nelson","-85.4657,37.8034","0.4075174432214557","0.28125","0.5270358260233403","0.2697","1.0","0.6498233878958141","0.3654277672847166","0.5089820359281437","0.5016507991249867","0.4008772649266849","0.2040556872794154","0.5815337763259141"
"0.47021465690961883","6","7","Alabama, Lamar","-88.0967,33.78","0.4493810016674332","0.266666666666667","0.48826610678471283","0.3251","0.75","0.40374195381018385","0.4576357487785338","0.43712574850299407","0.6388951207196634","0.5314846907484172","0.5886480045238134","0.0"
"0.47019641109520466","6","9","Wisconsin, Eau Claire","-91.2861,44.7266","0.45219984969781785","0.476923076923077","0.6415323430562041","0.5896","1.0","0.5349291819271391","0.3246224352879297","0.29940119760479045","0.5067215141840639","0.27682064223292463","0.17026285520781723","0.329207612966211"
"0.47018237316613387","10","7","Illinois, Montgomery","-89.4781,39.232","0.47003054754981094","0.27027027027027","0.5364165918388623","0.5689","0.675","0.42780561490378566","0.33004261075540525","0.502994011976048","0.6114115319998742","0.34094818457140813","0.3256615101993508","0.49577620864455224"
"0.47013295107559183","2","1","Florida, Bay","-85.6212,30.2655","0.24354637755549993","0.0963855421686747","0.6429219666379569","0.7144","1.0","0.36515492191213655","0.563672005739315","0.407185628742515","0.5472454870957077","0.4073635692296202","0.375727571292873","0.39186404564337385"
"0.4700888852253199","5","7","Texas, Newton","-93.7441,30.7855","0.37509465358363075","0.5","0.42525627062755594","0.3289","0.5","0.7194085185102618","0.6236517297101167","0.38922155688622756","0.6114115319998742","0.3931895158249542","0.6973353077984307","0.0"
"0.46999608013006533","2","1","Missouri, Greene","-93.3423,37.2576","0.14342986485964573","0.0531914893617021","0.6899375675991466","0.8087","1.0","0.6713285985896172","0.4418108971008954","0.4251497005988024","0.5310891329236117","0.37893246460865054","0.33897812832190294","0.40770821010644787"
"0.4699065976915271","6","3","Alabama, Madison","-86.5507,34.7633","0.3492389933545013","0.152727272727273","0.6752706638204405","0.3836","1.0","0.40374195381018385","0.6346671043808639","0.5149700598802395","0.4939129750014257","0.37095937103486804","0.23202237780938295","0.43045369131358846"
"0.46965100085636285","5","6","Colorado, Cheyenne","-102.6033,38.8278","0.6899684884839773","1.0","0.3943843791344736","0.0624","0.5","0.903104230085054","0.36825636777995274","0.16766467065868262","0.42856039038869453","0.2529457797370472","0.3951646355812353","0.34647167225890424"
"0.46958382000615473","10","1","West Virginia, Mason","-82.0252,38.7707","0.34703604745628275","0.2","0.49501121227357203","0.7154","0.825","0.42782761630184035","0.1837599454062736","0.44910179640718567","0.6170727822364962","0.5957382831214221","0.43543350162794064","0.3157249881229938"
"0.46955142357336566","2","1","Florida, Baker","-82.2847,30.3306","0.37174782779986465","0.153846153846154","0.5083509694572517","0.6597","1.0","0.36515492191213655","0.5240118050967826","0.3233532934131737","0.4806485213347297","0.5143994808596531","0.4342395695352809","0.10648317327064837"
"0.4693522715280157","6","7","Tennessee, Dickson","-87.3589,36.1467","0.43876317165261464","0.153846153846154","0.5735331578346968","0.4734","1.0","0.26145055415676854","0.4169452889370595","0.43113772455089816","0.5239446622367122","0.41436316162421605","0.38242499985769224","0.4317456776950783"
"0.4692844004738624","8","2","Louisiana, Livingston","-90.7306,30.4414","0.5570526919792167","0.316860465116279","0.5934810239270952","0.5215","1.0","0.17214552458425092","0.4609121179927092","0.40119760479041916","0.4437744133187831","0.4304194910366039","0.2915628677672368","0.0"
"0.4692179377119094","2","1","Kentucky, Taylor","-85.333,37.3678","0.23292022710627874","0.111111111111111","0.5756647659836385","0.5132","1.0","0.6498233878958141","0.3676997871255855","0.4610778443113772","0.5670390838965326","0.4270000314540739","0.46119508751081384","0.40933621979955914"
"0.46918391611059806","2","3","Tennessee, Loudon","-84.3115,35.7394","0.41344670654127247","0.229166666666667","0.6068426659668061","0.3407","1.0","0.26145055415676854","0.32507171527838513","0.4550898203592814","0.7094849659803716","0.4092621301561034","0.3226942413547411","0.5720055168870094"
"0.4691838925195277","2","1","Colorado, Otero","-103.7173,37.9014","0.268275478911677","0.0909090909090909","0.508941508981917","0.6269","0.675","0.903104230085054","0.489984828829205","0.16167664670658685","0.613308186513927","0.3826235497368668","0.5937623648817798","0.3867081960500442"
"0.46911938980075085","10","1","Ohio, Coshocton","-81.9173,40.301","0.26896796484077895","0.105263157894737","0.48163473142475216","0.5998","0.825","0.672432174036711","0.2564904390525076","0.4970059880239522","0.5898852876912913","0.46067502246195013","0.49985872166909234","0.5123170341996239"
"0.4690039934514147","10","7","Arkansas, Lafayette","-93.6068,33.2412","0.3781464121845627","0.111111111111111","0.4816106926227274","0.6367","0.32499999999999996","0.5574725952297617","0.6376046265760273","0.40119760479041916","0.667774075480636","0.6762774548986771","0.4779912825274736","0.0"
"0.46897471556958625","6","9","Pennsylvania, Chester","-75.7477,39.9729","0.6043446796312791","0.30047619047619","0.6743352800752932","0.3387","0.825","0.5168765274771758","0.39810945131038544","0.44311377245508987","0.5215324091055006","0.17930110879502956","0.06284602745074909","0.48253914726862346"
"0.4689317745298703","2","1","Indiana, Gibson","-87.5805,38.3039","0.32269698643443784","0.3","0.587833652160972","0.6667","1.0","0.4061590902707796","0.3169673266577521","0.5508982035928144","0.5561726637917245","0.35047456369264635","0.16938817702023473","0.6006220767007208"
"0.4686198987049797","6","9","Illinois, McHenry","-88.4525,42.3245","0.6277583702824638","0.400519031141868","0.6593921821387776","0.0408","1.0","0.42780561490378566","0.3297009336238686","0.5449101796407185","0.47245716285929296","0.26345995572457753","0.07374716762077481","0.5516401920467127"
"0.46852115934652533","6","9","Michigan, St. Clair","-82.6794,42.9266","0.49161585448199346","0.168734491315136","0.6242398139303268","0.2289","1.0","0.41517557433580937","0.38160252232132724","0.47904191616766467","0.5734100391661536","0.3542049772578589","0.2606577332900072","0.45175006699973513"
"0.46845047041834403","6","9","Maryland, Talbot","-76.1088,38.7662","0.5575334706000404","0.426470588235294","0.6336064910867989","0.0414","1.0","0.4167867362521145","0.5053330524046731","0.37724550898203596","0.743007936898218","0.25339927108547233","0.0739499108063208","0.4076660041918377"
"0.46840144252954685","10","6","Iowa, Jones","-91.1314,42.1212","0.5245513708830276","0.333333333333333","0.5921028590888587","0.5033","0.675","0.5306255646958271","0.36064538675909324","0.4191616766467066","0.6114115319998742","0.2915805022580103","0.11442624344612065","0.5574383457012181"
"0.46825395307230794","2","1","Minnesota, Winona","-91.7808,43.9877","0.383611478329273","0.106666666666667","0.5876687109624378","0.7743","0.825","0.7794980274392814","0.3375701709421877","0.33532934131736525","0.5357771420024626","0.24250284638445185","0.18194953438707306","0.48243322162414704"
"0.4682234814149282","2","4","Florida, Wakulla","-84.399,30.1655","0.43215975154396574","0.258064516129032","0.5073117980181164","0.5833","1.0","0.36515492191213655","0.5654275536613738","0.40119760479041916","0.4833394486037307","0.3960039260629035","0.34162662771349167","0.0"
"0.4681256903303159","6","9","Georgia, Walton","-83.7355,33.7802","0.445229520096818","0.164556962025316","0.6082690591318674","0.0328","1.0","0.49930824224945697","0.5416884111280397","0.502994011976048","0.5117241638959221","0.3189229049542196","0.3932019991883006","0.49462011070078216"
"0.46811316790092516","5","6","Kansas, Kearny","-101.3217,38.0002","0.7420496282570314","0.472222222222222","0.4637466906343361","0.0828","0.5","0.535277945802919","0.38260609290959813","0.251497005988024","0.4965101409658336","0.3303525904029626","0.5489758622974098","0.33682617601358417"
"0.46804385477852495","8","2","Massachusetts, Plymouth","-70.808,41.9407","0.7044119872812177","0.225848003434951","0.647836044066769","0.3515","1.0","0.13189104157094694","0.4722537815668358","0.251497005988024","0.560557323866868","0.2624505819754968","0.06259108455614079","0.47203470243992357"
"0.4680195432786614","10","1","Oregon, Benton","-123.4317,44.4917","0.4129018480699936","0.372549019607843","0.6150611187919635","0.8886","0.75","0.5704827129810713","0.3454786510793323","0.3173652694610779","0.5142005305328247","0.14155380500787756","0.2422199724807009","0.49350620133902784"
"0.46786911073706117","10","2","New York, Livingston","-77.7797,42.726","0.5066421425079833","0.289719626168224","0.5933016341220981","0.8278","0.825","0.1452368843520714","0.348339382823061","0.32934131736526945","0.5539608364828539","0.329005694545007","0.20614294896382368","0.5575400324100198"
"0.4678492380260565","2","3","Georgia, Pickens","-84.4641,34.4659","0.43377626177384687","0.228571428571429","0.5652758117977307","0.319","1.0","0.49930824224945697","0.2974385980108162","0.43113772455089816","0.6335581539925471","0.32554645127348536","0.325766878521588","0.5047144924177054"
"0.46777109436300157","2","7","Missouri, Miller","-92.4261,38.2145","0.3088823439453695","0.5","0.5266834602252756","0.4893","1.0","0.6713285985896172","0.27097151620271537","0.407185628742515","0.5837920978957992","0.39798507694710417","0.4776864410710703","0.0"
"0.46760894296772165","2","1","Washington, Adams","-118.5602,46.983","0.3358031963116844","0.04","0.45666930538645595","0.8933","0.675","0.5051412015799757","0.4732748161855787","0.37724550898203596","0.38929338935206537","0.30785427129939347","0.6908339612033838","0.43398268465683965"
"0.4674772647761811","6","9","New Jersey, Hunterdon","-74.9128,40.5634","0.619257140451934","0.217610062893082","0.6570992631959996","0.141","1.0","0.7118730106573777","0.29328445954580395","0.43113772455089816","0.5627304600978258","0.11822026119054371","0.012818238069671714","0.5167090196355357"
"0.46743005795128645","10","9","Washington, Snohomish","-121.7171,48.0462","0.4681442216099323","0.100973674720519","0.6897644033162964","0.5527","1.0","0.5051412015799757","0.5117282570397075","0.3053892215568862","0.4496902805094778","0.20985121839672383","0.10343257293334872","0.5886623553471496"
"0.4674152313820025","10","7","Illinois, Fulton","-90.2086,40.4729","0.34943326794562996","0.571428571428571","0.5456214037763634","0.5126","0.75","0.42780561490378566","0.4415107659773196","0.49101796407185627","0.6114115319998742","0.28613333399775476","0.3955064165069287","0.443571810925576"
"0.4673520288370283","10","7","Missouri, Moniteau","-92.5798,38.6357","0.4017418749251476","0.0681818181818182","0.5224276973156552","0.639","0.75","0.6713285985896172","0.3985497561833334","0.40119760479041916","0.5215324091055006","0.4090300452012836","0.49038865287326705","0.0"
"0.4673059190273117","2","1","Minnesota, St. Louis","-92.4688,47.6048","0.3671197627288237","0.267326732673267","0.5540228937348517","0.8182","0.675","0.7794980274392814","0.47943980097545763","0.281437125748503","0.5858342498966352","0.2768004529031746","0.1639067231166351","0.3514438817363308"
"0.46729798137075174","6","9","Virginia, Isle of Wight","-76.7084,36.9058","0.4931811446712688","0.139130434782609","0.5812793316597693","0.2397","1.0","0.5881367906958894","0.5779330174880057","0.3592814371257485","0.5775976316230177","0.34666418124549936","0.26811429822699023","0.0"
"0.467283468553564","10","1","Missouri, Wright","-92.4691,37.2703","0.2685931779062764","0.1","0.5127971119075402","0.6963","0.75","0.6713285985896172","0.26378393069814954","0.38922155688622756","0.6095051758860066","0.505758651789174","0.7208653863971434","0.0"
"0.46708422074229156","5","6","Texas, Kimble","-99.7486,30.4868","0.4243273830428392","1.0","0.39870071717293887","0.148","0.675","0.7194085185102618","0.3215966802810112","0.2694610778443114","0.7561322439804544","0.3104806491203388","0.4728001365185895","0.41230855648728126"
"0.46689319375855554","2","3","Pennsylvania, Lawrence","-80.3339,40.9921","0.3119689027474854","0.0972222222222222","0.5971418663841236","0.5253","1.0","0.5168765274771758","0.30967825399415944","0.502994011976048","0.6388951207196634","0.432099496668541","0.2824485078937224","0.4043955377773715"
"0.46685067888859083","2","1","Arkansas, Conway","-92.7051,35.2621","0.2547152654766906","0.0714285714285714","0.5354824265045193","0.5393","0.75","0.5574725952297617","0.5697156043474904","0.43113772455089816","0.595880459448231","0.4963696992460143","0.43725952254100914","0.5010260096668997"
"0.466784774368441","6","3","Florida, Sarasota","-82.3317,27.1855","0.4517324713601623","0.253012048192771","0.7007285296133628","0.4269","1.0","0.36515492191213655","0.3860817556237868","0.2874251497005988","0.8317403148642885","0.21270946896603057","0.16810510574922266","0.40025446135859066"
"0.46670676930460553","5","7","California, Glenn","-122.3938,39.5988","0.37293045568717254","0.444444444444444","0.5424368778508736","0.4871","0.675","0.5528135213810501","0.4461715994982634","0.3652694610778443","0.5215324091055006","0.2785245827840199","0.5599393756696793","0.5009968550003692"
"0.4666855823049151","5","9","Indiana, Blackford","-85.325,40.4739","0.489655449168304","0.357142857142857","0.5161109316390442","0.2795","0.75","0.4061590902707796","0.19780779911148597","0.5209580838323353","0.6317620454190964","0.5339873100270518","0.3263550033178911","0.5364389274031316"
"0.46667092135750154","6","7","Tennessee, Overton","-85.2899,36.3412","0.4230539812006402","0.357142857142857","0.5327384215519398","0.4218","1.0","0.26145055415676854","0.2257476678642694","0.38922155688622756","0.6151952376728468","0.4984114291568238","0.4715646626621052","0.362101210889517"
"0.46662961808564263","1","10","Kentucky, Bell","-83.6777,36.7336","0.0","0.0","0.5668218768439295","0.9039","1.0","0.6498233878958141","0.31091693084717703","0.40119760479041916","0.5817386943120182","0.6766175623477338","0.588776505431737","0.30615532720340694"
"0.4665594664599725","5","6","South Dakota, Union","-96.6558,42.8311","0.6648170347027859","0.55","0.5935796767725925","0.0704","0.675","1.0","0.34800229565974644","0.34131736526946105","0.5561726637917245","0.2611133201920142","0.04936542230715206","0.0"
"0.466538366045719","10","4","California, Sonoma","-122.8863,38.5275","0.42183011611758925","0.307692307692308","0.6881390381527309","0.6472","0.75","0.5528135213810501","0.47228526858609543","0.4251497005988024","0.5837920978957992","0.11461317797675924","0.1880502391315906","0.4025301754170643"
"0.46651864457516085","6","3","Florida, Sumter","-82.0794,28.7018","0.4260842034652416","0.119521912350598","0.5928408721543922","0.3104","1.0","0.36515492191213655","0.4522273445900676","0.3173652694610779","1.0","0.32300577654697676","0.12289119533821476","0.4452524246964862"
"0.466376221497319","2","1","Tennessee, Lincoln","-86.5891,35.1374","0.2766608269257959","0.125","0.5435202649869982","0.5642","1.0","0.26145055415676854","0.5158419693713199","0.4550898203592814","0.595880459448231","0.46968368292664747","0.4098707833141631","0.5200263336771767"
"0.46635100006129526","6","3","Georgia, Haralson","-85.2101,33.796","0.3915027099029527","0.147058823529412","0.5304146864363923","0.2859","1.0","0.49930824224945697","0.40486779024481895","0.4610778443113772","0.526341402378779","0.3019663925920938","0.4746003603596621","0.5852491913430474"
"0.46615365734314285","2","7","Texas, Upshur","-94.94,32.7371","0.29998131010583085","0.166666666666667","0.5445965202702351","0.4021","0.825","0.7194085185102618","0.552404515527501","0.4251497005988024","0.5670390838965326","0.4143445916959942","0.5435911776920487","0.0"
"0.46611652568492024","10","1","Tennessee, Unicoi","-82.4371,36.1089","0.27229093877108934","0.333333333333333","0.5802926051139194","0.5317","1.0","0.26145055415676854","0.21166412394210615","0.34730538922155696","0.6742558355103007","0.526892443508638","0.5704800835098455","0.5500430450079566"
"0.46611052817882853","6","9","Virginia, Orange","-78.0156,38.2453","0.49409040555057687","0.30188679245283","0.5739118079041936","0.3088","0.825","0.5881367906958894","0.5345750060282757","0.34730538922155696","0.6114115319998742","0.3980445373308976","0.25302712895181173","0.0"
"0.4661067121978611","2","7","Texas, Bosque","-97.6361,31.8998","0.34182011610185936","0.333333333333333","0.5006120420622531","0.3852","0.675","0.7194085185102618","0.3887559242795112","0.38922155688622756","0.6930510015104033","0.3269799203403266","0.4624832455284167","0.5288094728690974"
"0.46606526665580034","10","7","New Mexico, Curry","-103.3469,34.5742","0.4744191454181109","0.5","0.5484908777295922","0.5692","0.675","0.2328984071594001","0.5881979787262274","0.24550898203592814","0.42856039038869453","0.32471351763229284","0.5419037100670712","0.4705882118260393"
"0.46605941762230274","5","7","Texas, Gaines","-102.6353,32.7406","0.3736237438288113","0.6","0.514653650516883","0.4171","0.675","0.7194085185102618","0.4031857943936793","0.2634730538922156","0.3087088081983978","0.250642479876322","0.7682124603248907","0.5425971899882125"
"0.4660247117725398","5","6","Virginia, King and Queen","-76.8869,37.7104","0.5225754932779468","0.571428571428571","0.45964379970866415","0.0649","0.5","0.5881367906958894","0.7160134485572135","0.33532934131736525","0.6595100604482558","0.5367258829311181","0.3728965545890872","0.0"
"0.4660021178230209","6","3","West Virginia, Marshall","-80.6659,39.8606","0.4378999938725483","0.347826086956522","0.5794368105593147","0.2385","1.0","0.42782761630184035","0.19457345419793615","0.4730538922155689","0.6335581539925471","0.49256252276048973","0.3006825566133702","0.43233687597412546"
"0.4658847437844223","2","1","West Virginia, Monongalia","-80.0477,39.6322","0.32775278051902956","0.0869565217391304","0.6239890671866366","0.992","1.0","0.42782761630184035","0.324218585530253","0.40119760479041916","0.41912465076501093","0.3193339357354525","0.2999890634948299","0.30603712266739447"
"0.46581733581212986","1","10","Florida, Holmes","-85.8132,30.8675","0.0","0.0","0.5080214370756327","0.9124","1.0","0.36515492191213655","0.5362895089507282","0.4251497005988024","0.6151952376728468","0.4494178766353858","0.7303771180698074","0.561421793472564"
"0.4656298640439641","10","2","New York, Herkimer","-74.9615,43.4203","0.5055056544629326","0.32967032967033","0.6029986005915255","0.7106","0.75","0.1452368843520714","0.26904765979066014","0.2874251497005988","0.6114115319998742","0.34067836620824543","0.3361686697346208","0.6764142743589179"
"0.4652787653293401","6","9","Minnesota, Wright","-93.9623,45.173","0.5544939820903174","0.684210526315789","0.6171827171414052","0.1509","1.0","0.7794980274392814","0.31657062471659914","0.25748502994011974","0.42229651508178717","0.2209184278952793","0.023740936356201125","0.59810413932478"
"0.46524803937088377","5","6","Kansas, Clark","-99.8188,37.2358","0.827324499828976","0.95","0.43727806651304574","0.2779","0.32499999999999996","0.535277945802919","0.27996908362434586","0.24550898203592814","0.6441567395133083","0.3846592058319772","0.10074192621286508","0.08359458605843471"
"0.4651439736114176","6","3","Michigan, Lenawee","-84.066,41.8948","0.4516739132703241","0.216417910447761","0.5698952533959777","0.4206","0.825","0.41517557433580937","0.39703129872117543","0.4670658682634731","0.5755097168756041","0.3996761428252962","0.23322490892604125","0.5474543367993048"
"0.4650279704038923","6","9","Texas, Williamson","-97.6005,30.6466","0.43621687164570166","0.321507760532151","0.6708155816196407","0.1897","1.0","0.7194085185102618","0.5167060204331537","0.44311377245508987","0.41269877075759065","0.20732245041171599","0.1273287761735821","0.5489193606145784"
"0.46502298269971465","5","7","Kentucky, Henry","-85.1159,38.4494","0.4768982660696202","0.5","0.5195638726469295","0.2391","0.75","0.6498233878958141","0.35681286354266595","0.49101796407185627","0.5449798764246452","0.36338008247184406","0.45586357151862766","0.0"
"0.46494473493933275","10","1","Tennessee, Claiborne","-83.6595,36.4832","0.28442619781709283","0.285714285714286","0.5594956546180059","0.6094","1.0","0.26145055415676854","0.27094263242798344","0.4191616766467066","0.6017807168377609","0.4347589500385789","0.5792863318755767","0.4432200654808084"
"0.4648228848438809","6","9","Virginia, Louisa","-77.9627,37.9785","0.4712114861580215","0.220338983050847","0.5264053657774036","0.1856","1.0","0.5881367906958894","0.5668246927967319","0.34730538922155696","0.5978576089534523","0.347910392054877","0.3620476141281238","0.0"
"0.4647609329007294","10","1","Wisconsin, Clark","-90.6121,44.7348","0.39375831958574514","0.230769230769231","0.5057895124369133","0.7705","0.675","0.5349291819271391","0.2591260646842721","0.29341317365269465","0.540406913436432","0.37509427726675354","0.49439773586486985","0.5221487752821286"
"0.4645581975540054","6","9","Indiana, Carroll","-86.562,40.5808","0.6886619164778208","0.67948717948718","0.5389327059436277","0.05","0.825","0.4061590902707796","0.21918777964530597","0.5149700598802395","0.595880459448231","0.3712546340404815","0.2241943592582603","0.0"
"0.4645395772700887","5","7","West Virginia, Wetzel","-80.6402,39.6066","0.4387651976852954","0.571428571428571","0.5597573101420062","0.2413","0.75","0.42782761630184035","0.08789608389723849","0.44910179640718567","0.6595100604482558","0.5590021253597125","0.4897019420835145","0.4000410026176635"
"0.46452355996231587","10","2","Michigan, Washtenaw","-83.8385,42.2531","0.47830295854538163","0.112812248186946","0.7196138680653313","0.7873","0.75","0.41517557433580937","0.4999155712533015","0.47904191616766467","0.4555137084840577","0.15405395377820247","0.1083360755338268","0.37086062290765287"
"0.46447442727993277","6","9","Georgia, Jackson","-83.5681,34.1379","0.44196266908052434","0.149606299212598","0.5998855596927257","0.1735","1.0","0.49930824224945697","0.44210811323455845","0.47904191616766467","0.4965101409658336","0.3060347824779316","0.36261841976341547","0.5344266882799269"
"0.46432283486284803","10","1","New York, Cayuga","-76.5573,42.9126","0.3823301410083414","0.19047619047619","0.6231765672715287","0.8329","1.0","0.1452368843520714","0.4121613157290068","0.3173652694610779","0.5755097168756041","0.3319482505309111","0.2477153543809181","0.5339172588510652"
"0.46432001131641687","2","1","Tennessee, Obion","-89.1492,36.3573","0.2896263130910445","0.117647058823529","0.543393596146349","0.4253","1.0","0.26145055415676854","0.47565094704491767","0.4730538922155689","0.6114115319998742","0.5121469017363611","0.529501010748659","0.3784047905346737"
"0.464271021163765","2","3","Mississippi, Jackson","-88.6418,30.5402","0.3530087633977229","0.0598591549295775","0.620491417296221","0.1433","1.0","0.5163989158141343","0.5713535033871803","0.4251497005988024","0.5117241638959221","0.40872491339980793","0.4967376392966193","0.3941120497985587"
"0.4641884598171563","10","7","New Mexico, Roosevelt","-103.4799,34.021","0.4407373785319992","0.357142857142857","0.4866672286870742","0.7389","0.675","0.2328984071594001","0.49847403959064335","0.23353293413173656","0.47245716285929296","0.2992599379803185","0.6314219721534536","0.506658380502214"
"0.46418569443308266","2","3","South Carolina, Dorchester","-80.405,33.0794","0.29348080572915036","0.0990990990990991","0.5819801868418131","0.3378","1.0","0.6761677914855059","0.6268511188279781","0.4191616766467066","0.46124754169706367","0.31811414224544093","0.288578885326686","0.6183365469398288"
"0.46413809715172477","10","7","Washington, Pacific","-123.7286,46.5542","0.42321111140002343","0.555555555555556","0.5100241532123789","0.5345","0.5","0.5051412015799757","0.4356472715628176","0.19161676646706588","0.7612552360903706","0.38063169717665457","0.41652364228980626","0.4611613794793057"
"0.46408640156539077","10","1","Pennsylvania, Centre","-77.822,40.9206","0.4109962109168666","0.255813953488372","0.6203402015972707","0.9701","0.75","0.5168765274771758","0.30180926961788895","0.3532934131736527","0.46689449529952165","0.2007375965046059","0.2121631135539875","0.5069357966138585"
"0.4639819873347078","10","2","Washington, King","-121.8346,47.4914","0.5046547195385751","0.14476164826286","0.7570142855563582","0.8666","0.675","0.5051412015799757","0.5310167840746925","0.2694610778443114","0.4496902805094778","0.09410375368131388","0.08477147972610534","0.4659167114674888"
"0.4639469396668479","5","6","Texas, Hansford","-101.3546,36.2774","0.6492858363843651","0.625","0.38831034938783476","0.199","0.32499999999999996","0.7194085185102618","0.35980386739806114","0.24550898203592814","0.526341402378779","0.23594546424914165","0.6757769490687077","0.37705324369194554"
"0.4638444428283526","2","3","Georgia, Union","-83.9897,34.83","0.4337040524903649","0.166666666666667","0.5407944558943798","0.3005","1.0","0.49930824224945697","0.2635513073380542","0.3592814371257485","0.795270263597675","0.30177017080827984","0.32641531759889575","0.48714175236534146"
"0.4638252913678411","2","3","Georgia, Towns","-83.7411,34.9137","0.3911476435477209","0.0952380952380952","0.5580469128137682","0.3639","1.0","0.49930824224945697","0.283168896173583","0.34131736526946105","0.8167017175941397","0.24795693516428957","0.42562455861875936","0.4726067154524139"
"0.4637644666990331","2","1","Wisconsin, Jackson","-90.8057,44.3186","0.3319329632864314","0.142857142857143","0.5185627260564236","0.7278","0.75","0.5349291819271391","0.6059920530163403","0.311377245508982","0.5817386943120182","0.2856488626271568","0.30970874621264466","0.5400746888651168"
"0.46370611831392783","6","9","Illinois, Ogle","-89.3218,42.0417","0.5751390683074067","0.27810650887574","0.5644914092045858","0.1936","0.825","0.42780561490378566","0.26939329443250815","0.5089820359281437","0.5755097168756041","0.3038797711236577","0.19700121754913044","0.7075249874005902"
"0.46369614058356196","6","9","Oklahoma, McClain","-97.4457,35.0112","0.4534913805640877","0.13953488372093","0.5341631140761313","0.0691","1.0","0.6933119590201189","0.5212031923004243","0.407185628742515","0.5117241638959221","0.3594942177325171","0.21263945103830792","0.5677682744358065"
"0.4636376579279731","5","6","Texas, Coke","-100.5298,31.8891","0.45226616488139443","1.0","0.4114929065556779","0.4072","0.5","0.7194085185102618","0.392253842965126","0.2694610778443114","0.7335379440869121","0.289993601212349","0.4414574207215405","0.0"
"0.4635346063139284","6","3","Oklahoma, Canadian","-97.9847,35.5426","0.35831736688031923","0.155172413793103","0.5712192013848023","0.3053","1.0","0.6933119590201189","0.6153982339328999","0.40119760479041916","0.44674408486908573","0.31945992041212723","0.17591156618384154","0.5845207684669219"
"0.4634286172385018","6","9","Kentucky, Bullitt","-85.6896,37.9716","0.5017726576057661","0.408602150537634","0.6107571826600783","0.064","1.0","0.6498233878958141","0.2798968762400495","0.562874251497006","0.5067215141840639","0.44411866426520463","0.21593311945582466","0.0"
"0.4633833218868774","2","7","Virginia, Charlotte","-78.6631,37.0191","0.3903647666318478","0.181818181818182","0.46765933851170316","0.3524","0.675","0.5881367906958894","0.5727873643227469","0.37724550898203596","0.6458942336050534","0.4628716489477186","0.5834756310321094","0.0"
"0.46331615519743713","6","9","Ohio, Warren","-84.1656,39.4258","0.4958128727856655","0.382899628252788","0.637793514594713","0.1331","1.0","0.672432174036711","0.32830842246553404","0.562874251497006","0.4752076683887773","0.26038633208026446","0.029336963171106897","0.522061235286587"
"0.46327871871560583","6","9","Tennessee, Montgomery","-87.3855,36.4961","0.4428056475617888","0.274509803921569","0.6404142222425252","0.3174","1.0","0.26145055415676854","0.6068475469582286","0.39520958083832336","0.3171794411774694","0.42449195996980643","0.32680118366170907","0.5138409481499687"
"0.4631544521492163","2","3","Wisconsin, Waushara","-89.2432,44.1132","0.35747283323224943","0.6","0.5165490557532317","0.4951","0.75","0.5349291819271391","0.3978255590838707","0.3532934131736527","0.6758588134982833","0.331093709072484","0.2605992357042135","0.560999201143411"
"0.4630880720457002","5","3","Minnesota, Aitkin","-93.4117,46.6096","0.3593182414003806","0.666666666666667","0.47490090863062256","0.4266","0.675","0.7794980274392814","0.36179132123275815","0.18562874251497005","0.7941074177005973","0.3667136409491847","0.23829566859894405","0.5088724733412193"
"0.4629307545011434","10","2","New York, Greene","-74.1238,42.2758","0.6242703748002473","0.327014218009479","0.539087531284121","0.7727","0.675","0.1452368843520714","0.4418976249007482","0.311377245508982","0.6371246099900815","0.2828569629469166","0.25717052627601344","0.0"
"0.46273724017430845","2","1","Florida, Okaloosa","-86.5927,30.6914","0.3250706216704739","0.107344632768362","0.6494441131411176","0.6313","1.0","0.36515492191213655","0.5368055975365301","0.4251497005988024","0.5215324091055006","0.3203883563517505","0.25839691665644277","0.4193892326324179"
"0.4626914406169432","6","9","Iowa, Clay","-95.151,43.0825","0.45696797965647223","0.555555555555556","0.6224753808227929","0.4358","1.0","0.5306255646958271","0.22624130307470522","0.311377245508982","0.6226493223021841","0.31308885068028613","0.1307547000024586","0.34086582741118826"
"0.4626137485296916","6","9","Illinois, Whiteside","-89.9156,41.7551","0.501465168744924","0.220338983050847","0.58253533892891","0.2439","1.0","0.42780561490378566","0.31943222849924163","0.49101796407185627","0.6170727822364962","0.31545033616919127","0.19397314997145976","0.4553040569049425"
"0.4625748991345035","1","10","Missouri, Mississippi","-89.2951,36.8252","0.0","0.0","0.527206439500244","0.8746","0.75","0.6713285985896172","0.5679525522545614","0.502994011976048","0.560557323866868","0.6440687873608092","0.6834785256331455","0.0"
"0.46245759142721454","6","9","Texas, Denton","-97.1169,33.2052","0.451876736896367","0.244230769230769","0.7114153541193317","0.3114","0.825","0.7194085185102618","0.5549663821799906","0.4730538922155689","0.3414940492053623","0.17513922859113537","0.14748040724493205","0.539109667834595"
"0.46214253483973733","2","3","Kentucky, Lyon","-88.0789,37.0208","0.35853122350974537","0.0714285714285714","0.5164155034684459","0.4906","1.0","0.6498233878958141","0.42133923734610434","0.4730538922155689","0.6976053368935816","0.3349312938701996","0.260970689318353","0.0"
"0.4620758030441958","5","6","Virginia, Augusta","-79.1246,38.164","0.506652881482489","0.451219512195122","0.5563059700821139","0.2869","0.75","0.5881367906958894","0.3605301678179829","0.3532934131736527","0.6151952376728468","0.35985343172829426","0.20626176083062214","0.4144576124945267"
"0.462019956657262","6","9","Virginia, Hanover","-77.4946,37.7583","0.5547631865664405","0.381395348837209","0.6257272035732354","0.0509","1.0","0.5881367906958894","0.502369358270871","0.3712574850299401","0.5494974081927578","0.2730987010238792","0.04278256665363894","0.387748607881712"
"0.4619517589404691","6","9","West Virginia, Jefferson","-77.8601,39.3078","0.4593645624674139","0.185567010309278","0.5830124354340378","0.2849","1.0","0.42782761630184035","0.4238054512395311","0.39520958083832336","0.5142005305328247","0.3601104436105803","0.2111542421468202","0.6659635506574635"
"0.4618326010540354","2","1","Minnesota, Carlton","-92.676,46.5918","0.40698704401482466","0.106060606060606","0.5397596165429599","0.6641","0.675","0.7794980274392814","0.5692823954262656","0.21556886227544908","0.5517358041566147","0.3210750532539356","0.13685540474697613","0.49906887253319004"
"0.46177116314063116","2","3","Kentucky, Boyle","-84.8634,37.6268","0.2902254217160185","0.111111111111111","0.5822040237188371","0.4155","1.0","0.6498233878958141","0.4308643028600549","0.44910179640718567","0.5837920978957992","0.4065728897129884","0.3067070812720403","0.3329096992991356"
"0.461749656216805","10","6","Minnesota, Otter Tail","-95.7084,46.4085","0.4614707917853184","0.527777777777778","0.5140505721404511","0.4753","0.75","0.7794980274392814","0.3736256122698917","0.2275449101796407","0.667774075480636","0.2432825712406407","0.09122062661208992","0.46401687799049396"
"0.46157867567329985","10","3","Iowa, Emmet","-94.6786,43.3778","0.3428972135107474","1.0","0.5995160551554418","0.5374","0.675","0.5306255646958271","0.41343994801497413","0.29940119760479045","0.6207997313712245","0.3492740484493933","0.16600113046887333","0.4420654727577126"
"0.4615367490402353","2","3","Oklahoma, Rogers","-95.6041,36.37","0.3049164634330768","0.0972222222222222","0.5539929514051664","0.2773","1.0","0.6933119590201189","0.6089032546950814","0.44910179640718567","0.526341402378779","0.3508095765578815","0.20835616818286032","0.5803799693241306"
"0.461536277614892","6","9","Connecticut, Middlesex","-72.5371,41.4595","0.6011964680339081","0.212694877505568","0.675280024454968","0.3483","1.0","0.35653512920289365","0.38045205348657407","0.33532934131736525","0.5998243249034969","0.15962450177169543","0.039374930889886355","0.530289110643435"
"0.4615297865530238","6","3","Tennessee, Knox","-83.9464,35.9951","0.3739722632331783","0.221122112211221","0.7129959497983217","0.5244","1.0","0.26145055415676854","0.45989526074187514","0.44910179640718567","0.5142005305328247","0.37066858139994385","0.2413313662965009","0.3791731567816388"
"0.46145086808769065","10","1","Texas, Live Oak","-98.1247,28.351","0.3132606265490703","0.166666666666667","0.5145284305665253","0.6784","0.675","0.7194085185102618","0.506122304801917","0.3712574850299401","0.6189409155096902","0.3132522674796804","0.504741029492109","0.0"
"0.46130364010423663","5","7","Oklahoma, Kiowa","-98.9772,34.9167","0.3492097492958865","0.166666666666667","0.4254297323303642","0.1786","0.675","0.6933119590201189","0.6771370366383244","0.311377245508982","0.6095051758860066","0.48655467925444734","0.5614145321809995","0.38321486782133146"
"0.46127697184917904","6","9","Michigan, Allegan","-85.891,42.5915","0.5215238220972536","0.379310344827586","0.6102405629602573","0.2506","0.825","0.41517557433580937","0.3519574443058774","0.47904191616766467","0.526341402378779","0.2952257010253583","0.14119524737999242","0.7554391438081473"
"0.4612730141654567","10","7","Oklahoma, Washita","-98.9918,35.2907","0.32292705386511666","1.0","0.41989420774228364","0.3531","0.675","0.6933119590201189","0.4801313452516769","0.311377245508982","0.5670390838965326","0.35932594607100193","0.33123828004502015","0.5363539497396035"
"0.46116685428727244","6","9","Virginia, Virginia Beach City","-76.0457,36.7329","0.44593458919056833","0.233766233766234","0.7443734600514123","0.2308","1.0","0.5881367906958894","0.5585381942668363","0.311377245508982","0.46408171358848016","0.23423828786088688","0.11784247823387188","0.5669558370500178"
"0.46111498473192825","6","9","Ohio, Darke","-84.6195,40.1341","0.5423702531359827","0.315315315315315","0.5323223248156057","0.0837","0.825","0.672432174036711","0.17346224807466912","0.5508982035928144","0.5978576089534523","0.3640986220205561","0.21180413458029676","0.4775574051547685"
"0.46104086475594513","2","3","Oklahoma, Stephens","-97.8514,34.4856","0.25093855439649915","0.0833333333333333","0.5305118834278141","0.2139","1.0","0.6933119590201189","0.5831836706677662","0.3652694610778443","0.595880459448231","0.4203415718202224","0.46681594249360314","0.44956561767159825"
"0.4609212028381682","5","6","Kansas, Meade","-100.3648,37.2386","0.6988981612266651","0.545454545454545","0.4657071056123838","0.0866","0.5","0.535277945802919","0.3680794457974827","0.24550898203592814","0.5734100391661536","0.4421353406514435","0.3395484495051383","0.3705501022234358"
"0.46091937930081006","5","6","South Dakota, Grant","-96.77,45.1724","0.6087822771711734","1.0","0.47711542783571403","0.0672","0.575","1.0","0.35291444359780993","0.14970059880239522","0.6207997313712245","0.1955738859354245","0.09613079042834162","0.41020334072256676"
"0.4608024705062","6","9","Pennsylvania, Monroe","-75.3403,41.0593","0.5065003581150679","0.0665064102564103","0.6216129851334621","0.1194","0.825","0.5168765274771758","0.5518477704122563","0.4131736526946108","0.542700408721451","0.32015533287756254","0.3075688003671178","0.4843826064559812"
"0.46078668287393043","6","9","New Jersey, Morris","-74.5455,40.861","0.6058966773722282","0.100798403193613","0.7318978771045276","0.2881","0.75","0.7118730106573777","0.3555391030972155","0.4191616766467066","0.542700408721451","0.12208652559358092","0.04969133742800286","0.4472854032957855"
"0.4607857862107248","2","3","Missouri, Newton","-94.3394,36.9052","0.2626103467008939","0.230769230769231","0.5816839334283557","0.4422","1.0","0.6713285985896172","0.4357781190515768","0.4191616766467066","0.5691748594129424","0.35549108494551135","0.35447550737572203","0.31723613209355533"
"0.46070375869449165","2","1","Indiana, Monroe","-86.5241,39.1613","0.3292685127061836","0.0972222222222222","0.6737255438187925","0.8921","0.825","0.4061590902707796","0.3631053359671794","0.44311377245508987","0.43472072581226856","0.24944564164187338","0.36703068797884303","0.4652275857194959"
"0.46061936053751773","10","3","California, Contra Costa","-121.929,37.9192","0.3871145496758882","0.166815343443354","0.7715544493254937","0.4795","0.75","0.5528135213810501","0.5594789321905729","0.5149700598802395","0.5117241638959221","0.13769884905996788","0.1716772129860765","0.5142615441765016"
"0.4604912134565721","6","9","Indiana, Warrick","-87.2716,38.0892","0.5528412142326146","0.317567567567568","0.5846419135054886","0.1605","1.0","0.4061590902707796","0.2784046516830136","0.5748502994011976","0.5517358041566147","0.3738363852200008","0.049298810149415916","0.47165278891063817"
"0.4604304768211402","10","1","West Virginia, Logan","-81.9353,37.83","0.2065070470410192","0.0714285714285714","0.5399859503871082","0.7217","0.825","0.42782761630184035","0.22725271328571406","0.407185628742515","0.5898852876912913","0.6896413305796325","0.5824605828612248","0.3849198941961863"
"0.4603672038766052","8","2","North Dakota, Cass","-97.2445,46.932","0.7006620153093888","0.482820976491863","0.6331796650038214","0.5323","0.825","0.08543591436610563","0.5603618100811191","0.2275449101796407","0.4061601502796258","0.25367027731275965","0.06783624696929821","0.3400710954915804"
"0.46034521217587043","10","1","Tennessee, Washington","-82.4945,36.2947","0.2958389212522904","0.136363636363636","0.6577149546937017","0.7268","1.0","0.26145055415676854","0.414302378938394","0.4131736526946108","0.5691748594129424","0.4013202587200704","0.3216077365055577","0.3619832715275828"
"0.460310378598023","2","3","Idaho, Canyon","-116.7095,43.6197","0.31105274920043435","0.0652173913043478","0.660381354704093","0.4082","1.0","0.48916979685071754","0.3539740366698948","0.4610778443113772","0.46408171358848016","0.29459503744182836","0.548383014093558","0.5275527323241559"
"0.4602550140977594","2","3","Tennessee, Cumberland","-84.9984,35.9527","0.4268296079977228","0.159090909090909","0.5385770109660539","0.3187","1.0","0.26145055415676854","0.2287738951925852","0.37724550898203596","0.7688100584458099","0.45186436170451266","0.4499186181101986","0.4224563882485313"
"0.4602159340326324","6","6","Wisconsin, Shawano","-88.7644,44.789","0.4754796124756819","0.483870967741935","0.5360788861174207","0.2238","0.75","0.5349291819271391","0.49781123151345713","0.33532934131736525","0.624489779413553","0.3695681244926867","0.13750384382428393","0.6251085434836522"
"0.46010487712385734","8","2","Louisiana, Plaquemines","-89.6032,29.4225","0.5281511570045183","0.0721649484536082","0.5960558764960012","0.6504","0.675","0.17214552458425092","0.6952093880026051","0.3532934131736527","0.4377631248108773","0.45114839136603907","0.36383487887669136","0.0"
"0.45995796323300214","2","1","Kansas, Douglas","-95.2925,38.885","0.27483858553291074","0.120689655172414","0.6517191846459752","0.6991","1.0","0.535277945802919","0.5851394838823794","0.407185628742515","0.4061601502796258","0.2257452491624587","0.2232084993237655","0.5369942143088092"
"0.4596734470225791","1","10","Oklahoma, Le Flore","-94.7039,34.8985","0.0","0.0","0.4943522105622033","0.6428","0.75","0.6933119590201189","0.6671770552756603","0.44910179640718567","0.5691748594129424","0.5388705481361572","0.6495049929445614","0.5832493320468195"
"0.45959014411123505","10","2","North Dakota, Grand Forks","-97.4545,47.9209","0.5462011473241711","0.158730158730159","0.5976727474139507","0.8816","0.825","0.08543591436610563","0.5946997084696285","0.23353293413173656","0.42544161229202965","0.2821681106357633","0.1840238369789764","0.3808679788534797"
"0.45953038267377816","2","3","Ohio, Hancock","-83.6684,41.0025","0.3256853158970271","0.155555555555556","0.6160427446106231","0.4674","1.0","0.672432174036711","0.31286207306677555","0.5209580838323353","0.540406913436432","0.3609190037192224","0.13063104361509753","0.46097335916936766"
"0.4594915270815829","6","7","Virginia, Caroline","-77.349,38.0268","0.4621082329621062","0.238095238095238","0.5332155485237199","0.3973","0.75","0.5881367906958894","0.6372227837724603","0.3532934131736527","0.5334405085950897","0.4354075185781494","0.24130932372794092","0.0"
"0.4594789970342502","6","9","Pennsylvania, Adams","-77.2161,39.8714","0.4919202397560053","0.237837837837838","0.6150606991804722","0.2789","0.825","0.5168765274771758","0.3119609192300432","0.4550898203592814","0.6037268925796017","0.31139799354349634","0.1757702272964269","0.6019697299053972"
"0.45932935348455123","5","6","Colorado, Kit Carson","-102.6022,39.305","0.544893226879045","0.192307692307692","0.455957929945758","0.4015","0.675","0.903104230085054","0.3266266281618648","0.18562874251497005","0.579673914473061","0.2632598372690498","0.2703098349459733","0.44433777561940035"
"0.4592777546687238","1","10","Missouri, Taney","-93.0408,36.6547","0.0","0.0","0.575690420805266","0.9526","1.0","0.6713285985896172","0.3904210894579381","0.407185628742515","0.6335581539925471","0.36406681576932387","0.5275320764789928","0.4371782990456945"
"0.4591047168001231","5","6","West Virginia, Grant","-79.1944,39.1031","0.49245046155424654","0.833333333333333","0.4807013543519383","0.2213","0.675","0.42782761630184035","0.17561958939740355","0.3053892215568862","0.6806267907799217","0.5162831918953549","0.4094116438778401","0.3977134625761411"
"0.4590369849577276","2","1","Washington, Grays Harbor","-123.7821,47.14","0.23687081109329944","0.2","0.57365479444714","0.8972","0.675","0.5051412015799757","0.5353876083521367","0.18562874251497005","0.624489779413553","0.3798847672887005","0.42189439889854985","0.4950079834866413"
"0.45899915371955685","1","10","Oklahoma, Latimer","-95.2522,34.8784","0.0","0.0","0.4603700883415461","0.8797","0.675","0.6933119590201189","0.6655889327932828","0.37724550898203596","0.6371246099900815","0.5087411733374417","0.6303027667904725","0.4202087644789623"
"0.4589301970901016","6","3","Kentucky, Jessamine","-84.5825,37.8712","0.401373076963247","0.2","0.6173097699804772","0.2703","1.0","0.6498233878958141","0.3789870138662695","0.4670658682634731","0.4965101409658336","0.4052100170169363","0.34798857322934895","0.0"
"0.45877876579283194","10","7","Georgia, Crawford","-83.9806,32.7139","0.3119161464347979","0.0526315789473684","0.45438798046744805","0.5431","0.575","0.49930824224945697","0.5986155094056629","0.502994011976048","0.5734100391661536","0.5601722328994997","0.6216404006854512","0.0"
"0.4587352807242978","2","3","Missouri, Barry","-93.8292,36.7098","0.19613140627275058","0.166666666666667","0.520615865397546","0.3384","1.0","0.6713285985896172","0.3066029189081109","0.407185628742515","0.6170727822364962","0.46931064597336203","0.5588235614710919","0.5423783174395483"
"0.4587111010484722","6","9","Indiana, Starke","-86.6469,41.2789","0.504257263761269","0.407407407407407","0.5345167579617065","0.0971","0.825","0.4061590902707796","0.20332603066271207","0.5568862275449102","0.5670390838965326","0.42467835577821933","0.42416187674788786","0.46134895427255784"
"0.45871079438898954","10","1","Georgia, Rabun","-83.403,34.8839","0.27788328710288407","0.0714285714285714","0.5467397587988483","0.462","1.0","0.49930824224945697","0.3221341196558434","0.34730538922155696","0.7294045360146626","0.39737678325144893","0.483881492853545","0.4306242086910233"
"0.45869783581570056","10","1","Oregon, Hood River","-121.6552,45.5187","0.41657834133370447","0.416666666666667","0.5569212058362009","0.9169","0.75","0.5704827129810713","0.2923644676747248","0.18562874251497005","0.5117241638959221","0.16530273181689173","0.25628046673564464","0.5566785391464728"
"0.45868794442157734","2","7","Virginia, Russell","-82.101,36.9303","0.34691453209211137","0.375","0.5552647547423288","0.2646","0.75","0.5881367906958894","0.21754013597070743","0.38323353293413176","0.6189409155096902","0.5188001389785573","0.5659720149002919","0.4326493826156805"
"0.45858352414564263","6","7","Louisiana, Beauregard","-93.3417,30.6484","0.4300038423391193","0.176470588235294","0.5315836580937625","0.3871","0.75","0.17214552458425092","0.6076224367038564","0.38323353293413176","0.5166605513962695","0.4721618845475537","0.49559699693014847","0.5058891333302283"
"0.4585362809956129","2","1","Florida, Lake","-81.7125,28.762","0.24774047057363457","0.064","0.65122171118707","0.5855","1.0","0.36515492191213655","0.5268750264220536","0.311377245508982","0.7209975974271429","0.33774237192805356","0.3560590600346311","0.4508488031820102"
"0.4584941329720684","6","3","Tennessee, Maury","-87.0746,35.6187","0.3982571922689342","0.278688524590164","0.5981547958508157","0.3792","1.0","0.26145055415676854","0.518596473789792","0.4191616766467066","0.5191044408593759","0.3876384907375132","0.2918767926996951","0.442012388885541"
"0.458372087531541","5","6","Iowa, Montgomery","-95.1564,41.0302","0.4845691722510912","0.8","0.5760606683192568","0.2916","0.675","0.5306255646958271","0.2368507667375109","0.32934131736526945","0.6317620454190964","0.3293888611371672","0.2917584652849529","0.4516809491149079"
"0.45835480390414707","6","3","Indiana, Clay","-87.1172,39.3956","0.4410274527575204","0.241379310344828","0.5836746610115316","0.2477","1.0","0.4061590902707796","0.2008451847277424","0.49101796407185627","0.5648909983668218","0.4724783407751232","0.2542435880650876","0.5703338688933596"
"0.4582153219951245","6","3","Missouri, Jefferson","-90.5387,38.2593","0.3997807289930129","0.133986928104575","0.6482246559418146","0.1547","1.0","0.6713285985896172","0.2652304568610006","0.4970059880239522","0.4886637078344629","0.3976512879822682","0.26302101153347124","0.5508410632752972"
"0.45815279835922407","2","1","Oregon, Lane","-122.8478,43.9373","0.19004434717362959","0.15625","0.6223083683795595","0.8956","0.825","0.5704827129810713","0.40217023695119714","0.4131736526946108","0.5858342498966352","0.24133304316249804","0.3561295478088173","0.5232845993636754"
"0.45810370306684745","8","2","Nebraska, Adams","-98.5012,40.5245","0.6316246206168821","0.195219123505976","0.5463563333613171","0.4565","0.825","0.25083837871869175","0.37944726353298125","0.29940119760479045","0.5627304600978258","0.33583106589036793","0.21179117548779178","0.36345860069326946"
"0.45805583633550706","10","7","Florida, Gilchrist","-82.7988,29.7286","0.34436998429215954","0.285714285714286","0.5166256859868256","0.5314","0.825","0.36515492191213655","0.477461100036019","0.311377245508982","0.6189409155096902","0.47789410477153166","0.5980618768811122","0.0"
"0.4580460423580765","8","6","Iowa, Louisa","-91.261,41.2184","0.6871377376676371","0.0947712418300654","0.5659757737450267","0.3438","0.575","0.5306255646958271","0.2722143092167458","0.44910179640718567","0.5670390838965326","0.35420023967498526","0.3023887967555277","0.0"
"0.4578729028837064","10","3","Wisconsin, Dunn","-91.8962,44.9456","0.4206399787076028","0.5","0.5802140573771779","0.6536","0.75","0.5349291819271391","0.27201578563408074","0.2874251497005988","0.5117241638959221","0.34937163419030454","0.16374758061615277","0.6375675718718958"
"0.45785036494491504","10","2","New York, Albany","-73.9772,42.6006","0.592905956800246","0.212468193384224","0.7767778967261484","0.7297","0.575","0.1452368843520714","0.47960578743933446","0.3652694610778443","0.5380992168517501","0.2301755186392572","0.10635139657233214","0.37682882291994513"
"0.4577780827642712","5","6","Colorado, Phillips","-102.3578,40.5941","0.6005043233085398","0.5","0.4699072223722545","0.3499","0.5","0.903104230085054","0.3135314792796599","0.17365269461077848","0.5878652729484978","0.2989458614800504","0.22949317473664888","0.2891305815381924"
"0.4576669128014884","8","2","New York, Madison","-75.6727,42.9165","0.630550015798055","0.422480620155039","0.6082193729112864","0.531","0.75","0.1452368843520714","0.3752171916291226","0.29940119760479045","0.558371441896005","0.2624094101077423","0.15658241359101177","0.49356629670783636"
"0.4576097075349366","2","3","Arkansas, Saline","-92.6758,34.6492","0.34990755309385224","0.172839506172839","0.6038353276545086","0.3257","1.0","0.5574725952297617","0.5045714488467281","0.4550898203592814","0.5627304600978258","0.339823537666763","0.14702562787711534","0.5253677812673477"
"0.45751187833420215","10","6","Iowa, O'Brien","-95.6247,43.0831","0.5589507960082913","0.523809523809524","0.5877973689999906","0.5355","0.675","0.5306255646958271","0.2554789409415854","0.32934131736526945","0.6299572389493907","0.2376441770041538","0.07516152539903409","0.40622118779357075"
"0.45720133845732847","6","9","Indiana, Harrison","-86.1095,38.1947","0.5587138943546762","0.191616766467066","0.5191285967067475","0.1356","0.825","0.4061590902707796","0.20603454539199204","0.5568862275449102","0.5561726637917245","0.4248015279939279","0.280764794772181","0.6237523302482366"
"0.4570293461746859","10","7","Illinois, Johnson","-88.8817,37.4594","0.42967008970197773","0.428571428571429","0.49574741582841647","0.5762","0.75","0.42780561490378566","0.44395520393631027","0.49101796407185627","0.626321192473144","0.2407398972075958","0.3726186002218064","0.0"
"0.4569319588203453","6","3","Oklahoma, Kingfisher","-97.9419,35.9453","0.3599054349920408","0.2","0.500994013373531","0.128","1.0","0.6933119590201189","0.5094209143037113","0.3592814371257485","0.5166605513962695","0.42891596053646186","0.3211993434221282","0.5082034371924906"
"0.45684169062701574","2","1","Tennessee, Weakley","-88.7199,36.299","0.20385652173570176","0.0416666666666667","0.5245873370243168","0.6956","1.0","0.26145055415676854","0.46747126081837803","0.4550898203592814","0.5734100391661536","0.46075688120117025","0.5269546096279275","0.42945198562222664"
"0.45678888129985384","6","9","Pennsylvania, Carbon","-75.7069,40.9155","0.4939216810050892","0.133333333333333","0.5913912440129986","0.2216","0.825","0.5168765274771758","0.3108623759376252","0.43113772455089816","0.6207997313712245","0.3701696138444087","0.29255405667435047","0.4559977464002046"
"0.45677334397356617","8","2","New York, Nassau","-73.5894,40.7407","0.6504793818305289","0.0644070401967566","0.8507373507408189","0.5546","0.575","0.1452368843520714","0.5274376437426097","0.4191616766467066","0.560557323866868","0.14213623734898403","0.06708619407318933","0.4186230284472549"
"0.4566665763134146","2","3","Kansas, Saline","-97.6519,38.7837","0.34509802548859836","0.222222222222222","0.5941480729807423","0.4947","1.0","0.535277945802919","0.4401778526201871","0.32934131736526945","0.5494974081927578","0.3600009311161914","0.22867990084719764","0.4053052003196233"
"0.4565005230114743","6","7","Mississippi, Webster","-89.2839,33.613","0.45577103514050427","0.136363636363636","0.4843120926148319","0.1108","0.75","0.5163989158141343","0.523207769244162","0.407185628742515","0.5691748594129424","0.4060773364318037","0.5328195073340591","0.39734204403180334"
"0.4560681929126774","6","9","Illinois, Kendall","-88.4287,41.5908","0.6572420000013913","0.464088397790055","0.6464548873698709","0.0478","1.0","0.42780561490378566","0.48198616954583184","0.562874251497006","0.3453966168814669","0.21918203216347293","0.09420364014852817","0.0"
"0.45589498334876627","6","9","Maryland, Calvert","-76.5682,38.5396","0.5645437855904768","0.324894514767932","0.621159778691749","0.0146","1.0","0.4167867362521145","0.519505174406053","0.37724550898203596","0.48601108590571473","0.3049129387881672","0.09052616458943717","0.5882663657682963"
"0.4558892897086166","10","6","Minnesota, Meeker","-94.5284,45.1233","0.5566155250640343","0.5625","0.538909166869993","0.4355","0.675","0.7794980274392814","0.1988405058119853","0.2095808383233533","0.5978576089534523","0.2759174537033376","0.05790086197343241","0.5136456912455721"
"0.4558448463336663","8","9","Nebraska, York","-97.5971,40.8727","0.6066213851991535","0.586206896551724","0.4981553237410617","0.3604","0.825","0.25083837871869175","0.3828299177106538","0.3173652694610779","0.6056629582719985","0.3273393484234132","0.10107644035771456","0.439472062424941"
"0.45582986311312507","5","7","Alabama, Coosa","-86.2485,32.9369","0.44597283963983286","0.0909090909090909","0.460369687452182","0.2913","0.575","0.40374195381018385","0.6268112722785292","0.47904191616766467","0.6510586369018438","0.593715841503108","0.4564473362464243","0.0"
"0.4557746382025458","2","7","Texas, Montague","-97.725,33.6752","0.38060487247782065","0.333333333333333","0.49634574934198566","0.3292","0.675","0.7194085185102618","0.33127234604621236","0.3652694610778443","0.6510586369018438","0.3514280882171688","0.4696258855329415","0.38079088808469275"
"0.4557123386477399","5","6","Texas, Callahan","-99.3733,32.2976","0.49211877759187134","0.75","0.5115038592042583","0.1035","0.675","0.7194085185102618","0.36931439303133967","0.29341317365269465","0.6189409155096902","0.377099299639338","0.422927129569488","0.0"
"0.4556632236607828","6","6","Iowa, Osceola","-95.6242,43.3782","0.6893067371000812","0.615384615384615","0.44880946473345","0.1926","0.675","0.5306255646958271","0.23471406645443196","0.3053892215568862","0.6281436499318728","0.29367072100589625","0.16115806326241403","0.3894407873529913"
"0.4555868036916885","2","1","Pennsylvania, McKean","-78.5648,41.8094","0.3319012414963557","0.4","0.5349201742255434","0.703","0.675","0.5168765274771758","0.3319411176202228","0.37724550898203596","0.5898852876912913","0.39573281831053564","0.3330519474306541","0.4148571213355167"
"0.45554788486646347","6","3","Ohio, Lake","-81.2368,41.6971","0.416145501755309","0.223744292237443","0.6768714542922237","0.1528","1.0","0.672432174036711","0.34669328511853087","0.47904191616766467","0.5978576089534523","0.27354557455166567","0.09483197446550103","0.49607734547609983"
"0.4553934915493068","10","7","Kentucky, Monroe","-85.716,36.7123","0.32698222885412653","0.166666666666667","0.1949754096468256","0.5979","0.75","0.6498233878958141","0.25153550218438053","0.43113772455089816","0.5878652729484978","0.5772193051091437","0.5625859372530431","0.3771743986181678"
"0.4553916969177684","6","9","Louisiana, St. Charles","-90.3556,29.9071","0.542186561597755","0.0587275693311582","0.6067462868247977","0.2436","1.0","0.17214552458425092","0.5816834035907682","0.3592814371257485","0.4437744133187831","0.38602731639889876","0.23871883747008962","0.551177606997605"
"0.45534611110930157","5","7","Texas, Coleman","-99.4524,31.7674","0.35340853918731535","0.5","0.4676810343777036","0.1063","0.675","0.7194085185102618","0.48884031109405973","0.2874251497005988","0.6868906660868291","0.37454590709224944","0.5542952669881894","0.39583637409617906"
"0.45521757755601117","10","1","West Virginia, Harrison","-80.3792,39.2854","0.3019078534364276","0.142857142857143","0.601923970773734","0.5425","1.0","0.42782761630184035","0.2675612644779924","0.39520958083832336","0.5918944128138512","0.5029580472559054","0.34210066405054484","0.3840919158366153"
"0.4551813880067199","6","9","Alabama, Shelby","-86.6623,33.2688","0.4679732566056169","0.185929648241206","0.6273675762855759","0.1764","1.0","0.40374195381018385","0.5070940498336849","0.5389221556886228","0.4939129750014257","0.313473726613206","0.09320433666947206","0.5455052210943652"
"0.45516995979113034","6","9","New Jersey, Somerset","-74.6168,40.5647","0.6494296425219354","0.144112060778727","0.7243864741490085","0.1777","0.575","0.7118730106573777","0.46929739045064894","0.4131736526946108","0.5067215141840639","0.11840338722754502","0.05297677016056316","0.48892432234222044"
"0.4549752151739107","10","6","Wisconsin, Marinette","-88.0332,45.3855","0.4609494425591622","0.565217391304348","0.5326590263600092","0.4202","0.75","0.5349291819271391","0.2784397775514364","0.3053892215568862","0.6644904259777605","0.276293341949695","0.22644027899109467","0.5267332666195667"
"0.4549491972769951","6","3","Missouri, Platte","-94.7707,39.3815","0.4008069776173592","0.365384615384615","0.6607404399457016","0.1254","1.0","0.6713285985896172","0.48447167353707493","0.43113772455089816","0.4833394486037307","0.3065539649628673","0.05314451168504415","0.572077704703599"
"0.45493444956712026","6","9","Virginia, Fauquier","-77.8065,38.7356","0.6012259913418948","0.393364928909953","0.6021302577003687","0.0092","0.825","0.5881367906958894","0.4764680434924151","0.3652694610778443","0.5310891329236117","0.24453466313864153","0.08229072185899756","0.5256282117830436"
"0.4548624548884271","2","1","Wisconsin, Juneau","-90.1112,43.9246","0.3474461544542236","0.142857142857143","0.5347323031117184","0.6441","0.75","0.5349291819271391","0.4734984702012427","0.34131736526946105","0.6151952376728468","0.3194312705942352","0.2753144669131962","0.5144368657027377"
"0.4547991543971835","10","1","Ohio, Meigs","-82.0305,39.0922","0.2438032349994373","0.333333333333333","0.4523773638523585","0.6772","0.75","0.672432174036711","0.22827651196284524","0.44910179640718567","0.5998243249034969","0.5532392898566915","0.5263632147802447","0.0"
"0.4547000637641387","10","1","California, Napa","-122.3328,38.5074","0.373563922984168","0.222222222222222","0.6628386887215519","0.8249","0.575","0.5528135213810501","0.4434757369707861","0.4550898203592814","0.579673914473061","0.1345915540229442","0.18686163601154984","0.4469700130799563"
"0.45469232131181675","2","1","North Carolina, Watauga","-81.7003,36.231","0.1480516894081223","0.111111111111111","0.6423482534180724","0.822","1.0","0.751491911899152","0.320360365635054","0.3173652694610779","0.5166605513962695","0.16257990011732412","0.48833070053826255","0.4736645697132717"
"0.4546759237931512","1","10","Oklahoma, Atoka","-96.038,34.3737","0.0","0.0","0.4874392518503585","0.6705","0.75","0.6933119590201189","0.7307252817679869","0.38922155688622756","0.5938927650957907","0.4938522242568751","0.6286459407580537","0.4917201355579565"
"0.45461567763687355","2","1","Tennessee, Sullivan","-82.3041,36.5124","0.26102470676241535","0.140350877192982","0.6554730914989657","0.6049","1.0","0.26145055415676854","0.334839762412006","0.43113772455089816","0.6388951207196634","0.46564314188699113","0.40465577804150815","0.325927183383177"
"0.4544908845458266","6","9","Indiana, Wells","-85.2213,40.7293","0.4715364256830028","0.625","0.5495533146235794","0.1754","1.0","0.4061590902707796","0.2022631053362983","0.562874251497006","0.5734100391661536","0.35279412545899236","0.14852815592961446","0.43762582066579997"
"0.45440355539647787","2","3","Illinois, Logan","-89.3664,40.1258","0.338441811325888","0.3","0.5469446300703563","0.4228","0.825","0.42780561490378566","0.4563337678872336","0.5089820359281437","0.5734100391661536","0.41369653456201405","0.21762591605342105","0.5826827511402908"
"0.4543134909752373","8","2","Washington, Douglas","-119.6929,47.7361","0.5840541927964418","0.344","0.5560347853771815","0.5845","0.675","0.5051412015799757","0.35247039610178527","0.2694610778443114","0.5494974081927578","0.22434581029052714","0.33033247581282277","0.0"
"0.45430539300756706","6","9","Indiana, Dearborn","-84.9733,39.1465","0.5550427105432534","0.24203821656051","0.6082628349036129","0.1226","1.0","0.4061590902707796","0.17632949330704908","0.5269461077844312","0.5472454870957077","0.3631140682602849","0.17259694521489144","0.49387500223888436"
"0.4542470026177765","1","10","Oklahoma, Hughes","-96.2492,35.0491","0.0","0.0","0.44441801919489093","0.5514","0.675","0.6933119590201189","0.7999713056951805","0.38323353293413176","0.5918944128138512","0.5799688419807179","0.7153134447193575","0.48715203272791574"
"0.45416175225029165","2","1","California, Santa Cruz","-122.0067,37.0558","0.315435050648234","0.146496815286624","0.7045887159516678","0.9035","0.825","0.5528135213810501","0.40978525491565704","0.2694610778443114","0.5117241638959221","0.10002110152534388","0.27255672358292027","0.5314706195357516"
"0.45390590758738325","6","3","North Carolina, Dare","-75.7177,35.6652","0.3685651150953555","0.277777777777778","0.5975069860139158","0.1885","1.0","0.751491911899152","0.3825895502433977","0.311377245508982","0.6207997313712245","0.24131172656726274","0.20349771962361465","0.6328945939749261"
"0.4539016032673437","10","3","Minnesota, Goodhue","-92.7234,44.4085","0.42795070776149263","0.34375","0.5792221406417856","0.432","0.75","0.7794980274392814","0.41710077581911287","0.311377245508982","0.5918944128138512","0.2504333836481116","0.07401652296405693","0.49295152520576596"
"0.45383322172702983","10","2","Nebraska, Johnson","-96.2652,40.3926","0.481737890896428","0.333333333333333","0.43170946691217155","0.8287","0.5","0.25083837871869175","0.5672528307157347","0.3532934131736527","0.5837920978957992","0.345083099956503","0.23627501907227186","0.40991914247062267"
"0.4538308769536666","2","1","Washington, Lewis","-122.3926,46.5776","0.28413470967869714","0.147058823529412","0.5641868472973997","0.8255","0.75","0.5051412015799757","0.3926354529664814","0.2275449101796407","0.626321192473144","0.3337914472712026","0.40938960130928015","0.5090182457645177"
"0.4537959288891494","2","3","Ohio, Logan","-83.7678,40.39","0.32087861006889357","0.173913043478261","0.5678177696477018","0.3346","1.0","0.672432174036711","0.30718847415105444","0.5209580838323353","0.558371441896005","0.3674607225136771","0.2295124317058853","0.44990993283926606"
"0.45378936542849074","2","7","West Virginia, Greenbrier","-80.4534,37.9464","0.3184627757779609","0.375","0.5212194037818575","0.5021","0.75","0.42782761630184035","0.3666833805382613","0.34131736526946105","0.6578350382684304","0.4751075482906833","0.44167990532837914","0.4098797412646371"
"0.4537054837518703","2","1","Missouri, Webster","-92.8763,37.2814","0.18681854420408583","0.0625","0.5473153493831291","0.8335","1.0","0.6713285985896172","0.3352780589065399","0.39520958083832336","0.5166605513962695","0.38113096078130526","0.4925990864929802","0.0"
"0.4537031292487496","5","6","Kansas, Haskell","-100.8711,37.562","0.6717104023726842","0.5625","0.45114834886964095","0.2467","0.5","0.535277945802919","0.2858454638311424","0.2634730538922156","0.48601108590571473","0.2618555586665257","0.47086051159832726","0.4191822822223466"
"0.45369817985999156","5","6","Oklahoma, Major","-98.5347,36.3115","0.4825423381010835","0.5","0.4306897706167054","0.1783","0.675","0.6933119590201189","0.4199727870864828","0.3173652694610779","0.6151952376728468","0.42812211724802546","0.24766545581912305","0.4184976121456113"
"0.4535943289751366","2","1","West Virginia, Raleigh","-81.2456,37.7694","0.11739451654186946","0.1","0.5640356126095196","0.7074","1.0","0.42782761630184035","0.42716892904582365","0.3712574850299401","0.6114115319998742","0.5824614796703392","0.4667551437605421","0.3362500448333093"
"0.4535683522167073","6","6","West Virginia, Hardy","-78.8586,39.0068","0.6127870464819075","0.72","0.48398619863613607","0.07","0.75","0.42782761630184035","0.3427722897438132","0.311377245508982","0.6424111072462477","0.4839949133486917","0.2652674157183619","0.0"
"0.4534577227127709","5","6","North Carolina, Gates","-76.6975,36.4467","0.4929452219711524","0.357142857142857","0.43819863129380787","0.1372","0.5","0.751491911899152","0.6240402957254967","0.34730538922155696","0.6017807168377609","0.5008261482392213","0.35644395719333194","0.0"
"0.4534571127512942","8","2","Massachusetts, Middlesex","-71.3905,42.4861","0.677485216607803","0.203092728909601","0.7420175943865811","0.8195","0.575","0.13189104157094694","0.38421492540568253","0.32934131736526945","0.504194780386106","0.10757480891524353","0.029831588720551222","0.4987768933329762"
"0.4530069463325881","6","9","Wisconsin, Calumet","-88.2178,44.0816","0.5593134521097248","0.714285714285714","0.6102646254519115","0.0388","1.0","0.5349291819271391","0.26216443408727735","0.40119760479041916","0.4833394486037307","0.23289723541642615","0.01826808147660018","0.6505994599733548"
"0.4529796411181713","6","9","Indiana, Hancock","-85.7757,39.823","0.5540531384621339","0.202090592334495","0.6150771106353166","0.0271","1.0","0.4061590902707796","0.3407711448717046","0.532934131736527","0.526341402378779","0.37344193247783325","0.06475161961405884","0.5789818793391222"
"0.45297625347198367","10","7","Michigan, Gladwin","-84.3877,43.989","0.35278277667438324","0.176470588235294","0.4918648325297291","0.4788","0.75","0.41517557433580937","0.2472431196257041","0.3233532934131737","0.7152857337854508","0.507803307538973","0.4793135944150429","0.566342953904617"
"0.45292194204878783","6","9","Iowa, Dallas","-94.0413,41.6856","0.6976409249997396","0.333764553686934","0.7035873104582322","0.1595","0.675","0.5306255646958271","0.3308995911109328","0.3712574850299401","0.41269877075759065","0.1948540398061454","0.01063081592263107","0.7229722169714664"
"0.4528672960964431","6","6","Pennsylvania, Montgomery","-75.3665,40.2105","0.6334173918378413","0.225978954631706","0.7348068942201011","0.404","0.5","0.5168765274771758","0.4280973783525772","0.3712574850299401","0.558371441896005","0.18989297002773964","0.03956519943498357","0.44288069571312"
"0.45261177161145794","10","7","Tennessee, Grundy","-85.7214,35.3843","0.3782923561927048","0.0666666666666667","0.5003458400386647","0.5708","0.75","0.26145055415676854","0.2611591385746886","0.39520958083832336","0.626321192473144","0.626184214739367","0.6871124005071729","0.0"
"0.45258871332931055","6","9","Maryland, Carroll","-77.0237,39.5645","0.5734163734936495","0.241706161137441","0.6412177948230335","0.1831","1.0","0.4167867362521145","0.35297279124313297","0.44910179640718567","0.5357771420024626","0.27012738388647595","0.026264810456316297","0.45523289448563237"
"0.45247910294428473","6","9","Ohio, Auglaize","-84.2242,40.56","0.49409276956131054","0.37037037037037","0.5321995537210527","0.084","1.0","0.672432174036711","0.16209614802244082","0.562874251497006","0.5670390838965326","0.3689128624107834","0.07259356616179899","0.42684807593754687"
"0.45233722681135907","10","3","Colorado, Larimer","-105.4626,40.6667","0.449084960066353","0.208247422680412","0.6071164424516027","0.355","1.0","0.903104230085054","0.35464896292323017","0.21556886227544908","0.504194780386106","0.10992254284152932","0.12579560652852437","0.5040555922888081"
"0.45232661399942126","2","3","Oklahoma, Logan","-97.4435,35.919","0.2413040249139993","0.111111111111111","0.5131993088669645","0.3789","0.825","0.6933119590201189","0.6719112279551226","0.38323353293413176","0.504194780386106","0.4078926621273024","0.29595587901342796","0.6433354136980763"
"0.45220397166120574","1","10","Kentucky, Carroll","-85.126,38.666","0.0","0.0","0.5332846966102249","0.8621","1.0","0.6498233878958141","0.32635795509406584","0.48502994011976047","0.5117241638959221","0.4589678410205726","0.5950530662726781","0.4604171897120691"
"0.45219743730131684","10","2","New York, Clinton","-73.6788,44.7453","0.4730056915892855","0.318681318681319","0.6032166888860686","0.9061","0.675","0.1452368843520714","0.40134817676672935","0.22155688622754494","0.5334405085950897","0.33960868567044","0.2837617363052368","0.4026870222988121"
"0.45204767923633826","5","7","Minnesota, Koochiching","-93.7835,48.2454","0.38590456359615966","0.666666666666667","0.45963978602085664","0.5135","0.575","0.7794980274392814","0.4062623930328046","0.18562874251497005","0.6758588134982833","0.2971395904896719","0.26219574745562757","0.3955562953580011"
"0.451673338117072","2","1","Oregon, Klamath","-121.6496,42.6876","0.20253118738372142","0.0487804878048781","0.5017121158484507","0.8561","0.675","0.5704827129810713","0.4797995263657941","0.281437125748503","0.6226493223021841","0.36694456037345374","0.5015874888318662","0.5189713233006689"
"0.45162645222271436","2","3","Florida, Hernando","-82.427,28.5536","0.3084018906921992","0.14018691588785","0.628191910299661","0.213","1.0","0.36515492191213655","0.440671742541678","0.3173652694610779","0.7376260122167034","0.4173705868299842","0.4751836406354025","0.4193367684257262"
"0.4515822259897221","2","3","Alabama, Blount","-86.5679,33.9821","0.3187183278042237","0.111111111111111","0.5373404066847484","0.1741","1.0","0.40374195381018385","0.35014087640672614","0.5209580838323353","0.5755097168756041","0.47931187519043555","0.4462276990065463","0.6101916759976616"
"0.4515102480139403","2","3","Kentucky, Marshall","-88.328,36.8801","0.28637009218246345","0.0571428571428571","0.5610760334264661","0.4263","1.0","0.6498233878958141","0.1552077966628942","0.48502994011976047","0.6441567395133083","0.4300963189574849","0.2516971869443562","0.5919880752531625"
"0.4514603087023405","10","1","West Virginia, Taylor","-80.0421,39.336","0.2779153907319399","0.125","0.4805218227375192","0.5855","1.0","0.42782761630184035","0.2504501224660579","0.38323353293413176","0.6037268925796017","0.46229759500682654","0.43435559580275585","0.5161044082413457"
"0.4514073068560108","1","10","Georgia, Chattooga","-85.3454,34.472","0.0","0.0","0.5615658165791473","0.9669","1.0","0.49930824224945697","0.49209510421890384","0.4730538922155689","0.5561726637917245","0.4224988771287856","0.6709967395165484","0.0"
"0.45139598166002753","2","3","Arkansas, Benton","-94.2568,36.3364","0.37045497080747075","0.263888888888889","0.6363369949641813","0.3136","1.0","0.5574725952297617","0.4685057417149416","0.44311377245508987","0.46124754169706367","0.2694307240753515","0.17642871875390215","0.516463620793862"
"0.4513847576781151","6","6","Michigan, Huron","-83.0408,43.8335","0.5357861947894657","0.48780487804878","0.5447355718583959","0.2897","0.675","0.41517557433580937","0.2127801832856248","0.3592814371257485","0.6915204375207985","0.3712770399743519","0.2811578065028242","0.43662698874966344"
"0.45137126599960714","2","1","Indiana, Adams","-84.9367,40.7458","0.196888395525362","0.111111111111111","0.585202002950311","0.8134","0.825","0.4061590902707796","0.187632467089537","0.5688622754491018","0.5092312328105775","0.37368257190763476","0.5417382696898574","0.5669127409166598"
"0.45130462995745607","6","3","Florida, Santa Rosa","-87.0246,30.6934","0.3704539857338265","0.137362637362637","0.604542029747655","0.4225","1.0","0.36515492191213655","0.5124307741043851","0.4251497005988024","0.5215324091055006","0.3397702931912611","0.22018951522214975","0.47044389514085316"
"0.451153737666268","2","1","Pennsylvania, Crawford","-80.1076,41.6845","0.17773448420405166","0.0952380952380952","0.528304998602155","0.7412","1.0","0.5168765274771758","0.27987014024082596","0.4730538922155689","0.6075890184122873","0.44208612298818706","0.35158599308614247","0.41379953935366137"
"0.4511278665154665","2","3","Georgia, Fannin","-84.317,34.8643","0.4054491836596469","0.138888888888889","0.5500923951453649","0.1019","1.0","0.49930824224945697","0.2500825940650358","0.38323353293413176","0.743007936898218","0.34875028950921083","0.4377348911212171","0.48384209185426946"
"0.4511122450846641","2","1","California, Tehama","-122.237,40.1257","0.13362841206379514","0.5","0.5263715302041144","0.8456","0.675","0.5528135213810501","0.43859410563476026","0.34131736526946105","0.5978576089534523","0.2813815772193524","0.5242328368628291","0.543326975747589"
"0.45108966558065966","6","9","Iowa, Washington","-91.7173,41.3358","0.5969700656104979","0.147058823529412","0.6142703616513648","0.1907","0.675","0.5306255646958271","0.256713355513551","0.43712574850299407","0.5918944128138512","0.33125506003270083","0.17022785354675227","0.549707774420506"
"0.45096282704397866","5","6","Oklahoma, Beaver","-100.4759,36.7497","0.6521783577469379","0.434782608695652","0.3594746029649837","0.2184","0.32499999999999996","0.6933119590201189","0.39669334710231224","0.23952095808383234","0.5978576089534523","0.35151227210573355","0.4180304092977977","0.3787939636126633"
"0.45093596994962254","2","1","New Mexico, Luna","-107.7509,32.1818","0.23985973873156508","0.142857142857143","0.4868309059995322","0.9768","0.675","0.2328984071594001","0.42744246804819824","0.23353293413173656","0.6299572389493907","0.39042211424355566","0.6330055248123627","0.5594642255372405"
"0.45089373604866845","6","3","Missouri, Clay","-94.4185,39.3113","0.3842280690832339","0.342105263157895","0.6951957083760775","0.1442","1.0","0.6713285985896172","0.49142521594960087","0.4191616766467066","0.47245716285929296","0.30170219019478756","0.10283681801715953","0.41248305137616187"
"0.45084613175621835","1","10","Florida, Franklin","-84.8273,29.8379","0.0","0.0","0.5006968523044365","0.8781","1.0","0.36515492191213655","0.5886492933558665","0.3652694610778443","0.6441567395133083","0.4111069558795011","0.6467457962581166","0.47139325330303844"
"0.45083629123585367","5","7","Kentucky, Metcalfe","-85.6312,36.9946","0.40922169988686874","0.666666666666667","0.4317104427086778","0.3133","0.575","0.6498233878958141","0.28171460230042084","0.44910179640718567","0.5775976316230177","0.47156062287216266","0.5292575735903868","0.0"
"0.4508249706873017","10","7","Tennessee, Perry","-87.8614,35.6371","0.35779016068688685","0.0769230769230769","0.4739988003982603","0.6434","0.575","0.26145055415676854","0.41752360277275125","0.38922155688622756","0.626321192473144","0.5095366515733376","0.6397272970930091","0.3323910761180355"
"0.45079935000116206","6","9","Louisiana, St. Tammany","-89.9564,30.4094","0.5599249845919734","0.135471204188482","0.6328590776269196","0.1818","1.0","0.17214552458425092","0.5342742697232646","0.37724550898203596","0.5334405085950897","0.3212406946724746","0.2207291948128265","0.3874180648869776"
"0.45070775124847223","2","7","Texas, San Jacinto","-95.1626,30.5793","0.2953110363693073","0.166666666666667","0.5083442320700393","0.269","0.675","0.7194085185102618","0.5622862492630537","0.4191616766467066","0.6544622387094758","0.37957442881029935","0.624998622339465","0.0"
"0.45037732804722225","10","3","Wisconsin, Sheboygan","-87.9458,43.721","0.3763858696014585","0.25","0.6252583425762043","0.5476","1.0","0.5349291819271391","0.3677627716425078","0.407185628742515","0.558371441896005","0.23700195529090617","0.07513899837841785","0.42100721226587223"
"0.4503604597101193","5","6","Iowa, Tama","-92.5327,42.0799","0.7465879107837818","0.214689265536723","0.5770796864629151","0.1964","0.25","0.5306255646958271","0.534613778609899","0.38922155688622756","0.6037268925796017","0.36864682715133285","0.20537703026287218","0.0"
"0.4503133395913435","5","6","Wisconsin, Door","-87.3,44.9586","0.5433504124956394","0.575757575757576","0.5458603816665749","0.1302","0.825","0.5349291819271391","0.2899106591617872","0.3173652694610779","0.7443413616038496","0.2601664886166396","0.0464174104317788","0.5769423458101207"
"0.4501439263873944","10","2","New York, Chenango","-75.6089,42.4943","0.46591127038296837","0.139130434782609","0.5867944390813556","0.7571","0.75","0.1452368843520714","0.2614064930633779","0.311377245508982","0.613308186513927","0.399301308258393","0.2978586855774142","0.5401448882763675"
"0.4501436577964221","6","9","South Dakota, Lincoln","-96.7204,43.2784","0.5524101551997046","0.22","0.5266045048346278","0.0646","0.825","1.0","0.3609675733435101","0.3173652694610779","0.4159255598121659","0.21092190305022973","0.028629542055949128","0.7715119637969077"
"0.44997730816848824","5","6","Colorado, Baca","-102.5603,37.3194","0.5206249566925889","0.166666666666667","0.4134571220879866","0.3941","0.5","0.903104230085054","0.3905878551176992","0.155688622754491","0.7152857337854508","0.3067911295393737","0.3692401526944436","0.18313156195359856"
"0.4499419282200849","2","3","Iowa, Union","-94.2423,41.0277","0.3115563312546129","0.5","0.6116336341125881","0.377","0.825","0.5306255646958271","0.29139367519816617","0.3532934131736527","0.613308186513927","0.4660632468157167","0.2881782434761567","0.4777746212569891"
"0.4499278665122283","6","9","Nebraska, Sarpy","-96.1116,41.1131","0.5892805271015349","0.586102719033233","0.6555597220292663","0.1439","1.0","0.25083837871869175","0.4538217723463781","0.38922155688622756","0.39613196301134124","0.23998991195561128","0.043141061175273436","0.5704825760192215"
"0.4498728768463351","2","1","Missouri, Cole","-92.2786,38.5046","0.23270993309236135","0.0545454545454545","0.6415752169281247","0.5145","1.0","0.6713285985896172","0.5006116123549744","0.4191616766467066","0.5215324091055006","0.3579890891251653","0.18241824175150737","0.4104931121479237"
"0.4497435259914075","5","6","Iowa, Monona","-95.9574,42.0522","0.5241054638402649","0.333333333333333","0.5469902208574233","0.2003","0.675","0.5306255646958271","0.3322331358822081","0.34730538922155696","0.6915204375207985","0.41795356376439213","0.18585324905643877","0.4341643752532388"
"0.4496147356761945","2","1","Kansas, Riley","-96.7342,39.2894","0.3433677934659762","0.133333333333333","0.5880585043475189","0.9532","0.75","0.535277945802919","0.4912873179752511","0.3592814371257485","0.30440018439969097","0.1604668976835348","0.2949187882739833","0.5164139400243551"
"0.4495553525735676","6","9","Indiana, Decatur","-85.5009,39.3071","0.5279905409882035","0.0737327188940092","0.5895261696202434","0.1706","1.0","0.4061590902707796","0.17114984101792646","0.502994011976048","0.5357771420024626","0.3719757660113036","0.22779662363561648","0.573241101435401"
"0.44953828920207967","2","1","Kansas, Cowley","-96.8378,37.2378","0.19816602385678814","0.333333333333333","0.5255094205313249","0.7202","0.675","0.535277945802919","0.5237984097679943","0.37724550898203596","0.5712984652022484","0.41902011752394835","0.3623404653961347","0.49491311102150615"
"0.44937555131397494","6","7","Mississippi, Franklin","-90.8967,31.4779","0.4805214583633392","0.157894736842105","0.4583678515945365","0.1592","0.5","0.5163989158141343","0.5723418897987951","0.3532934131736527","0.5938927650957907","0.47880780911800164","0.49424065228562664","0.42080016042949575"
"0.4493458584131153","2","7","Georgia, Madison","-83.2122,34.1292","0.39107457854518535","0.172413793103448","0.5279176489183663","0.2168","0.825","0.49930824224945697","0.48014143713259116","0.4730538922155689","0.5310891329236117","0.4055926581051593","0.5940268757044994","0.0"
"0.44934031795262214","10","9","Iowa, Boone","-93.9314,42.0366","0.5425701672626012","0.439024390243902","0.5813359337630796","0.3598","0.75","0.5306255646958271","0.2962939277358371","0.3652694610778443","0.5648909983668218","0.2964738813279933","0.04254918187553434","0.5071548245727685"
"0.4493089116913187","10","1","Wisconsin, La Crosse","-91.1145,43.9063","0.3602620332333727","0.340909090909091","0.6679366865594613","0.6628","1.0","0.5349291819271391","0.3219207491743404","0.32934131736526945","0.5215324091055006","0.21229204468903848","0.11785689068254572","0.35328497620042437"
"0.44924239814303313","6","3","Missouri, Franklin","-91.0752,38.4113","0.37449239981676635","0.111940298507463","0.5990177713584645","0.17","1.0","0.6713285985896172","0.26482991713903586","0.4610778443113772","0.5472454870957077","0.4103450015357725","0.2390993745602841","0.520769666804015"
"0.44919072415625827","10","6","Iowa, Clayton","-91.3413,42.8444","0.5512867094792188","0.464285714285714","0.5673198638883995","0.3881","0.675","0.5306255646958271","0.1869226852833845","0.38323353293413176","0.6611775880966219","0.2780444474740256","0.11631887651692537","0.4355637244460169"
"0.4490494412605148","10","7","Illinois, Fayette","-89.0245,39.0007","0.3709880109954933","0.157894736842105","0.5193270045883372","0.4623","0.75","0.42780561490378566","0.3765715876270981","0.5089820359281437","0.5858342498966352","0.2777368568016146","0.5167393324565559","0.36280787528895747"
"0.44900026322638603","5","6","Illinois, Schuyler","-90.6111,40.1572","0.5685762024900304","0.857142857142857","0.4893910484243978","0.2257","0.25","0.42780561490378566","0.3172034574549342","0.4550898203592814","0.6424111072462477","0.34397678863018677","0.4455337214359499","0.3307595941570733"
"0.44893395273654507","2","1","Kansas, Butler","-96.8388,37.7813","0.3396139829562708","0.318181818181818","0.5431975299034515","0.6243","0.825","0.535277945802919","0.42885978003275277","0.39520958083832336","0.4965101409658336","0.3317159660915497","0.18030990640265157","0.4863353853754905"
"0.44871415327605957","10","2","Massachusetts, Hampshire","-72.659,42.34","0.6081465409751473","0.268974700399467","0.6145340730556236","0.687","0.825","0.13189104157094694","0.3403117446119363","0.29940119760479045","0.5357771420024626","0.14193029829064774","0.13616191162843594","0.4841316090965979"
"0.448463005571742","5","7","Georgia, Twiggs","-83.4308,32.6744","0.3561377770499725","0.111111111111111","0.45979080214081275","0.2757","0.5","0.49930824224945697","0.6091714459890971","0.49101796407185627","0.6406572602088578","0.5682281245282206","0.6160137322779868","0.0"
"0.44846189417653887","2","3","Florida, Brevard","-80.7309,28.2941","0.3386111886444279","0.172701949860724","0.6900630433054793","0.3489","1.0","0.36515492191213655","0.4977368287133195","0.25748502994011974","0.6726459331898672","0.35178920695027477","0.2737630092030146","0.43071351490218357"
"0.4484513773799729","6","3","Missouri, Perry","-89.8274,37.7066","0.3830978292823859","0.0652173913043478","0.5350607828146786","0.2499","1.0","0.6713285985896172","0.25610033709798274","0.4670658682634731","0.5691748594129424","0.36632164042756515","0.23443555461464202","0.5318026143412448"
"0.44838169347331885","5","7","Kentucky, McLean","-87.268,37.5302","0.46186921454342617","0.166666666666667","0.48466104131909105","0.2251","0.675","0.6498233878958141","0.24033691004218302","0.5269461077844312","0.5978576089534523","0.537843561326059","0.4291961814035569","0.0"
"0.4483513497493285","2","3","Illinois, Franklin","-88.9257,37.9919","0.26300971199052536","0.181818181818182","0.5913486376933768","0.4053","1.0","0.42780561490378566","0.2166833196944795","0.5209580838323353","0.6151952376728468","0.29352557328269574","0.47583983094561044","0.6186044059121433"
"0.4481416976638803","10","1","Louisiana, Vernon","-93.1815,31.1088","0.31282538260530396","0.2","0.536707410934058","0.6476","0.75","0.17214552458425092","0.6461249869268173","0.38922155688622756","0.40284731239848715","0.4342370070028507","0.4975160326380195","0.48661586582906297"
"0.4480597017751314","5","6","Arkansas, Cleveland","-92.1854,33.8972","0.532683297680596","0.3125","0.41692716360517906","0.2038","0.5","0.5574725952297617","0.5204148152950165","0.407185628742515","0.6207997313712245","0.4896828582100267","0.3965052355339286","0.0"
"0.44805705118573275","10","3","Oregon, Washington","-123.0955,45.5597","0.4090567127141338","0.189490445859873","0.7226691285661982","0.5657","0.825","0.5704827129810713","0.43759365550509655","0.34730538922155696","0.44674408486908573","0.1777866178782538","0.13078631049912978","0.5185164711719918"
"0.4480469891735552","2","1","Pennsylvania, Somerset","-79.027,39.9717","0.23679610988289285","0.09375","0.5423586864626435","0.7564","0.825","0.5168765274771758","0.28638750986100053","0.4610778443113772","0.6424111072462477","0.3985684413488785","0.31866020908224074","0.4279635283452874"
"0.4480051471721988","6","9","Iowa, Henry","-91.5444,40.9877","0.5281442190168617","0.272727272727273","0.5517925273388423","0.2528","0.825","0.5306255646958271","0.35580861018062915","0.43712574850299407","0.5817386943120182","0.2816507024611538","0.16935753542767612","0.31488154565510584"
"0.44799940707658853","10","2","North Dakota, Ramsey","-98.7222,48.2689","0.4696469525528768","0.571428571428571","0.4955387707362106","0.8695","0.75","0.08543591436610563","0.5552480638488595","0.155688622754491","0.5978576089534523","0.31134185638252143","0.08520857659386846","0.46868301545074187"
"0.4479450765925337","10","1","New Mexico, Chaves","-104.4665,33.3641","0.3430343856445136","0.233333333333333","0.49889312540864567","0.7972","0.675","0.2328984071594001","0.4654595513509279","0.2634730538922156","0.5215324091055006","0.3923150947204658","0.5617548597505242","0.4330686504820795"
"0.4478090918206477","6","3","Ohio, Henry","-84.0683,41.334","0.4008681885994732","0.5","0.515728536675551","0.1082","1.0","0.672432174036711","0.2520967537943921","0.5269461077844312","0.5712984652022484","0.30640460331823155","0.11831699902298132","0.5480390728497335"
"0.4478005447506288","6","3","Texas, Hardin","-94.3893,30.3336","0.4313994891987208","0.11965811965812","0.5707771671592802","0.277","0.825","0.7194085185102618","0.4683907622577966","0.39520958083832336","0.542700408721451","0.3377553950089288","0.3229371940609569","0.0"
"0.4477204637861542","5","6","Illinois, Pope","-88.5615,37.4139","0.42811651456382754","1.0","0.3756718805053151","0.304","0.5","0.42780561490378566","0.4854879347942972","0.48502994011976047","0.7599810748231213","0.2534319295559987","0.43480613621508024","0.0"
"0.44767062318144346","10","6","Colorado, Yuma","-102.4259,40.0035","0.45323441869200526","0.272727272727273","0.4677927610500739","0.5285","0.675","0.903104230085054","0.253585545121895","0.17365269461077848","0.5837920978957992","0.22923293023083205","0.29281856749706997","0.4379085603657828"
"0.4476256286028305","10","7","Pennsylvania, Juniata","-77.3998,40.5336","0.48589136511896747","0.106382978723404","0.5287002122634297","0.5326","0.75","0.5168765274771758","0.20612279499192473","0.4730538922155689","0.6075890184122873","0.3458798002575808","0.3665782097582936","0.0"
"0.4475018493879875","6","7","Tennessee, Sequatchie","-85.4102,35.3698","0.44159579991071457","0.444444444444444","0.5433088249230724","0.3916","0.825","0.26145055415676854","0.26197995427382137","0.40119760479041916","0.6095051758860066","0.4597328052601268","0.51378647606062","0.0"
"0.44745755704940937","2","1","Illinois, Livingston","-88.5578,40.8919","0.34662042239849655","0.16","0.5368728225160547","0.6724","0.675","0.42780561490378566","0.364512188710731","0.5149700598802395","0.5858342498966352","0.34195454637231343","0.25489348049856414","0.5448508886861047"
"0.4473581286548584","6","3","Missouri, Warren","-91.1612,38.7653","0.34984737383005743","0.166666666666667","0.5651551481991122","0.3181","1.0","0.6713285985896172","0.38179826634001857","0.44910179640718567","0.5648909983668218","0.3686687522075158","0.31498128016698096","0.0"
"0.4472454340336591","10","1","Missouri, Lewis","-91.7207,40.0967","0.3360720572850416","0.142857142857143","0.46517570953276594","0.7771","0.5","0.6713285985896172","0.3939187535523764","0.43712574850299407","0.5837920978957992","0.4858792334159227","0.36463906929008766","0.0"
"0.44708693337690875","6","9","Maryland, Howard","-76.9313,39.2531","0.6124467671486649","0.311390532544379","0.7455267231611065","0.1745","0.675","0.4167867362521145","0.5504666256573094","0.47904191616766467","0.45839165180163993","0.13058388748103425","0.025310561018492633","0.49233276305629264"
"0.44689667847911596","10","1","Michigan, Lake","-85.8022,43.9905","0.31582742565160876","0.333333333333333","0.4729774704489899","0.6877","0.575","0.41517557433580937","0.5499521617674031","0.3053892215568862","0.734905621980166","0.3147893988606357","0.5740838012433704","0.0"
"0.44686196423502605","10","2","California, San Mateo","-122.3276,37.4229","0.5042319330799093","0.230337078651685","0.7937517587507763","0.6043","0.575","0.5528135213810501","0.41886299197832","0.3712574850299401","0.5215324091055006","0.07447497200600975","0.08827164583260413","0.41952279365601625"
"0.44686015894783165","10","4","New York, Seneca","-76.825,42.7808","0.4261927470658804","0.16","0.5987997974060103","0.6832","1.0","0.1452368843520714","0.4403935091324929","0.3173652694610779","0.5858342498966352","0.38795959402356944","0.2814808149113374","0.0"
"0.4468493840991006","6","9","Indiana, Pulaski","-86.6989,41.0417","0.5357636137153216","0.235294117647059","0.5299641640656149","0.0856","0.75","0.4061590902707796","0.27952894707989123","0.5209580838323353","0.5918944128138512","0.3690166953905158","0.3560058914214563","0.47886784650495784"
"0.4467946955601808","5","7","Texas, Floyd","-101.3032,34.0723","0.3927862240527228","0.25","0.4311756965641695","0.2833","0.5","0.7194085185102618","0.49949278687259774","0.25748502994011974","0.5938927650957907","0.3052867080659746","0.6953151427238148","0.3852229731954481"
"0.44674114352711497","10","7","Michigan, Iosco","-83.6348,44.3549","0.42893799587210574","0.103448275862069","0.5493418878012801","0.2977","0.75","0.41517557433580937","0.3172255820856452","0.29341317365269465","0.7535440960260323","0.42328933709877986","0.419472623069292","0.4820657848162106"
"0.4466489907597642","2","3","Texas, Comal","-98.2765,29.8081","0.3115088839860666","0.171428571428571","0.6614514049660271","0.3324","1.0","0.7194085185102618","0.4147175084023423","0.43113772455089816","0.5734100391661536","0.19393698146119107","0.14629131967283504","0.49174478417578443"
"0.4466004293179024","6","9","Kentucky, Oldham","-85.4482,38.3979","0.46409108034805596","0.407407407407407","0.5938779777782259","0.1563","1.0","0.6498233878958141","0.4102838860400559","0.532934131736527","0.4377631248108773","0.19819416135300985","0.020858567734451477","0.4370774491019504"
"0.4465930578468419","3","10","South Dakota, Jackson","-101.6255,43.6932","0.0","0.0","0.300759601484831","0.9981","0.5","1.0","0.731273872697798","0.10778443113772454","0.49129758316188105","0.6199090717866427","0.8332886628166455","0.0"
"0.44651812755775855","6","9","Tennessee, Sumner","-86.4592,36.4682","0.5126572376254965","0.131614654002714","0.6408598734014136","0.1815","1.0","0.26145055415676854","0.4588740390329043","0.4670658682634731","0.5166605513962695","0.3110497087454697","0.17141597221473678","0.4502992123916963"
"0.446487711337054","5","6","Kansas, Chase","-96.5956,38.3029","0.554209254881404","0.666666666666667","0.3991636451535166","0.4094","0.5","0.535277945802919","0.3401521855824832","0.33532934131736525","0.6790442329554586","0.3469205392327308","0.3169520311318581","0.0"
"0.4464665162977695","2","1","West Virginia, Randolph","-79.8792,38.7699","0.2198640307870003","0.2","0.5186914458835865","0.8545","0.75","0.42782761630184035","0.2884070344131822","0.3173652694610779","0.6335581539925471","0.43974580423012466","0.4817042441996859","0.4387436165451466"
"0.446305663385669","2","3","Texas, Hood","-97.8324,32.4299","0.2584700618648096","0.136363636363636","0.5764544534347361","0.3929","1.0","0.7194085185102618","0.3476238163690399","0.39520958083832336","0.6915204375207985","0.2359895318401558","0.24247963878285783","0.5257556843616953"
"0.44629933746719164","5","6","Nevada, Lincoln","-114.879,37.6427","0.4803339203646012","1.0","0.33737014213132843","0.3327","0.5","0.5573731273809973","0.5166378229496568","0.09580838323353291","0.6822026570079781","0.2517317583643041","0.40482303511393286","0.3985199824933251"
"0.44608560475218995","10","1","New York, Jefferson","-75.9465,44.042","0.31104741997607244","0.126760563380282","0.5928198544699592","0.9207","1.0","0.1452368843520714","0.486199389353401","0.2874251497005988","0.452613368495235","0.330875219530932","0.3062129401746522","0.42597684339040587"
"0.4460432934071743","6","9","New Jersey, Sussex","-74.6912,41.1389","0.5510164337611541","0.0987654320987654","0.6055034552028208","0.0465","1.0","0.7118730106573777","0.30606340196833526","0.3652694610778443","0.5380992168517501","0.22755350419869586","0.06764743178036978","0.5602157708004346"
"0.4459993632323633","6","3","North Carolina, Currituck","-75.9588,36.3612","0.4206663741078097","0.545454545454545","0.5538772773227475","0.0579","1.0","0.751491911899152","0.47875700507682584","0.32934131736526945","0.5239446622367122","0.26949288805180643","0.28579377045523113","0.0"
"0.4459470447631357","10","9","New Hampshire, Merrimack","-71.6812,43.2966","0.5240213169649367","0.31294964028777","0.614569727959504","0.538","0.825","0.499606471180141","0.27231138939832006","0.281437125748503","0.5627304600978258","0.22753329856567708","0.0635409739254581","0.44616100021508"
"0.44588942442646623","2","3","Tennessee, Franklin","-86.092,35.1563","0.3900878262666626","0.162790697674419","0.545735847246516","0.2381","1.0","0.26145055415676854","0.4293855387966067","0.43113772455089816","0.6017807168377609","0.4826962163208171","0.3318584997900506","0.3897155862550875"
"0.4458841500662907","1","10","Texas, Bee","-97.7422,28.4176","0.0","0.0","0.5310604955527166","0.972","0.675","0.7194085185102618","0.5456404264728731","0.38323353293413176","0.42544161229202965","0.3419776077795117","0.7437215921855946","0.4721361802030272"
"0.4458663509354712","2","3","North Carolina, Cherokee","-84.0597,35.1349","0.2215297709055205","0.0588235294117647","0.5227971484537818","0.2884","0.825","0.751491911899152","0.43055842293486596","0.3592814371257485","0.7483132479461376","0.3640486837225479","0.535462677753029","0.32947932977688776"
"0.44568755648841935","6","2","Utah, Salt Lake","-111.9216,40.6662","0.5859929690717124","0.310700132100396","0.7254662847347499","0.4846","1.0","0.04550202230851092","0.4358637982114586","0.3233532934131737","0.37162696325125594","0.14148300664175173","0.19171330224200778","0.46230659314570965"
"0.44559564106671906","2","3","Oklahoma, Garvin","-97.3081,34.7042","0.22373426362212195","0.0666666666666667","0.4996302628864872","0.228","0.825","0.6933119590201189","0.6309245673256767","0.38922155688622756","0.5691748594129424","0.4710508001459511","0.46106125763027134","0.41980251527535045"
"0.4455671873551432","10","3","Virginia, Albemarle","-78.5548,38.0208","0.4479503100545517","0.227941176470588","0.6284122638159314","0.518","0.75","0.5881367906958894","0.47510210999422153","0.32934131736526945","0.5648909983668218","0.1383822452083949","0.09084868854589415","0.5052581291503895"
"0.4455228379811116","10","3","Iowa, Marion","-93.0993,41.3345","0.42904922358593056","0.4","0.5723889392765957","0.589","0.825","0.5306255646958271","0.20240970817471324","0.38323353293413176","0.5648909983668218","0.2968824282364415","0.07451163296555752","0.5149392222979593"
"0.44549006153946996","2","1","Maine, Penobscot","-68.6502,45.4019","0.30011786445146726","0.118279569892473","0.5516785377555684","0.8612","0.675","0.631081372507402","0.36795038127366286","0.251497005988024","0.5670390838965326","0.35100375279757484","0.3125460607931619","0.3803902563130866"
"0.44548286118899627","5","6","South Dakota, Meade","-102.7163,44.5668","0.37198102607914685","0.8","0.4586986053751496","0.3766","0.575","1.0","0.5175428746382835","0.14970059880239522","0.4886637078344629","0.26229104801687103","0.12010559601470362","0.5799615379654403"
"0.44545166576791456","2","3","Tennessee, Marshall","-86.7642,35.458","0.3219518217107445","0.115384615384615","0.5550091837521365","0.2996","1.0","0.26145055415676854","0.4518749289932658","0.44311377245508987","0.526341402378779","0.451543207107128","0.4159053603530008","0.6014711018671892"
"0.4452993776414901","5","6","Iowa, Cherokee","-95.6239,42.7354","0.5150713026867112","0.666666666666667","0.5716288125624813","0.3075","0.675","0.5306255646958271","0.2812155249414447","0.33532934131736525","0.6726459331898672","0.3547720609109016","0.05706021654280237","0.3189063526156509"
"0.4452818480185166","6","3","Ohio, Defiance","-84.4908,41.324","0.3637379746233601","0.2","0.4827449420325063","0.1996","1.0","0.672432174036711","0.31891420477313975","0.5508982035928144","0.5712984652022484","0.36662260412548264","0.17366189194757115","0.44101135592517"
"0.44524014573403087","6","3","Virginia, Appomattox","-78.8134,37.3757","0.35973441064962264","0.0869565217391304","0.5055935706626596","0.1805","1.0","0.5881367906958894","0.5237168866958677","0.3592814371257485","0.6170727822364962","0.5250284894323234","0.323357577332779","0.0"
"0.4452112424472621","5","6","Pennsylvania, Fulton","-78.1116,39.9291","0.4683587660576127","0.454545454545455","0.5197679153268029","0.2095","0.675","0.5168765274771758","0.25592864483043276","0.4131736526946108","0.6299572389493907","0.3855121670295616","0.3016588486197537","0.5191917864925792"
"0.4450847252565783","8","2","Nebraska, Merrick","-98.0375,41.1662","0.6314000600950691","0.428571428571429","0.4843502187839672","0.5587","0.575","0.25083837871869175","0.2441145374639515","0.29940119760479045","0.6151952376728468","0.37738004901294564","0.14206556549906857","0.4474560328551601"
"0.4449930695735584","10","1","Florida, Orange","-81.318,28.5137","0.37834457717880565","0.12707182320442","0.7518000161565772","0.787","0.575","0.36515492191213655","0.5835326766156953","0.23353293413173656","0.40944379978250145","0.23372938774260194","0.4081501307233317","0.41134429611134726"
"0.4449458333841886","10","3","West Virginia, Wood","-81.5163,39.2097","0.2780529019130303","0.108695652173913","0.608258115823478","0.4085","1.0","0.42782761630184035","0.2440753496468686","0.4550898203592814","0.6114115319998742","0.5526688563029087","0.30095288086076477","0.40711733027561847"
"0.44488771171819047","6","9","Georgia, Paulding","-84.8685,33.9197","0.44613949180003887","0.191666666666667","0.6273770622151195","0.0194","1.0","0.49930824224945697","0.554784890454176","0.4610778443113772","0.3643190466040495","0.32577914348213083","0.2525540615188711","0.4906280856175401"
"0.4448868062639164","6","9","Indiana, Boone","-86.4684,40.0509","0.5682016796308588","0.2265625","0.62733653127896","0.1242","1.0","0.4061590902707796","0.2968573898216585","0.5389221556886228","0.44674408486908573","0.2595519547020211","0.02954927428476407","0.5959582966118318"
"0.4448511551666586","10","2","North Dakota, Williams","-103.4793,48.3452","0.45741061773765385","0.523809523809524","0.5580046363757601","0.8309","0.75","0.08543591436610563","0.6294297031684614","0.18562874251497005","0.3295349972503631","0.3750579393611292","0.15025922423965557","0.5219139521157824"
"0.4448457964707639","6","3","Virginia, York","-76.5441,37.2437","0.4273894946088427","0.258064516129032","0.6882231889251914","0.1538","1.0","0.5881367906958894","0.5406776746650528","0.3532934131736527","0.5191044408593759","0.19967627190393364","0.08466029797919301","0.4709887661912733"
"0.44481490630158543","5","7","West Virginia, Clay","-81.0765,38.4623","0.42547535119602253","1.0","0.3555981307966281","0.4651","0.5","0.42782761630184035","0.12106483010465581","0.37724550898203596","0.6114115319998742","0.5822088581697381","0.5560414744249886","0.0"
"0.4448059164914091","2","3","Kentucky, Mercer","-84.8749,37.8147","0.32528816850104836","0.166666666666667","0.5238608690944576","0.1369","0.825","0.6498233878958141","0.36370067091348895","0.4610778443113772","0.5775976316230177","0.4038562123574758","0.4478807705355291","0.547645629650998"
"0.44465076125975395","10","1","Tennessee, Union","-83.8365,36.2859","0.2611373963646972","0.25","0.52128363180208","0.6195","1.0","0.26145055415676854","0.21830675861223156","0.4191616766467066","0.5691748594129424","0.5503880342914128","0.6210255099130397","0.0"
"0.44454439370226057","5","6","Kansas, Hamilton","-101.7921,37.9998","0.6740794937772818","0.6","0.44649225030592404","0.0064","0.5","0.535277945802919","0.3626193578417954","0.2275449101796407","0.4407808887294848","0.46635462897565927","0.5058725883825248","0.16052723323420862"
"0.4444676739425831","2","1","Tennessee, Greene","-82.8469,36.1747","0.24416468496691834","0.0652173913043478","0.587342720652132","0.4282","1.0","0.26145055415676854","0.32780359721858066","0.4191616766467066","0.6335581539925471","0.555125128317479","0.4946557065848298","0.4110559572875519"
"0.44443587283711755","6","9","Tennessee, Fayette","-89.414,35.1962","0.5476340699110656","0.329545454545455","0.5320523912203002","0.0885","0.825","0.26145055415676854","0.5743668467477706","0.4191616766467066","0.6189409155096902","0.3760674778187979","0.3260506463135439","0.0"
"0.4443939227073618","10","3","Iowa, Clinton","-90.5328,41.8998","0.4173622766321946","0.166666666666667","0.6416956930603424","0.3219","0.825","0.5306255646958271","0.3669302971171978","0.44311377245508987","0.6017807168377609","0.3461487125319013","0.1759739393860854","0.35003262568799265"
"0.44429038270967497","10","7","Texas, Garza","-101.2984,33.1797","0.37984499336186206","0.25","0.4846479255977913","0.6781","0.675","0.7194085185102618","0.5177929738542533","0.24550898203592814","0.4407808887294848","0.15028578628571812","0.5674922254528446","0.0"
"0.44420385943501906","3","10","South Dakota, Buffalo","-99.2081,44.0766","0.0","0.0","0.3866183374125377","0.8835","0.07500000000000001","1.0","0.7441346740817982","0.16766467065868262","0.29563056078471917","1.0","1.0","0.0"
"0.44418310726538507","10","1","Kentucky, Harrison","-84.3287,38.4419","0.2662616780022751","0.0555555555555556","0.4485604910626033","0.5575","0.825","0.6498233878958141","0.3016199997793458","0.44910179640718567","0.5712984652022484","0.4271948878113535","0.4190916015270414","0.4193324766965101"
"0.4441595486730611","10","1","New York, Yates","-77.1037,42.6351","0.3860744319303597","0.181818181818182","0.5006448518449264","0.8691","0.825","0.1452368843520714","0.23890238733305838","0.29341317365269465","0.6095051758860066","0.32535587061877247","0.40678894155824735","0.5639038048649941"
"0.44412026211849903","6","9","Texas, Collin","-96.5726,33.1882","0.429631085155793","0.240079365079365","0.7218721432420473","0.1713","0.825","0.7194085185102618","0.5376952607365821","0.4730538922155689","0.37522787829441234","0.1762603018450373","0.11423972940445946","0.4866563136074086"
"0.4437688103115063","2","3","Ohio, Knox","-82.4203,40.3983","0.25607135495584477","0.142857142857143","0.5815606315608364","0.3703","1.0","0.672432174036711","0.22163258098025343","0.49101796407185627","0.5627304600978258","0.3564031444269155","0.33311371506782755","0.4926249996668409"
"0.44374437939951245","5","7","Virginia, Surry","-76.8845,37.1178","0.4566262361993136","0.333333333333333","0.4382778835973579","0.2588","0.575","0.5881367906958894","0.6296096202263837","0.33532934131736525","0.6317620454190964","0.3756360823628338","0.4060207217100286","0.0"
"0.4436484955632164","10","7","Michigan, Luce","-85.5447,46.4723","0.3848133303717375","0.5","0.4363156384358569","0.5075","0.5","0.41517557433580937","0.7425841064706802","0.19760479041916168","0.6335581539925471","0.29740671149413667","0.40627433236148214","0.39430712220237346"
"0.4436292024061761","6","9","Illinois, Grundy","-88.4191,41.2857","0.5334099308271071","0.438356164383562","0.6089333819191689","0.0602","1.0","0.42780561490378566","0.29861647127691776","0.5389221556886228","0.46689449529952165","0.24950296403526054","0.09382358751039","0.49592690036796927"
"0.44340033726730677","2","3","Florida, Clay","-81.8561,29.9832","0.3867173613810889","0.111821086261981","0.6439747429492022","0.2206","1.0","0.36515492191213655","0.5285860402999671","0.33532934131736525","0.5092312328105775","0.369621267851759","0.3053669657714033","0.48387151269042256"
"0.4432945221810301","2","3","Florida, Flagler","-81.3151,29.4593","0.38580112775893094","0.115384615384615","0.62605501267524","0.1019","1.0","0.36515492191213655","0.48413881837148043","0.2694610778443114","0.7637905642871493","0.30417912245819884","0.3143135841204368","0.5799865970085776"
"0.4432270656341299","5","6","Minnesota, Douglas","-95.4534,45.9335","0.4832700599514849","0.833333333333333","0.5550236819356084","0.2098","0.825","0.7794980274392814","0.21102388789089874","0.19760479041916168","0.6544622387094758","0.2534725738781625","0.02175625739470647","0.4157100924278996"
"0.44322311235812883","10","7","North Dakota, Benson","-99.3592,48.0684","0.3737014825999361","1.0","0.3768226327200285","0.6883","0.5","0.08543591436610563","0.638629317860008","0.155688622754491","0.46124754169706367","0.6371479218734388","0.5627632467056352","0.0"
"0.4430713283302113","5","6","Kansas, Doniphan","-95.1406,39.7907","0.5373187650583664","0.555555555555556","0.4914218382110292","0.4346","0.32499999999999996","0.535277945802919","0.49248438445380927","0.4131736526946108","0.5918944128138512","0.32916217623694705","0.30430250349077986","0.0"
"0.4430665998632877","5","6","Texas, Fisher","-100.4019,32.7428","0.43815706702334034","1.0","0.3970736082192466","0.0592","0.5","0.7194085185102618","0.4901231848218882","0.2754491017964072","0.6710290464557254","0.18202214533237912","0.44610258926301644","0.4050632726676419"
"0.4430074307872783","10","7","Tennessee, Chester","-88.6096,35.4253","0.3503445200887311","0.166666666666667","0.5124104838065385","0.4973","0.825","0.26145055415676854","0.4959622937355393","0.40119760479041916","0.5494974081927578","0.4377384554082809","0.5978414511955127","0.0"
"0.4430060966015665","10","1","Louisiana, Vermilion","-92.3029,29.8352","0.33479770446708224","0.136363636363636","0.5406956018684071","0.6224","0.675","0.17214552458425092","0.5242411612495937","0.38323353293413176","0.504194780386106","0.4192362264214605","0.5374301586665263","0.5076462841191598"
"0.44291508554064923","5","7","Texas, Jim Hogg","-98.6968,27.0445","0.4043042062079808","0.25","0.4453323718938055","0.4919","0.575","0.7194085185102618","0.26725577349723206","0.3053892215568862","0.5712984652022484","0.24207675125248979","0.7830169518252398","0.0"
"0.44283127284713425","2","1","Michigan, Osceola","-85.3257,43.9899","0.24270751021190753","0.111111111111111","0.5015982447771091","0.7724","0.75","0.41517557433580937","0.2983299608411216","0.311377245508982","0.6226493223021841","0.42062881465838947","0.5027976500684107","0.5562195340236934"
"0.4428171001187557","10","1","Missouri, Vernon","-94.3413,37.8458","0.25661330705554664","0.2","0.5212743145088378","0.617","0.75","0.6713285985896172","0.33065520803666687","0.38323353293413176","0.5878652729484978","0.34404756343119375","0.3824776840188108","0.4115966187556476"
"0.4426833976948307","10","7","Louisiana, Grant","-92.5612,31.5988","0.4210414031986756","0.25","0.47231017323859353","0.4849","0.575","0.17214552458425092","0.6247819723252548","0.38922155688622756","0.49908933331939354","0.6084727239683105","0.5300176788666632","0.0"
"0.44247388698077966","2","3","Wisconsin, Jefferson","-88.7753,43.0205","0.37166639050566885","0.206896551724138","0.6170240204688183","0.4311","1.0","0.5349291819271391","0.2849451566579417","0.4550898203592814","0.5334405085950897","0.21892276181906165","0.10643956684657198","0.6328366369191999"
"0.44246960860816864","1","10","Virginia, Norton City","-82.6275,36.9336","0.0","0.0","0.6653838250712679","0.8542","1.0","0.5881367906958894","0.419490806514603","0.3652694610778443","0.5648909983668218","0.40847111749267057","0.6411565517719985","0.04774111322202518"
"0.442450309162541","2","3","Wisconsin, Barron","-91.8483,45.4237","0.32134273600763197","0.363636363636364","0.5565767065062849","0.5307","0.825","0.5349291819271391","0.3982423349648788","0.251497005988024","0.6353456481032828","0.38438197316382205","0.18896948690834933","0.4796230102654391"
"0.4424099950120625","6","9","Wisconsin, Outagamie","-88.4657,44.4158","0.4802593427682956","0.533333333333333","0.6632489886232021","0.2229","0.825","0.5349291819271391","0.44055963529223235","0.34131736526946105","0.4833394486037307","0.27795157354742583","0.05382989023164196","0.4394676611370861"
"0.4424002916235972","2","1","Tennessee, Campbell","-84.1511,36.4036","0.18551405467509308","0.0588235294117647","0.5887593360586445","0.611","1.0","0.26145055415676854","0.18465355841552522","0.40119760479041916","0.6226493223021841","0.5453540146458898","0.6078137756606685","0.42785715574249916"
"0.4423282263117731","10","1","New York, Allegany","-78.0275,42.2575","0.4061586306468761","0.204545454545455","0.510815414501189","0.829","0.75","0.1452368843520714","0.26936039422228014","0.32934131736526945","0.579673914473061","0.3508668466741328","0.3951920071224142","0.5038934925936559"
"0.4423048061505162","2","1","South Dakota, Codington","-97.1883,44.9779","0.29799847857513884","0.125","0.5386361848831364","0.6221","0.825","1.0","0.39862505730570863","0.14371257485029942","0.5472454870957077","0.2922225087642478","0.13692056354854346","0.43370300799192363"
"0.4422975443032665","5","7","West Virginia, Lincoln","-82.0702,38.1722","0.375199736157406","0.6","0.4447221516789144","0.4823","0.675","0.42782761630184035","0.06894562833841583","0.4251497005988024","0.579673914473061","0.6383181438532933","0.5487828081529891","0.0"
"0.4422786652114546","10","6","Iowa, Palo Alto","-94.6782,43.0819","0.421812357211684","1.0","0.5808992799509581","0.3327","0.675","0.5306255646958271","0.33910629413888677","0.3053892215568862","0.6441567395133083","0.33220720471020027","0.053975589187563","0.3597850567206842"
"0.44206265755689733","10","1","West Virginia, Mingo","-82.1334,37.7305","0.24066707491171002","0.333333333333333","0.5223698183418272","0.6457","0.5","0.42782761630184035","0.21921141323577292","0.407185628742515","0.5670390838965326","0.681203005983358","0.5762276227053474","0.4213693526161617"
"0.44202588298738343","10","3","Minnesota, Cass","-94.326,46.9504","0.292335957793728","0.222222222222222","0.46857278571320177","0.3158","0.675","0.7794980274392814","0.5154059567235646","0.21556886227544908","0.6991111644276193","0.36732248017000135","0.25521600445502113","0.783754501085446"
"0.44194779817464935","6","3","Missouri, St. Charles","-90.6666,38.7788","0.42131167514603785","0.12992700729927","0.6914338627465207","0.1213","1.0","0.6713285985896172","0.3730169836387583","0.5209580838323353","0.49129758316188105","0.2543816330122545","0.03599793671869238","0.49278020793665517"
"0.4418871889126881","2","10","California, Lake","-122.7536,39.1012","0.1328418091936555","0.125","0.5228540991444802","0.837","0.675","0.5528135213810501","0.5464717483741685","0.23353293413173656","0.6493451083308717","0.32404817178582856","0.5032486749327915","0.5693421606870687"
"0.44188157326088645","5","6","Virginia, Northumberland","-76.4195,37.892","0.5385966409374378","0.470588235294118","0.49035512801561737","0.021","0.575","0.5881367906958894","0.5145515019767298","0.33532934131736525","0.8380041901711958","0.3000640852813894","0.27929290831224046","0.0"
"0.4417027426107528","2","3","North Carolina, Macon","-83.417,35.1487","0.19796021933016006","0.25","0.5385908161777054","0.2232","1.0","0.751491911899152","0.35921076116927225","0.33532934131736525","0.7456700325571273","0.34302165483170394","0.3752899899730536","0.45915845276726014"
"0.4416903784018977","10","7","Michigan, Arenac","-83.8928,44.0636","0.40925049263573143","0.1","0.5441980682542641","0.2709","0.75","0.41517557433580937","0.3033264653023231","0.3173652694610779","0.6806267907799217","0.4390529084876153","0.4763560146115585","0.5020048144036445"
"0.4415833307142534","10","6","Colorado, Garfield","-107.9027,39.5992","0.45386664695195467","0.15929203539823","0.550142910155916","0.5915","0.675","0.903104230085054","0.35760644258444113","0.12574850299401197","0.42856039038869453","0.14971787204270356","0.2842322603648821","0.47973278046692164"
"0.44152370776620614","2","1","Pennsylvania, Clarion","-79.4241,41.1927","0.18773610230291676","0.0416666666666667","0.5709163469004476","0.774","0.825","0.5168765274771758","0.2423342466752027","0.4730538922155689","0.5938927650957907","0.3971721560682538","0.3994752899778618","0.4723030671533004"
"0.4414937167798228","10","3","Oklahoma, Noble","-97.2293,36.3895","0.3213619179969911","0.142857142857143","0.44727646197023124","0.3244","0.675","0.6933119590201189","0.6133759608528677","0.3712574850299401","0.5898852876912913","0.44018452805429487","0.258264661245083","0.46176349892581586"
"0.4414829340713811","2","1","South Dakota, Lake","-97.1293,44.0219","0.3056073167588578","0.2","0.5038412801161827","0.5861","0.675","1.0","0.3791431612290298","0.23353293413173656","0.6207997313712245","0.23968068175575266","0.16625849562376288","0.5003241995348582"
"0.44143346443709125","1","10","Georgia, Evans","-81.887,32.1533","0.0","0.0","0.5479062980745296","0.886","0.75","0.49930824224945697","0.6160139549060285","0.44311377245508987","0.5357771420024626","0.34194572188032846","0.7092487105400176","0.3772089267114525"
"0.44138083862469035","10","3","Washington, Mason","-123.1864,47.3501","0.3052397300522206","0.166666666666667","0.5637556203342945","0.4215","0.75","0.5051412015799757","0.5250920302810539","0.17365269461077848","0.6561524538860896","0.34974459505987127","0.3840215116091063","0.6835354339671488"
"0.4413746124690266","6","9","Virginia, Falls Church City","-77.1756,38.8849","0.5924666569858948","0.380952380952381","0.8409963429484122","0.3464","0.675","0.5881367906958894","0.4390944217814339","0.40119760479041916","0.43165328621112686","0.11441523953348778","0.008646136961136416","0.0"
"0.4412748363384443","1","10","Oklahoma, Murray","-97.0683,34.4812","0.0","0.0","0.49989234714208","0.6262","1.0","0.6933119590201189","0.6481351900952019","0.37724550898203596","0.5978576089534523","0.4174493143199405","0.4094729270629574","0.4927411973095336"
"0.4412125203848284","6","9","Georgia, Dawson","-84.1696,34.4424","0.5417004133943477","0.204819277108434","0.5795230476507708","0.0907","1.0","0.49930824224945697","0.2606213915068088","0.4191616766467066","0.6095051758860066","0.34860320724764243","0.2510730915828756","0.0"
"0.4411677225001987","2","3","Oregon, Clackamas","-122.218,45.1879","0.3685745876769832","0.202846975088968","0.6568017849270914","0.4148","1.0","0.5704827129810713","0.3608423869460052","0.3712574850299401","0.558371441896005","0.20916556672917785","0.08499578102815503","0.5300388299561896"
"0.4411185195409434","2","3","Kentucky, Greenup","-82.9216,38.5433","0.2730679928680541","0.153846153846154","0.5766730639685825","0.1544","1.0","0.6498233878958141","0.2321836949570136","0.44311377245508987","0.6207997313712245","0.520013105638375","0.3789205947957011","0.35692216817356004"
"0.4410322715025724","6","6","Iowa, Audubon","-94.9058,41.6845","0.6370281864727603","0.818181818181818","0.5355878467345995","0.0159","0.575","0.5306255646958271","0.13071117370817223","0.34131736526946105","0.6930510015104033","0.35844048512606547","0.1415983114908031","0.3780205399480284"
"0.440840640148512","10","7","Tennessee, Fentress","-84.9287,36.3813","0.34460155353328575","0.333333333333333","0.4983455012076025","0.4814","0.825","0.26145055415676854","0.18124235200372235","0.3652694610778443","0.6317620454190964","0.4825461138330276","0.5679926644269642","0.3746575184629853"
"0.4403531426552811","2","1","Idaho, Bannock","-112.2233,42.67","0.21902948797347915","0.214285714285714","0.6139352972979758","0.6753","1.0","0.48916979685071754","0.473960895869022","0.22155688622754494","0.46968620728685795","0.2964569248220043","0.38006075271011563","0.45914189010044165"
"0.44029592669594825","10","7","West Virginia, Wayne","-82.4229,38.149","0.3952386717803828","0.0729166666666667","0.5416451034443379","0.4078","0.675","0.42782761630184035","0.20069052768195922","0.44910179640718567","0.6151952376728468","0.5920967145635307","0.5697870748433616","0.0"
"0.44024281353354705","6","9","Maryland, Queen Anne's","-76.0353,39.062","0.5935979380048862","0.491071428571429","0.6019436709452438","0.0296","1.0","0.4167867362521145","0.45385390036469125","0.40119760479041916","0.579673914473061","0.24706040909588337","0.04338837394999558","0.0"
"0.4402214579213579","5","6","Minnesota, Norman","-96.4562,47.3263","0.5005142182653836","0.272727272727273","0.45733823144589114","0.6113","0.32499999999999996","0.7794980274392814","0.3884712642023263","0.19760479041916168","0.6406572602088578","0.32935248203725176","0.151119126639522","0.4695557191951726"
"0.4401796609370265","6","6","Virginia, Nelson","-78.885,37.7879","0.44188735186296624","0.333333333333333","0.5008794377441044","0.4066","0.675","0.5881367906958894","0.5223523873842562","0.32934131736526945","0.7050743605672205","0.26389586506684226","0.23958055656516705","0.0"
"0.4400894272205885","1","10","Florida, Taylor","-83.6045,30.0485","0.0","0.0","0.5111489435538036","0.9815","0.75","0.36515492191213655","0.6299253975203621","0.3592814371257485","0.6017807168377609","0.48781390114541334","0.5813591811113112","0.46630668210164167"
"0.43999490131777746","9","6","Colorado, Lake","-106.3556,39.2028","0.5550776685192306","0.230769230769231","0.3786000951344375","0.6351","0.32499999999999996","0.903104230085054","0.41734373761246524","0.05389221556886227","0.41912465076501093","0.2076039385022215","0.44640403955502594","0.42136914513289936"
"0.43995071041370387","2","3","Tennessee, Marion","-85.6227,35.13","0.29585534077473125","0.0645161290322581","0.5485181515412201","0.2923","1.0","0.26145055415676854","0.4105939875693648","0.43113772455089816","0.6017807168377609","0.4989408137964702","0.4539014195777492","0.4577281913762195"
"0.43969941640868204","6","3","Ohio, Paulding","-84.5801,41.1168","0.38532582181412967","0.272727272727273","0.4929205513132993","0.2197","0.75","0.672432174036711","0.27444471917614893","0.5508982035928144","0.5755097168756041","0.3630490255848822","0.23297808060337538","0.5292640860534604"
"0.4396866114003341","6","3","Pennsylvania, Armstrong","-79.4629,40.8167","0.3253860152351143","0.103448275862069","0.5541243037710303","0.2614","1.0","0.5168765274771758","0.16120858957050246","0.532934131736527","0.6371246099900815","0.46463873975582715","0.27360059665115255","0.4579719350661193"
"0.4396812748167301","2","1","New Mexico, Lea","-103.4124,32.7922","0.2433465014214839","0.2","0.524419136245523","0.9382","0.75","0.2328984071594001","0.5340054016991757","0.2754491017964072","0.39613196301134124","0.3662947947641831","0.5563126464634819","0.4278764610318083"
"0.43956592108884035","10","1","New York, St. Lawrence","-75.0655,44.4976","0.3770029235537725","0.0833333333333333","0.5119894233042906","0.943","0.675","0.1452368843520714","0.4316614378060775","0.29341317365269465","0.542700408721451","0.3280240057156799","0.4238134346064209","0.43112253980144033"
"0.439378515527696","6","3","Indiana, Washington","-86.1049,38.6022","0.4172374259899478","0.12","0.5515590776242609","0.2486","0.75","0.4061590902707796","0.15119882732546489","0.5089820359281437","0.5472454870957077","0.5170373829636581","0.4191452545922724","0.5784214466420865"
"0.43930747489832245","5","3","Kansas, Anderson","-95.2927,38.2141","0.36031699888412105","1.0","0.47758579807800167","0.2451","0.675","0.535277945802919","0.2743294598879431","0.3712574850299401","0.6371246099900815","0.39294317820053704","0.3013400791667328","0.361184765725143"
"0.4392354452165448","6","6","Minnesota, Carver","-93.801,44.8202","0.5637098832994455","0.774774774774775","0.6224285686997088","0.0809","0.825","0.7794980274392814","0.31071452180813197","0.2694610778443114","0.3927283612037091","0.1264114264146558","0.007457049389039345","0.5583638735439415"
"0.43919113268328647","6","9","Indiana, Rush","-85.4656,39.62","0.4899085894518113","0.175","0.5438511807293082","0.0799","0.75","0.4061590902707796","0.25424470862699555","0.4970059880239522","0.5691748594129424","0.3829857587454952","0.4369762392011095","0.5146397198019381"
"0.4391606294527731","2","3","Florida, Indian River","-80.6056,27.6931","0.30510468247674666","0.115384615384615","0.6445991249470703","0.3403","1.0","0.36515492191213655","0.4832897539930009","0.23952095808383234","0.7894194086217464","0.2787650717032136","0.32942182706006273","0.39716557590885304"
"0.43902948918320545","5","6","Minnesota, Isanti","-93.2949,45.5618","0.4441210515879454","0.647058823529412","0.5591110639858329","0.1977","0.825","0.7794980274392814","0.28675749564033576","0.251497005988024","0.5117241638959221","0.30959061548867783","0.09808482779727766","0.4701467476402933"
"0.43893873875403233","8","2","Massachusetts, Norfolk","-71.2053,42.1607","0.6435859751094829","0.165272531030761","0.7249923788213172","0.6603","0.575","0.13189104157094694","0.3919806775142294","0.3053892215568862","0.540406913436432","0.15548674238636928","0.029540675260765408","0.5602907611787408"
"0.4388614343225223","6","9","Virginia, Roanoke","-80.064,37.2687","0.4600667209767857","0.357142857142857","0.647297606567296","0.2416","1.0","0.5881367906958894","0.38240409613515497","0.3053892215568862","0.626321192473144","0.29201045103368584","0.07387033955607965","0.0"
"0.4388504141019075","2","1","Oregon, Josephine","-123.5562,42.3666","0.17480836761610422","0.0869565217391304","0.5849075813275535","0.7068","0.75","0.5704827129810713","0.3335379874577588","0.29341317365269465","0.7065503696555112","0.3559579259407271","0.4432135594254932","0.5205353718464178"
"0.43884937916788413","6","3","Ohio, Union","-83.3724,40.3002","0.382374598126644","0.290322580645161","0.5711446989361416","0.291","1.0","0.672432174036711","0.3139652376953453","0.5269461077844312","0.41912465076501093","0.3005578160005456","0.03890283236105825","0.5008918727602362"
"0.4388337500401618","1","10","Missouri, Phelps","-91.7935,37.8774","0.0","0.0","0.5985490259102145","0.8265","1.0","0.6713285985896172","0.40859246873363286","0.40119760479041916","0.5215324091055006","0.4215919839526426","0.45792782173036345","0.35640392537926124"
"0.4387567177527005","2","1","Tennessee, Hawkins","-82.9489,36.4436","0.14692529271447877","0.032258064516129","0.57991010966667","0.6167","1.0","0.26145055415676854","0.2902743020746251","0.44311377245508987","0.6189409155096902","0.48945505660980243","0.5112544873885624","0.5798350200065716"
"0.438617173861351","10","6","Minnesota, Chisago","-92.9086,45.5021","0.4548831566696674","0.566666666666667","0.5904202412991808","0.2862","0.75","0.7794980274392814","0.3499991012346388","0.2634730538922156","0.4965101409658336","0.22935558614315182","0.039733425411520834","0.5539677437471254"
"0.4385940165983865","6","9","New York, Genesee","-78.1914,43.0023","0.48458093917897155","0.129213483146067","0.6152936918744462","0.2773","1.0","0.1452368843520714","0.463380872664716","0.3652694610778443","0.579673914473061","0.38262941169033804","0.14601869427817313","0.46312637509743687"
"0.4383746794477575","2","3","Pennsylvania, Butler","-79.9135,40.9115","0.3515754180930245","0.108910891089109","0.6155908587956852","0.5412","1.0","0.5168765274771758","0.19516525073757923","0.532934131736527","0.5734100391661536","0.29379798822225345","0.03954315686642361","0.4755430986361125"
"0.43834082404326924","10","7","West Virginia, Roane","-81.3524,38.7162","0.37363928711881844","0.25","0.4476359761635807","0.398","0.675","0.42782761630184035","0.11302869870556807","0.407185628742515","0.6299572389493907","0.5712518966519279","0.5580026574617547","0.3845447395344852"
"0.4382419593204722","2","1","Maine, Aroostook","-68.5984,46.6593","0.20340218170133062","0.285714285714286","0.46538833504225235","0.7542","0.575","0.631081372507402","0.41952759000630085","0.3053892215568862","0.6661358670949733","0.4037088422468403","0.3993286221178282","0.4138040876459019"
"0.4381181387984605","2","1","Michigan, Isabella","-84.8466,43.6406","0.12291690369386034","0.0161290322580645","0.5930198322123931","0.9086","0.825","0.41517557433580937","0.5756806597910847","0.3652694610778443","0.41912465076501093","0.3328641817088872","0.4757592907912568","0.5012526178695743"
"0.43808796250945115","6","9","Michigan, Barry","-85.3083,42.5951","0.4572371245969945","0.339285714285714","0.4882161043116733","0.1102","1.0","0.41517557433580937","0.25273638930136033","0.49101796407185627","0.5734100391661536","0.39583276285910174","0.14075815051222937","0.5920337563492248"
"0.43774090450518127","2","3","Texas, Wilson","-98.0869,29.1733","0.2786930590548581","0.0833333333333333","0.5466944952138296","0.3875","0.825","0.7194085185102618","0.38830856133704034","0.4131736526946108","0.5117241638959221","0.3065070051436814","0.34453866902368746","0.5810138523838418"
"0.43769721859346505","2","3","Illinois, Tazewell","-89.514,40.5072","0.3736605605003096","0.306451612903226","0.6289888697996108","0.2617","1.0","0.42780561490378566","0.27077845757765545","0.5449101796407185","0.5755097168756041","0.32132018325984596","0.07821211999732099","0.5492257653227685"
"0.43747494271011794","6","3","Georgia, Fayette","-84.4909,33.4136","0.4200356079767751","0.121359223300971","0.6317563403363728","0.0181","1.0","0.49930824224945697","0.5767543759208226","0.5089820359281437","0.560557323866868","0.24411488666936232","0.09191363527857388","0.4523626240688992"
"0.4373880144012261","6","9","Pennsylvania, Pike","-75.0321,41.3316","0.6017404939582286","0.143478260869565","0.5596110237708702","0.0048","0.825","0.5168765274771758","0.4540037326049619","0.3592814371257485","0.6441567395133083","0.3355543578233904","0.19197599636951626","0.0"
"0.43738674963109714","10","3","Wisconsin, Chippewa","-91.2807,45.0694","0.43348039668187904","0.41025641025641","0.5563332540559623","0.4537","0.825","0.5349291819271391","0.361442581064181","0.29341317365269465","0.5561726637917245","0.25236519915741523","0.1382783615492341","0.4137415167149202"
"0.43734214530318605","5","7","Georgia, Webster","-84.5474,32.0407","0.4798975907091276","0.0909090909090909","0.41405621251961033","0.2171","0.5","0.49930824224945697","0.6386763850676401","0.4730538922155689","0.6353456481032828","0.36447652226508137","0.4795613916418213","0.0"
"0.4373295284670034","10","3","California, Marin","-122.7211,38.0712","0.4251805438706904","0.20066889632107","0.7294050639270783","0.6985","0.5","0.5528135213810501","0.43954368021060464","0.43712574850299407","0.6371246099900815","0.029407440152408277","0.0320736328369355","0.49467920199825727"
"0.4372680087483183","5","6","South Dakota, Day","-97.6074,45.3673","0.4741828500059571","0.2","0.39884764811799817","0.0984","0.5","1.0","0.47365001161158116","0.14970059880239522","0.7065503696555112","0.3724710808717262","0.29177420997678144","0.37799813060618453"
"0.43724454571864874","5","6","Minnesota, McLeod","-94.2729,44.8237","0.4652421205470325","0.75","0.5710054060055119","0.1503","0.825","0.7794980274392814","0.2516569305222401","0.23353293413173656","0.5775976316230177","0.26567675663813156","0.06270081294688433","0.4209660416174494"
"0.4372147781492622","6","6","Virginia, Clarke","-77.992,39.1127","0.5192518539757603","0.444444444444444","0.5755301756565205","0.0981","0.75","0.5881367906958894","0.445803776154146","0.3592814371257485","0.6207997313712245","0.2907854297570984","0.21639552894352754","0.0"
"0.43710141875209413","10","7","Tennessee, Jackson","-85.6724,36.3638","0.46706546230524876","0.363636363636364","0.4832159148281609","0.4556","0.5","0.26145055415676854","0.2708536642789117","0.407185628742515","0.6458942336050534","0.47667561428083244","0.6134102869276306","0.0"
"0.43699375969079546","6","9","Tennessee, Wilson","-86.2978,36.155","0.47184783058426755","0.157232704402516","0.620071976207789","0.1582","1.0","0.26145055415676854","0.4723469408756385","0.48502994011976047","0.5142005305328247","0.3754662522279008","0.1120791943465414","0.4106813580115852"
"0.4367152560142587","2","3","Iowa, Page","-95.1498,40.7393","0.36385862347110465","0.2","0.5400257283524558","0.4333","0.675","0.5306255646958271","0.4230415324562937","0.3592814371257485","0.6424111072462477","0.4456730947364397","0.1908444374791004","0.4181824788167211"
"0.4366777375441239","2","3","Washington, Clark","-122.4829,45.7757","0.35456392466167036","0.150259067357513","0.7123420365337142","0.3658","1.0","0.5051412015799757","0.4380968900453439","0.3173652694610779","0.5016507991249867","0.25216666553230355","0.1406780948099319","0.5273828337625638"
"0.43661271038392757","1","10","Missouri, Randolph","-92.4971,39.4401","0.0","0.0","0.5116238754061216","0.7256","1.0","0.6713285985896172","0.45824420078713474","0.39520958083832336","0.5334405085950897","0.498893324261714","0.4670776677169991","0.39248224720819"
"0.4363464497920138","5","6","Iowa, Fremont","-95.6013,40.7454","0.4921806974389618","1.0","0.5368416364416688","0.0821","0.675","0.5306255646958271","0.2316237546325869","0.3652694610778443","0.6544622387094758","0.34003528459606686","0.10416300552117896","0.4075158662562369"
"0.4363257758678796","1","10","Oklahoma, Pushmataha","-95.376,34.4164","0.0","0.0","0.43529243589775346","0.6218","0.675","0.6933119590201189","0.6362679468554686","0.38323353293413176","0.6628376879802886","0.4703441623744993","0.6381437444341","0.4756814577042671"
"0.4362939502086582","1","10","Texas, Nolan","-100.406,32.3037","0.0","0.0","0.5256401580466398","0.8848","0.75","0.7194085185102618","0.5103446445587961","0.2754491017964072","0.5734100391661536","0.44475235463505647","0.5955595608975007","0.34861999999482196"
"0.4362739663122894","10","1","Maine, Somerset","-69.96,45.5123","0.27790254813812193","0.15","0.49505780920883863","0.5648","0.675","0.631081372507402","0.24557888689981716","0.25748502994011974","0.6226493223021841","0.39931639470560176","0.5096278184966461","0.5661431489954056"
"0.43615888422330584","2","1","Tennessee, Giles","-87.0399,35.2022","0.21733907380279202","0.111111111111111","0.512918159610907","0.5944","0.825","0.26145055415676854","0.4971308723104772","0.4550898203592814","0.6075890184122873","0.4476641432692621","0.44163097567069665","0.4204185378782145"
"0.4361271588228374","2","1","Oregon, Union","-118.0069,45.3092","0.22912235715587537","0.2","0.5142565362351503","0.929","0.675","0.5704827129810713","0.33575144213322056","0.2035928143712575","0.6075890184122873","0.35006366536830025","0.30719831565709077","0.5716981744748028"
"0.4357278805150174","6","6","Maine, York","-70.7105,43.4781","0.47853917963176246","0.270833333333333","0.5966387153935431","0.2811","0.825","0.631081372507402","0.2530045309017954","0.281437125748503","0.6056629582719985","0.27097952784593793","0.0940449821001021","0.5517693558447243"
"0.4356599412798187","10","7","Kansas, Norton","-99.9029,39.7844","0.40061263611351666","0.5","0.47113141119869306","0.6555","0.575","0.535277945802919","0.38049389892362906","0.22155688622754494","0.6170727822364962","0.3376574344132475","0.21237445576353217","0.37630572229576353"
"0.43565579485484623","10","2","North Dakota, Burleigh","-100.4645,46.9785","0.4656825829328195","0.285714285714286","0.6069789000307734","0.7227","1.0","0.08543591436610563","0.5677307046055521","0.155688622754491","0.5166605513962695","0.2605459946151225","0.04403826638347215","0.35770976268920085"
"0.435577912965937","10","2","Nebraska, Lincoln","-100.7475,41.0466","0.44759681230667636","0.232558139534884","0.4873486838580611","0.7491","0.825","0.25083837871869175","0.36857570281360363","0.2095808383233533","0.5858342498966352","0.364590670879506","0.15982993795016953","0.41750869820011965"
"0.43553152477793955","2","3","Wisconsin, Columbia","-89.3359,43.4649","0.3560584590171382","0.194444444444444","0.5696602872893044","0.334","1.0","0.5349291819271391","0.368813167904605","0.40119760479041916","0.558371441896005","0.37481782129619945","0.06568382648332256","0.49860471674436296"
"0.4354336675224338","5","6","Minnesota, Jackson","-95.154,43.6742","0.6422454372355949","0.485714285714286","0.4891925839776993","0.0382","0.575","0.7794980274392814","0.27513613196963504","0.2874251497005988","0.6335581539925471","0.237334560657964","0.04006987736459536","0.47807124596394035"
"0.4353929360033876","5","7","Idaho, Cassia","-113.6012,42.2835","0.4145817062420524","0.277777777777778","0.5065217998897631","0.4658","0.675","0.48916979685071754","0.32348774385574913","0.24550898203592814","0.4752076683887773","0.3502855894842738","0.4566102332503427","0.5589534635855479"
"0.4353887135395167","6","9","Georgia, White","-83.7491,34.6462","0.45355910358189905","0.103448275862069","0.5646883611039211","0.0876","1.0","0.49930824224945697","0.363522947995864","0.38323353293413176","0.6458942336050534","0.3383303044829988","0.3741593999867503","0.0"
"0.4353132329407994","6","6","Illinois, Ford","-88.2235,40.5971","0.5290708957618017","0.470588235294118","0.5063429461388945","0.1585","0.75","0.42780561490378566","0.2572002909052449","0.5089820359281437","0.5918944128138512","0.22484535855737028","0.2754390922046699","0.3648686065129371"
"0.435254084553876","5","6","Kansas, Stanton","-101.7844,37.563","0.6595814712296701","0.5","0.3861425880542237","0.1286","0.5","0.535277945802919","0.3816704593880695","0.2095808383233533","0.5734100391661536","0.2803983661804252","0.4394722573079896","0.21433976925228132"
"0.4351656364125609","10","7","Idaho, Gem","-116.3984,44.0648","0.3920282908659034","0.1875","0.5218069405994883","0.2471","0.675","0.48916979685071754","0.2369533302976869","0.38323353293413176","0.6424111072462477","0.34102272589681304","0.5407083246182427","0.5766879390978505"
"0.4351502853067969","5","6","Virginia, Madison","-78.2822,38.4153","0.5415719401374108","0.375","0.5088403454861862","0.1624","0.575","0.5881367906958894","0.4346987152218708","0.3233532934131737","0.6388951207196634","0.3918410641081324","0.27478338634651817","0.0"
"0.43508495784056334","6","9","Nebraska, Scotts Bluff","-103.7081,41.8507","0.520205929072382","0.392156862745098","0.5400887203155053","0.2878","0.825","0.25083837871869175","0.44842425318543117","0.11976047904191617","0.5878652729484978","0.3734195462863772","0.32073257386591897","0.37607898918239796"
"0.4349079662329643","5","6","Wisconsin, Lafayette","-90.1318,42.6601","0.5285171873499471","0.625","0.5015851764661512","0.1108","0.675","0.5349291819271391","0.25712401359915427","0.4131736526946108","0.5712984652022484","0.2902544773718027","0.1910643787126438","0.5146545271268701"
"0.4346607755369726","2","1","New York, Franklin","-74.2993,44.5904","0.27854439799415537","0.166666666666667","0.5584195182828682","0.8908","0.575","0.1452368843520714","0.7066232805680295","0.2634730538922156","0.5334405085950897","0.35630845945862766","0.41812826861316277","0.41227078426273867"
"0.4346298887162864","10","2","Nebraska, Buffalo","-99.075,40.8549","0.5005724013367497","0.169117647058824","0.550099096549288","0.6211","1.0","0.25083837871869175","0.31543775583420525","0.2874251497005988","0.47245716285929296","0.23475569338766308","0.18484001758076518","0.35986105490357545"
"0.43455185509488753","2","1","West Virginia, Preston","-79.6671,39.4677","0.2775467724072537","0.133333333333333","0.49510761656737895","0.5976","0.75","0.42782761630184035","0.23815334104810193","0.3652694610778443","0.595880459448231","0.4489237635186289","0.45158174201934875","0.6020411820398384"
"0.4342076349955576","6","6","Colorado, Broomfield","-105.0566,39.96","0.5394968437268461","0.220095693779904","0.7293933050248693","0.1458","0.675","0.903104230085054","0.3562321338119104","0.32934131736526945","0.4555137084840577","0.10433379502757319","0.027519541282036965","0.4851349003132618"
"0.43408862405469023","5","7","Tennessee, Pickett","-85.0776,36.5561","0.407784634902963","1.0","0.4701729375480967","0.377","0.75","0.26145055415676854","0.11322249261480898","0.3712574850299401","0.7238210337160854","0.43581307850278406","0.40390863185773684","0.0"
"0.43407239183806223","5","6","Iowa, Keokuk","-92.1785,41.3365","0.5427888055326177","0.7","0.5566909906281124","0.0111","0.75","0.5306255646958271","0.16464459370991333","0.407185628742515","0.6406572602088578","0.293798189321438","0.13703610536396216","0.4543891029472169"
"0.4339056169720651","10","1","Florida, Monroe","-81.0781,25.209","0.4095070859540228","0.157894736842105","0.6178750471711969","0.9777","0.25","0.36515492191213655","0.4627492311333948","0.29940119760479045","0.6424111072462477","0.21522874650870125","0.25014754592938554","0.4808746626777004"
"0.4338858149573945","10","3","Illinois, Crawford","-87.7595,39.0032","0.3850548780523801","0.272727272727273","0.5266081000659857","0.3865","0.675","0.42780561490378566","0.41395267029149385","0.5209580838323353","0.5878652729484978","0.2830688069013647","0.29504196020928813","0.41554269264018795"
"0.43387057150673186","6","9","Connecticut, Tolland","-72.3308,41.8585","0.5998487211694958","0.275157232704403","0.6333979070233658","0.3461","0.825","0.35653512920289365","0.3416072616182805","0.3053892215568862","0.5067215141840639","0.15022221870502564","0.04764101521288459","0.5471349141096156"
"0.4336617491498504","6","9","Iowa, Warren","-93.5601,41.3356","0.5600679095638311","0.621212121212121","0.6509695396550086","0.284","0.825","0.5306255646958271","0.23505366035133224","0.3712574850299401","0.5166605513962695","0.2804372241258506","0.01599200460326344","0.0"
"0.4335864168591767","6","3","Indiana, Jasper","-87.1155,41.0208","0.4419230398867236","0.214285714285714","0.5284206163435419","0.2241","0.825","0.4061590902707796","0.2323494577750364","0.5389221556886228","0.5561726637917245","0.4060112432816675","0.22819968774642715","0.525089677964486"
"0.4329751432707215","6","9","Kansas, Pottawatomie","-96.3456,39.3793","0.47637066923351346","0.409090909090909","0.5210336852217955","0.2254","1.0","0.535277945802919","0.35699886340448767","0.3652694610778443","0.4806485213347297","0.2568588136381472","0.11543366149711914","0.3195924225554758"
"0.43294301721822287","2","1","California, Amador","-120.657,38.4458","0.18606255687190904","0.111111111111111","0.54633322872659","0.751","0.675","0.5528135213810501","0.5197839791436941","0.3532934131736527","0.7209975974271429","0.2600241493497527","0.24662788062762223","0.530403995325906"
"0.432774621003494","2","3","Tennessee, Blount","-83.9285,35.6894","0.32470541074293746","0.16","0.6172224365910225","0.3142","1.0","0.26145055415676854","0.3736591418230564","0.4251497005988024","0.6095051758860066","0.426407240958839","0.2597456311810784","0.46115870898151773"
"0.4327346491669024","6","9","Michigan, Shiawassee","-84.1459,42.9539","0.5233153052058934","0.174887892376682","0.5362995145314826","0.1401","0.825","0.41517557433580937","0.2587832881127391","0.43712574850299407","0.5670390838965326","0.3920387078248106","0.1873337345403779","0.5091105072769189"
"0.4327134065831155","2","1","Oregon, Lincoln","-123.8699,44.6425","0.23660592781022077","0.285714285714286","0.5975540847923227","0.6482","0.42500000000000004","0.5704827129810713","0.4448908897257815","0.24550898203592814","0.732165228694653","0.3674007615895013","0.3617571851203943","0.5631715499331938"
"0.43271307024798367","1","10","Missouri, Texas","-91.9656,37.3173","0.0","0.0","0.4784282348391174","0.6797","0.75","0.6713285985896172","0.46666500260932264","0.39520958083832336","0.6207997313712245","0.44192966283599994","0.6809987366701503","0.4477076606920815"
"0.4326125559263505","1","10","Missouri, Howell","-91.8868,36.7738","0.0","0.0","0.5240504630159531","0.6909","1.0","0.6713285985896172","0.26655952839786706","0.4131736526946108","0.6037268925796017","0.5066651589242641","0.5256274532197955","0.41125040331534257"
"0.43252624860076877","2","1","Pennsylvania, Montour","-76.6635,41.0302","0.2694093356557596","0.02","0.6311077121231555","0.7778","1.0","0.5168765274771758","0.2331158318633882","0.4550898203592814","0.626321192473144","0.2920858939832291","0.09940713968484698","0.18250130081198024"
"0.4324944619806918","10","2","New York, Washington","-73.4304,43.3115","0.5201781458365498","0.155963302752294","0.5879257732154197","0.6361","0.75","0.1452368843520714","0.35108381941949746","0.3532934131736527","0.5858342498966352","0.33123341860016586","0.28704620013368454","0.0"
"0.4324317087743948","6","6","Virginia, Greene","-78.4653,38.2955","0.4985586531929887","0.473684210526316","0.5682373363731764","0.1188","0.825","0.5881367906958894","0.44240617570752555","0.32934131736526945","0.540406913436432","0.24835953403272296","0.2614695538232896","0.0"
"0.43241709606715034","5","7","Oregon, Morrow","-119.5845,45.4185","0.3956242988227747","0.181818181818182","0.4690455489288806","0.5183","0.5","0.5704827129810713","0.39206883793105984","0.29341317365269465","0.5067215141840639","0.3583884289339795","0.4723152000102704","0.48901689250266267"
"0.4324068767803678","5","6","Iowa, Shelby","-95.3102,41.685","0.5782744495753869","0.55","0.5616516651150549","0.1149","0.575","0.5306255646958271","0.2639128969212241","0.33532934131736525","0.6595100604482558","0.3188921946439721","0.08971761410753457","0.46972099713379273"
"0.4323190585433845","6","6","Missouri, Andrew","-94.8016,39.9849","0.5328836009696024","0.785714285714286","0.4873121608478029","0.0423","0.75","0.6713285985896172","0.26952797303496373","0.4131736526946108","0.5817386943120182","0.3405041127380083","0.1230368942941358","0.0"
"0.43223345175492256","10","7","New Mexico, Valencia","-106.8104,34.7167","0.3999933750573224","0.222222222222222","0.5666159632550893","0.5492","0.75","0.2328984071594001","0.5261673812049237","0.19760479041916168","0.5494974081927578","0.3699037227908726","0.5499359251599086","0.0"
"0.4321189706821077","10","1","California, Mariposa","-119.9073,37.5798","0.3491291474836137","0.133333333333333","0.4215978758941748","0.5938","0.575","0.5528135213810501","0.48291100413957594","0.3712574850299401","0.7266232409599707","0.18973503009349166","0.3069864889954899","0.48254590331390435"
"0.4318558679440665","6","3","West Virginia, Jackson","-81.6815,38.8426","0.39457815784531647","0.037037037037037","0.504938767089371","0.2821","0.825","0.42782761630184035","0.18917898637847522","0.43712574850299407","0.6095051758860066","0.5025400584027739","0.32414553860229045","0.5817450900105402"
"0.43185287529522176","6","3","Pennsylvania, Bedford","-78.49,40.0052","0.38940754857757137","0.25","0.5403694046834616","0.3053","0.75","0.5168765274771758","0.1563915514785542","0.4550898203592814","0.6510586369018438","0.32919478508535877","0.3140620323902223","0.5625986227408881"
"0.4317873408030821","10","3","Wisconsin, Waupaca","-88.9653,44.4707","0.3685087651601381","0.411764705882353","0.5591876629084501","0.3352","0.825","0.5349291819271391","0.26116174705630263","0.34730538922155696","0.6189409155096902","0.34168229735588135","0.12030022462830718","0.6529601511793557"
"0.43176090886565155","1","10","North Carolina, Pamlico","-76.6656,35.1525","0.0","0.0","0.5113820351448697","0.8551","0.75","0.751491911899152","0.6066923957562461","0.33532934131736525","0.7456700325571273","0.4206542608160495","0.4206913833298352","0.0"
"0.431751593358742","5","6","Wisconsin, Green","-89.6024,42.6795","0.5538479952651909","0.682926829268293","0.5639301793230008","0.0764","0.75","0.5349291819271391","0.22617779181448885","0.43113772455089816","0.5691748594129424","0.253498076463751","0.04150530880730206","0.4481167837752595"
"0.43171069165530424","2","1","Washington, Clallam","-123.9226,48.0475","0.23279315504156767","0.142857142857143","0.5542893535494346","0.7552","0.675","0.5051412015799757","0.5103174928594463","0.16766467065868262","0.7443413616038496","0.28103964133080567","0.31410611752734213","0.4717446950985501"
"0.43169624440969745","6","3","Georgia, Effingham","-81.3428,32.3662","0.3306085851446823","0.142857142857143","0.5046863373763572","0.1907","1.0","0.49930824224945697","0.526287404766354","0.44311377245508987","0.39950476257029566","0.3832125492446651","0.21287768033697518","0.6771245436634927"
"0.43161646442169865","10","3","Idaho, Madison","-111.6538,43.7814","0.39698766727907125","0.368421052631579","0.6148080275296198","0.5349","1.0","0.48916979685071754","0.24297340810796322","0.2634730538922156","0.19428309279710032","0.1899021067853313","0.44138753851242457","0.4952581725647891"
"0.43157910744871913","2","1","New Mexico, Otero","-105.7418,32.6135","0.2039359438549985","0.25","0.48628532383468853","0.8618","0.575","0.2328984071594001","0.668102909383088","0.22155688622754494","0.5517358041566147","0.3620909646019955","0.5499804947490847","0.500896386718154"
"0.4314699912960788","2","7","Kentucky, Ballard","-88.9943,37.0584","0.358937587495484","0.111111111111111","0.5170375412322792","0.3556","0.575","0.6498233878958141","0.35917220739790007","0.48502994011976047","0.6189409155096902","0.46864279343642157","0.41122858131485374","0.0"
"0.43143594022448245","10","2","North Dakota, Mountrail","-102.3555,48.202","0.4822664594049768","0.102564102564103","0.48325501332395826","0.7784","0.575","0.08543591436610563","0.6771042410087478","0.11976047904191617","0.39950476257029566","0.48736374363473317","0.2523805065697149","0.5555927849921317"
"0.4313647553306929","1","10","Oklahoma, Johnston","-96.6601,34.3144","0.0","0.0","0.4350884890521122","0.5342","0.675","0.6933119590201189","0.7001065729997249","0.38323353293413176","0.5938927650957907","0.5045369974127905","0.6412743947346844","0.46282946076861725"
"0.4312722462673106","5","6","Wisconsin, Oconto","-88.2681,45.0272","0.48365293583323055","0.5","0.4860807947961327","0.078","0.75","0.5349291819271391","0.30135878601936195","0.33532934131736525","0.6095051758860066","0.42242834458052314","0.1269971687410702","0.5742838909814144"
"0.43097410508337686","6","3","West Virginia, Morgan","-78.2631,39.5544","0.42224372517760334","0.235294117647059","0.5296181086585916","0.1337","0.75","0.42782761630184035","0.237581607544485","0.3712574850299401","0.6527643232093532","0.543601660582101","0.33673899091785625","0.46166029906101036"
"0.4308429346124052","6","2","Utah, Washington","-113.5047,37.28","0.5263620839587361","0.583815028901734","0.5754203260028256","0.4046","1.0","0.04550202230851092","0.3618837645666984","0.11976047904191617","0.626321192473144","0.1398339567410469","0.2933078640738955","0.4221887061986408"
"0.43072178666609584","10","3","Wisconsin, Sauk","-89.9497,43.4257","0.41080442148964286","0.168831168831169","0.5916416300131235","0.4011","0.75","0.5349291819271391","0.3923276323060247","0.3592814371257485","0.5712984652022484","0.2991688599894453","0.1471713268330364","0.45135432357948146"
"0.4307211587841065","5","6","Kansas, Grant","-101.308,37.5623","0.5787430832578284","0.583333333333333","0.39487259604772396","0.1535","0.575","0.535277945802919","0.3740208678760447","0.251497005988024","0.42544161229202965","0.2726352907966563","0.4589524378293593","0.40858470671467173"
"0.43069589284328735","2","3","Michigan, Roscommon","-84.6107,44.3347","0.3903284911441888","0.19047619047619","0.4511382624279937","0.2101","1.0","0.41517557433580937","0.29413013500411245","0.281437125748503","0.7846716780769137","0.41795664184797204","0.4580299200012209","0.0"
"0.4306859874720452","6","9","Indiana, Newton","-87.3964,40.9561","0.5473007039508301","0.140845070422535","0.5152438017696439","0.042","0.75","0.4061590902707796","0.2701843790408556","0.5209580838323353","0.5858342498966352","0.46388254348239993","0.3906384000195719","0.0"
"0.4306806955910637","3","10","Montana, Glacier","-112.9934,48.7051","0.0","0.0","0.42629266614818956","0.9596","0.5","0.43215267570306487","0.6173587656327505","0.21556886227544908","0.40944379978250145","0.6983556947855971","0.9067146387241182","0.43604318367325207"
"0.43055041875462","2","3","Wisconsin, Manitowoc","-87.8093,44.1195","0.33575114737605916","0.380952380952381","0.6041195048057896","0.2432","1.0","0.5349291819271391","0.323992579635094","0.38922155688622756","0.6056629582719985","0.3145610480366283","0.12144571151534059","0.4297872688763884"
"0.43048531210551566","10","1","New York, Delaware","-74.9671,42.1984","0.38347734035988357","0.102941176470588","0.5212747701299933","0.8991","0.675","0.1452368843520714","0.3126693584065448","0.29341317365269465","0.6758588134982833","0.27721283055127516","0.31399638913659866","0.5142804849129629"
"0.43036211944332237","1","10","Arkansas, Jackson","-91.2149,35.598","0.0","0.0","0.48227306876574416","0.7084","0.675","0.5574725952297617","0.5929945875521268","0.43113772455089816","0.5648909983668218","0.6455054156373431","0.5670954592187654","0.3095132874401378"
"0.4303594168758235","1","10","Kentucky, Morgan","-83.2556,37.9247","0.0","0.0","0.4892423178428367","0.9819","0.675","0.6498233878958141","0.38155859063506936","0.39520958083832336","0.5166605513962695","0.4955843956539466","0.550891627953901","0.48724451746326763"
"0.430306526231647","6","9","Georgia, Harris","-84.9054,32.7371","0.49370890084356805","0.202702702702703","0.5237184266127279","0.0519","0.825","0.49930824224945697","0.5523221274092173","0.4970059880239522","0.5670390838965326","0.3293205249425038","0.19759358130092575","0.0"
"0.4302177956950626","2","1","Missouri, Boone","-92.3072,38.9919","0.14047157177797948","0.03","0.654663808752265","0.7144","1.0","0.6713285985896172","0.48869135479682524","0.4251497005988024","0.40944379978250145","0.24693674779760733","0.22967968877831","0.3424996352948106"
"0.4302019242741886","10","3","Michigan, Wexford","-85.5771,44.3385","0.2787469721683311","0.181818181818182","0.5741650211502364","0.3945","1.0","0.41517557433580937","0.271425533909061","0.281437125748503","0.5817386943120182","0.4120067620187317","0.4004741090048616","0.5176494232364323"
"0.43016037965172876","6","9","Virginia, Loudoun","-77.6348,39.0899","0.6162669667659998","0.383916083916084","0.6831592129420168","0.0853","0.675","0.5881367906958894","0.4690943975680012","0.39520958083832336","0.30440018439969097","0.09506484051843857","0.04929784124530339","0.5994328771318083"
"0.4301316687837347","2","3","Pennsylvania, Washington","-80.2458,40.1921","0.27527117130762496","0.0923076923076923","0.6043135885327294","0.4868","1.0","0.5168765274771758","0.3032122877915513","0.43712574850299407","0.6114115319998742","0.36743454785688506","0.09854493613771327","0.4331898341497027"
"0.4300844268214198","1","10","North Carolina, Avery","-81.9231,36.0757","0.0","0.0","0.5380270104356842","0.8071","0.75","0.751491911899152","0.4476128465360002","0.32934131736526945","0.6388951207196634","0.3693723836518631","0.5266123442501779","0.4352048008198743"
"0.42991125733833985","10","7","Tennessee, Van Buren","-85.4522,35.6986","0.3941302040254558","0.333333333333333","0.4512162001771964","0.525","0.575","0.26145055415676854","0.2363931524051398","0.3712574850299401","0.6561524538860896","0.4762493767163296","0.6691793176274785","0.0"
"0.4294599305896663","5","6","Texas, Shackelford","-99.354,32.7359","0.4560923314891774","1.0","0.4218575082425783","0.3559","0.32499999999999996","0.7194085185102618","0.31899948718035626","0.281437125748503","0.5878652729484978","0.1868751895976629","0.5306752014200259","0.0"
"0.4294494597590757","10","3","Wisconsin, Dane","-89.4173,43.066","0.38440808450366637","0.165703275529865","0.709155655839574","0.6546","0.75","0.5349291819271391","0.4377344792256308","0.38323353293413176","0.452613368495235","0.13286848463436088","0.05245101856650395","0.4333213526835461"
"0.42924136073493663","5","7","Georgia, Schley","-84.3126,32.2654","0.40455208650619406","0.0625","0.4611870488743657","0.4569","0.5","0.49930824224945697","0.4313308914947662","0.48502994011976047","0.5494974081927578","0.2914591799571228","0.6481740820329934","0.0"
"0.42923492505789795","2","1","Colorado, Mesa","-108.4698,39.0179","0.1890769922709678","0.08","0.5621521839870356","0.5969","0.825","0.903104230085054","0.36080059226887723","0.2035928143712575","0.5775976316230177","0.2241676435983681","0.38490478882068746","0.42904839558401514"
"0.42919213316314436","1","10","Kansas, Crawford","-94.8525,37.5068","0.0","0.0","0.5330368104196688","0.9586","1.0","0.535277945802919","0.44254599525928284","0.40119760479041916","0.5117241638959221","0.36858662204293857","0.4129870211660737","0.40189100232416175"
"0.42901186784603923","5","7","Texas, Yoakum","-102.8276,33.1732","0.35093530099510123","0.5","0.4449417888453272","0.3034","0.575","0.7194085185102618","0.3963789623577166","0.25748502994011974","0.4061601502796258","0.28557901882385484","0.6279849059272831","0.43794344180709716"
"0.42899849119783245","10","7","Idaho, Minidoka","-113.6357,42.8552","0.4051690815068756","0.266666666666667","0.5082305870236159","0.1761","0.75","0.48916979685071754","0.32943200440783876","0.2634730538922156","0.526341402378779","0.3324031762540227","0.5700012026522298","0.5421477588259274"
"0.42886161301996223","5","6","South Dakota, Clark","-97.7293,44.8583","0.5599753385134542","0.75","0.3521655348193125","0.157","0.5","1.0","0.34326668709373","0.155688622754491","0.6317620454190964","0.26689375080233246","0.17905517557693096","0.0"
"0.4285682167129107","2","1","West Virginia, Marion","-80.2424,39.5098","0.14775789022203223","0.0212765957446809","0.5613841095731565","0.6336","1.0","0.42782761630184035","0.344591467425864","0.4191616766467066","0.5978576089534523","0.44653231491450146","0.3443106132182017","0.40360855690048"
"0.42856608116472145","6","9","Indiana, Brown","-86.2287,39.1961","0.566648290443691","0.433333333333333","0.4903441436881874","0.1044","0.825","0.4061590902707796","0.263324003127208","0.4670658682634731","0.6742558355103007","0.3219698921164153","0.1712697888067595","0.0"
"0.4283234966313189","5","7","Mississippi, Benton","-89.1895,34.8168","0.3550456682285362","0.0769230769230769","0.45493772536554555","0.1203","0.5","0.5163989158141343","0.6076277554116394","0.40119760479041916","0.5712984652022484","0.5631406104309067","0.6930669218437132","0.0"
"0.42832089818286767","6","9","Virginia, King George","-77.1585,38.2682","0.5063955461625961","0.276595744680851","0.5925809275465305","0.0089","1.0","0.5881367906958894","0.5889257641277633","0.34730538922155696","0.4407808887294848","0.32427510391957126","0.05881962529813484","0.0"
"0.42815914876937566","10","7","Michigan, Schoolcraft","-86.1997,46.1924","0.3577364625307413","0.25","0.4600391216519277","0.2833","0.675","0.41517557433580937","0.48808008828817634","0.21556886227544908","0.712396635537302","0.3581623247249166","0.467070037597113","0.5157111177592971"
"0.4280561134396313","2","3","West Virginia, Hancock","-80.5746,40.5194","0.21885069358049555","0.0833333333333333","0.6117265488483579","0.383","1.0","0.42782761630184035","0.3183486394153593","0.4730538922155689","0.6527643232093532","0.548118640838529","0.34706835654847773","0.0"
"0.42779188463197254","3","10","West Virginia, McDowell","-81.6508,37.38","0.0","0.0","0.531612898485804","0.9255","0.5","0.42782761630184035","0.41230366401065466","0.37724550898203596","0.6170727822364962","0.7923967357660658","0.5993852787858082","0.3281081466619047"
"0.42770249433951674","1","10","Missouri, Pulaski","-92.2078,37.8246","0.0","0.0","0.5671618366208355","0.7323","1.0","0.6713285985896172","0.5964582372900442","0.39520958083832336","0.2911671324946231","0.34658868236079177","0.45614201033796464","0.5798502014235187"
"0.4275544404438566","1","10","Kentucky, Breathitt","-83.3196,37.5233","0.0","0.0","0.491376751540943","0.9249","0.75","0.6498233878958141","0.14283807612458657","0.40119760479041916","0.5287228277828","0.6824671327275774","0.5810501006994155","0.38410924797330204"
"0.4274753865905999","5","6","Minnesota, Sibley","-94.2316,44.5797","0.46465751056549665","0.714285714285714","0.5124947982924573","0.1312","0.675","0.7794980274392814","0.2466595621056915","0.251497005988024","0.5755097168756041","0.3050487648259774","0.08303362908727659","0.5294283884231724"
"0.42745494073755147","5","6","Iowa, Franklin","-93.2626,42.7327","0.4832672077519391","0.571428571428571","0.581614898882898","0.0252","0.575","0.5306255646958271","0.27401077495421444","0.34730538922155696","0.6299572389493907","0.45195964405087946","0.2070487531960211","0.4531643803489444"
"0.4274304524996947","2","3","Florida, Nassau","-81.803,30.6104","0.31241206423523504","0.107692307692308","0.5386232159088872","0.3031","1.0","0.36515492191213655","0.45328556856611857","0.3532934131736527","0.6353456481032828","0.3581825833193187","0.19008711780214763","0.6218637460527969"
"0.42740149651567383","6","9","Wisconsin, Waukesha","-88.3043,43.0183","0.44418047856926185","0.237687366167024","0.7013824726907147","0.1028","1.0","0.5349291819271391","0.2921182999473924","0.4970059880239522","0.5691748594129424","0.18837273295197088","0.006178822638589932","0.44252293869310894"
"0.4273947516885105","6","3","Ohio, Medina","-81.8999,41.1177","0.42146970473619066","0.188679245283019","0.610154975615727","0.0592","1.0","0.672432174036711","0.22989687370413253","0.49101796407185627","0.5517358041566147","0.27147917030242985","0.03011051199194454","0.5567860754899591"
"0.4273396540607133","5","6","Minnesota, Marshall","-96.3702,48.3583","0.5155794238078261","0.625","0.4322127837200778","0.2009","0.5","0.7794980274392814","0.2654514847915713","0.2095808383233533","0.6299572389493907","0.3443078653697808","0.11117290566228774","0.5344319439672129"
"0.4273147732161504","6","6","Kentucky, Livingston","-88.348,37.2114","0.41808160801392236","0.285714285714286","0.4422452035042906","0.2079","0.575","0.6498233878958141","0.23118337146411108","0.48502994011976047","0.626321192473144","0.40442390864918837","0.31048713955404494","0.4419187172991536"
"0.42710716791350245","3","10","South Dakota, Mellette","-100.7563,43.5808","0.0","0.0","0.3416433068524034","0.8711","0.25","1.0","0.614886794827572","0.11976047904191617","0.5092312328105775","0.7072417264013665","0.9249760589849445","0.0"
"0.42709745269522337","6","3","Illinois, Mason","-89.9182,40.2392","0.45158551941453046","0.25","0.49707136637414245","0.1047","0.75","0.42780561490378566","0.23244626310858713","0.49101796407185627","0.6493451083308717","0.3256790683593853","0.34829293023369606","0.516792089543283"
"0.4270725702206438","10","2","North Dakota, Stutsman","-98.9564,46.9796","0.4485964754432593","0.375","0.5157441481133713","0.8134","0.675","0.08543591436610563","0.45579178414706617","0.14970059880239522","0.5858342498966352","0.3172534507634995","0.15990999365246694","0.5426915988167195"
"0.4268369595793789","6","9","Ohio, Delaware","-83.0046,40.2794","0.4935637758927024","0.346303501945525","0.6361040772227385","0.0417","0.75","0.672432174036711","0.32542383024652216","0.532934131736527","0.4496902805094778","0.20287499789522564","0.016495713628762697","0.6014911975235067"
"0.4268009530288735","6","3","Ohio, Fulton","-84.1257,41.6021","0.42771620974692737","0.294117647058824","0.5340390882265764","0.0723","0.825","0.672432174036711","0.22957681729296878","0.5149700598802395","0.5517358041566147","0.33159746583922195","0.16746054228836502","0.4391012264869802"
"0.426796816602893","1","10","Texas, Karnes","-97.8596,28.9071","0.0","0.0","0.5243062252238896","0.9392","0.75","0.7194085185102618","0.5591324786933688","0.38323353293413176","0.48601108590571473","0.21485627172010044","0.5053612492371394","0.5069016906231125"
"0.42676682194764304","1","10","North Carolina, Tyrrell","-76.1706,35.8715","0.0","0.0","0.49121698638664596","0.8602","0.5","0.751491911899152","0.6978991247622636","0.29341317365269465","0.6424111072462477","0.47251095331457516","0.6254420170839596","0.0"
"0.42656280282609615","5","6","Nevada, Storey","-119.525,39.4488","0.43292634938481367","1.0","0.5538978797199307","0.0197","0.75","0.5573731273809973","0.45469746832020724","0.2694610778443114","0.7675615085087122","0.25318798428659006","0.12384011580341953","0.0"
"0.426234199240058","1","10","Kentucky, Marion","-85.269,37.5522","0.0","0.0","0.4697052244057862","0.8379","0.75","0.6498233878958141","0.3903519832741802","0.4730538922155689","0.540406913436432","0.47823309546255444","0.5395093057789923","0.39788737606279523"
"0.42615928377877826","6","2","Rhode Island, Newport","-71.2657,41.5642","0.5080507908670427","0.208121827411168","0.7046631648554756","0.4874","1.0","0.0","0.42474322869114495","0.2095808383233533","0.6353456481032828","0.17801918966468883","0.058249304114899425","0.5096035652173849"
"0.42615070330083143","10","3","Kansas, Harvey","-97.4275,38.0429","0.3514216517052726","0.333333333333333","0.5379330458985297","0.3279","0.825","0.535277945802919","0.39977794423644475","0.3712574850299401","0.595880459448231","0.2962083597446273","0.1974464289888359","0.3899626523620333"
"0.4260640927066769","5","6","Missouri, Schuyler","-92.5231,40.4692","0.41859835763938297","1.0","0.47630082321558104","0.212","0.5","0.6713285985896172","0.057943425786793464","0.37724550898203596","0.6056629582719985","0.37659238204830864","0.5022315678406676","0.0"
"0.4260519898567405","6","9","New Hampshire, Rockingham","-71.1288,42.985","0.5679388402714506","0.243835616438356","0.6556370658323096","0.114","1.0","0.499606471180141","0.19095234723483945","0.29341317365269465","0.5494974081927578","0.19771680269597927","0.03243164290651372","0.5012601052324308"
"0.4260243776528651","2","3","Missouri, Camden","-92.7608,38.022","0.16968189869670058","0.0277777777777778","0.5512447753599966","0.2945","1.0","0.6713285985896172","0.2791788590935583","0.407185628742515","0.732165228694653","0.2956630149732277","0.4309056915970943","0.45007857595902295"
"0.4260207801110991","2","3","Missouri, Bates","-94.3411,38.2527","0.2814531065421688","0.142857142857143","0.4614810939409946","0.404","0.75","0.6713285985896172","0.3471306080274825","0.38323353293413176","0.6017807168377609","0.4205920717468878","0.3086203035552362","0.40406297594526946"
"0.4260154068147686","6","9","Rhode Island, Kent","-71.5764,41.6711","0.6096472021097701","0.235560588901472","0.715785722769365","0.2311","1.0","0.0","0.3394263831743831","0.21556886227544908","0.5817386943120182","0.26733354265448417","0.09837719461323224","0.46792777132102936"
"0.42588914071397715","2","3","Pennsylvania, Westmoreland","-79.4662,40.3138","0.30620112705469177","0.0638297872340425","0.6217093036088782","0.3967","1.0","0.5168765274771758","0.2538926353409713","0.407185628742515","0.6476236650502001","0.3629907883825274","0.0753302358276276","0.487775526482136"
"0.4258150665830341","10","1","Missouri, Nodaway","-94.8813,40.3608","0.24762844792247554","0.2","0.4670459419581164","0.5384","0.75","0.6713285985896172","0.3694095633881392","0.38323353293413176","0.49908933331939354","0.3419025980139098","0.3804192472317501","0.40557679409335723"
"0.42579011631289454","10","6","Kansas, Kiowa","-99.2857,37.5585","0.4839108533739451","0.5","0.4447032965235943","0.4664","0.5","0.535277945802919","0.32741065140030495","0.25748502994011974","0.6353456481032828","0.29752187155776905","0.2262446814733786","0.3444203913499004"
"0.42578364342071845","2","1","West Virginia, Nicholas","-80.7976,38.2962","0.2359588900004239","0.142857142857143","0.4849679261276775","0.5759","0.825","0.42782761630184035","0.2007086255602777","0.3652694610778443","0.6406572602088578","0.4852773487249298","0.46193363467058657","0.3868557473146728"
"0.4257406132601265","5","7","Oklahoma, Love","-97.2391,33.9527","0.33304912146474475","0.333333333333333","0.4740706065410484","0.234","0.25","0.6933119590201189","0.6219459440805868","0.37724550898203596","0.5998243249034969","0.3759537191232872","0.46947304090919056","0.45328618372657586"
"0.4255169153897544","1","10","Texas, Uvalde","-99.7623,29.3574","0.0","0.0","0.5391129582508922","0.8364","0.75","0.7194085185102618","0.3361176424576931","0.311377245508982","0.5539608364828539","0.34319082145552043","0.6426532663998225","0.5734803066118069"
"0.42550214497921446","6","9","Wisconsin, Washington","-88.2297,43.3686","0.45155120019336836","0.285714285714286","0.6458738286990358","0.0433","1.0","0.5349291819271391","0.28713454337948086","0.4610778443113772","0.5539608364828539","0.21915445912015236","0.02163211655528912","0.5599577168485766"
"0.4253600396911407","5","6","Iowa, Wright","-93.7352,42.7331","0.482968144114392","0.625","0.5747107057874682","0.2633","0.675","0.5306255646958271","0.25425321330845974","0.34730538922155696","0.6476236650502001","0.29262472028189496","0.21163687750787208","0.0"
"0.42525481826717365","10","6","Vermont, Bennington","-73.0905,43.0352","0.4746422812774109","0.216666666666667","0.5611169679002","0.5992","0.575","0.458548176019114","0.2620702601945295","0.281437125748503","0.6544622387094758","0.28227081836107165","0.1273336206941447","0.43861396837154404"
"0.4250834851569493","10","1","Wisconsin, Douglas","-91.916,46.4322","0.2949860128205973","0.25","0.5727629358075627","0.6679","0.675","0.5349291819271391","0.43222072876460965","0.23353293413173656","0.5691748594129424","0.28382907070854924","0.16563113021090256","0.6321953828938628"
"0.4250294350677274","10","3","Wisconsin, Sawyer","-91.145,45.8793","0.2803375665645773","0.25","0.46209971193143434","0.3569","0.675","0.5349291819271391","0.5807042514000821","0.21556886227544908","0.6991111644276193","0.42149465005094094","0.2845438841500731","0.5133446315448212"
"0.42501414363682166","10","7","Missouri, Gentry","-94.4094,40.211","0.3790250414683135","0.5","0.4668513952987692","0.4635","0.32499999999999996","0.6713285985896172","0.22123382288254936","0.37724550898203596","0.613308186513927","0.3892026551374635","0.4077490044207462","0.35939003992875657"
"0.42497057897388674","5","7","Georgia, Oglethorpe","-83.0828,33.8786","0.4644703327666862","0.0909090909090909","0.477346624888509","0.2012","0.5","0.49930824224945697","0.5294369528806652","0.4730538922155689","0.5817386943120182","0.35483180982323403","0.48858564343287086","0.0"
"0.42476519008401864","6","3","Missouri, Cass","-94.3534,38.6479","0.3050923012216756","0.112676056338028","0.5704751528321377","0.0684","1.0","0.6713285985896172","0.45515952056514003","0.4131736526946108","0.5380992168517501","0.35094489633229475","0.1411813193833749","0.5634674751562087"
"0.424680625871868","2","3","Iowa, Cerro Gordo","-93.2612,43.0818","0.2964011255458286","0.176470588235294","0.6718494844152146","0.4454","1.0","0.5306255646958271","0.31175512285658374","0.33532934131736525","0.6299572389493907","0.31727470633700394","0.11637592074655033","0.2414046721963907"
"0.4246776890536392","5","6","Colorado, San Juan","-107.6763,37.7625","0.6132518289385667","1.0","0.31219549472252794","0.4645","0.32499999999999996","0.903104230085054","0.15572651008312957","0.059880239520958084","0.743007936898218","0.22026177591444768","0.0916653535997392","0.0"
"0.4246396517989727","6","9","New Mexico, Sandoval","-106.8688,35.6886","0.5093747768127997","0.151138716356108","0.5637299735829987","0.1847","0.675","0.2328984071594001","0.6687689800543247","0.23952095808383234","0.5449798764246452","0.23283300195425077","0.3727148850679886","0.487686529899329"
"0.42453605271123757","2","3","Texas, Gillespie","-98.9468,30.3182","0.22772776962344415","0.25","0.5121268272817275","0.461","0.825","0.7194085185102618","0.2860958419749367","0.3233532934131737","0.7574196090175283","0.1832198320578094","0.33432666190369553","0.4208613013454527"
"0.42450872180266447","2","3","Missouri, Ray","-93.9891,39.3537","0.3199089536507375","0.153846153846154","0.4712403525310794","0.1901","0.75","0.6713285985896172","0.33727738625191406","0.38323353293413176","0.5712984652022484","0.44137500012042163","0.35589083405809385","0.5158387835917579"
"0.42443549375207557","3","10","Louisiana, Claiborne","-92.9953,32.8231","0.0","0.0","0.4878272619548156","0.9624","0.575","0.17214552458425092","0.666705085436887","0.39520958083832336","0.5898852876912913","0.598290331372621","0.6423231123234793","0.43131497539855135"
"0.42418819202576336","6","6","Nebraska, Knox","-97.8918,42.6376","0.5471411017814297","0.75","0.3856682725384303","0.4721","0.32499999999999996","0.25083837871869175","0.47305011412612225","0.2754491017964072","0.6884403224054082","0.2797590550527349","0.1888448616168757","0.44069907922759266"
"0.4241197226891067","5","6","Indiana, Benton","-87.3109,40.6063","0.6192281304784825","0.571428571428571","0.4805788801167113","0.0541","0.5","0.4061590902707796","0.21017607046364187","0.47904191616766467","0.560557323866868","0.4135470452808861","0.36355159553679167","0.0"
"0.424098854266583","6","3","Illinois, Henry","-90.133,41.3534","0.4479689509501289","0.21875","0.5502620741096499","0.1289","0.75","0.42780561490378566","0.30372859919470885","0.4970059880239522","0.6170727822364962","0.3473122860703879","0.20209305088648064","0.49551581106300696"
"0.4240783025154864","10","3","Michigan, Otsego","-84.599,45.0209","0.43074905602584046","0.0606060606060606","0.5660258745309362","0.4508","0.75","0.41517557433580937","0.2827648165828902","0.251497005988024","0.6226493223021841","0.32993583751085787","0.28105619268402304","0.48779697428244767"
"0.42401690503464734","6","9","Georgia, Columbia","-82.2635,33.5453","0.44292594042612643","0.204878048780488","0.647403227989227","0.0357","1.0","0.49930824224945697","0.5394882607337378","0.49101796407185627","0.4496902805094778","0.2710461381951087","0.1568033237286676","0.0"
"0.42386239819458527","6","9","Kansas, Johnson","-94.8225,38.8855","0.4424842369776312","0.25","0.718837457801256","0.0783","1.0","0.535277945802919","0.413364618145249","0.407185628742515","0.4752076683887773","0.1515841679618103","0.045832192347813334","0.4829594115957949"
"0.423832004921443","2","3","Pennsylvania, Wayne","-75.2996,41.6494","0.3075992723333702","0.037037037037037","0.5180039843530685","0.2318","1.0","0.5168765274771758","0.3493876822676188","0.3712574850299401","0.6694051144412375","0.3474052898419676","0.27209661524248463","0.46830132702520033"
"0.42369931388446286","8","6","Texas, Sherman","-101.8933,36.2775","0.6121560950188584","0.19047619047619","0.4536889553944699","0.2108","0.5","0.7194085185102618","0.39138401660573163","0.2095808383233533","0.49129758316188105","0.1945260282528084","0.49992715052203957","0.0"
"0.42361405529834995","10","7","Illinois, Douglas","-88.2185,39.7677","0.41240420638350234","0.173913043478261","0.5317619471011049","0.5447","0.75","0.42780561490378566","0.18751078452716907","0.5089820359281437","0.5648909983668218","0.2787881907738104","0.3827690819306529","0.0"
"0.42340665434071256","1","10","Virginia, Tazewell","-81.5669,37.1219","0.0","0.0","0.5661206282577655","0.6845","1.0","0.5881367906958894","0.31119525999135617","0.3592814371257485","0.6317620454190964","0.44808788625105295","0.5280200408126635","0.3509581814106685"
"0.4233863941131023","2","1","California, Shasta","-122.0397,40.7639","0.14045051951201507","0.0882352941176471","0.5897231316520465","0.815","0.75","0.5528135213810501","0.4672811985320399","0.3233532934131737","0.6170727822364962","0.26185218920596576","0.3241670967187941","0.39164553487070275"
"0.4233797293332622","5","3","Wisconsin, Burnett","-92.3671,45.863","0.28779232830159696","1.0","0.452539724282812","0.0458","0.75","0.5349291819271391","0.47586737033189974","0.22155688622754494","0.734905621980166","0.3862544448239796","0.21848715069644223","0.5048508312836035"
"0.42330191703936215","6","9","Massachusetts, Barnstable","-70.2885,41.7298","0.5820740492465258","0.18308631211857","0.6363044677779439","0.0942","1.0","0.13189104157094694","0.435235518030848","0.22155688622754494","0.7587025424966539","0.17713020287521428","0.037165466174285754","0.5047191173259783"
"0.4231907919004279","10","3","Michigan, Alpena","-83.6221,45.0348","0.4595381484326265","0.0989010989010989","0.5664898384801189","0.3222","0.75","0.41517557433580937","0.24843624418641128","0.2694610778443114","0.6611775880966219","0.3684099594271691","0.2989006208374214","0.38267615003073685"
"0.4231707459787081","1","10","Oklahoma, Haskell","-95.1151,35.2226","0.0","0.0","0.47556132273347757","0.4429","0.75","0.6933119590201189","0.5895554296172704","0.4131736526946108","0.613308186513927","0.38683852239129235","0.6845745984104402","0.4808213067054268"
"0.42299959513951585","2","3","Tennessee, Decatur","-88.1104,35.6005","0.31743422222602163","0.2","0.5180384850205543","0.235","0.75","0.26145055415676854","0.35741755611600745","0.40119760479041916","0.6742558355103007","0.4566446860142377","0.5333591869247358","0.4130909502917399"
"0.4229117712822814","10","1","New York, Cortland","-76.0705,42.5951","0.3590530017578941","0.176470588235294","0.6319178617447158","0.7969","0.825","0.1452368843520714","0.30612323810207615","0.29341317365269465","0.5287228277828","0.33728046906369874","0.2288534557963538","0.4141628640434504"
"0.42273748576945086","10","7","Pennsylvania, Sullivan","-76.5125,41.4463","0.38853003874702585","0.5","0.4440927627006347","0.3779","0.5","0.5168765274771758","0.4235560960798003","0.3532934131736527","0.7307874385574278","0.3769575996235398","0.33942963763833983","0.0"
"0.4226919071133756","6","9","Wisconsin, Ozaukee","-87.9463,43.3835","0.46944117778201067","0.258333333333333","0.6596002154247501","0.1117","1.0","0.5349291819271391","0.2942877009587907","0.44910179640718567","0.5918944128138512","0.12927846160017795","0.0077264047323214674","0.4047221078625715"
"0.42269077717207504","5","7","Kentucky, Carlisle","-88.9669,36.8537","0.41462255122951647","0.333333333333333","0.4645559410309242","0.178","0.5","0.6498233878958141","0.3457761661057754","0.47904191616766467","0.6281436499318728","0.39128285255325135","0.4437877562251787","0.0"
"0.4226824735317412","6","3","Virginia, Gloucester","-76.5352,37.4081","0.3419157475562944","0.142857142857143","0.5964909001962003","0.0331","1.0","0.5881367906958894","0.4911824923773553","0.34131736526946105","0.5858342498966352","0.3509096457923087","0.12404528124924685","0.4925925067007213"
"0.4226425949920808","2","1","New Hampshire, Coos","-71.3063,44.6906","0.28499714077853966","0.5","0.5088381922371227","0.6979","0.575","0.499606471180141","0.2729484253508378","0.19161676646706588","0.6628376879802886","0.3645735657777142","0.31032702814945007","0.47378289662408035"
"0.4225783602375568","6","3","Ohio, Wyandot","-83.3073,40.8434","0.4237085544660677","0.172413793103448","0.4910958812795887","0.1477","0.75","0.672432174036711","0.13031171220356547","0.5149700598802395","0.5878652729484978","0.42093990248396906","0.16042859957869626","0.5220152356825977"
"0.4223565273316401","2","1","Tennessee, Roane","-84.5246,35.8492","0.153621637690427","0.125","0.589374618232349","0.4132","1.0","0.26145055415676854","0.36992367030549733","0.4191616766467066","0.6544622387094758","0.4687353437776599","0.37523924362016003","0.5627103039416326"
"0.4223427327035916","5","6","Minnesota, Rock","-96.253,43.6748","0.49114051336274506","0.2","0.5166080526830291","0.2954","0.675","0.7794980274392814","0.3202545113468245","0.29341317365269465","0.6114115319998742","0.16740471332719004","0.07733695735768223","0.4302118151629111"
"0.4217776849271118","6","9","Connecticut, Litchfield","-73.2451,41.7938","0.5934738669998708","0.160453808752026","0.6198934401742489","0.1573","0.825","0.35653512920289365","0.2965186007749599","0.29341317365269465","0.6170727822364962","0.20802622470512122","0.07729238776850603","0.5145155023965756"
"0.4217652569915206","2","3","Ohio, Seneca","-83.1278,41.1235","0.14948960386021917","0.0666666666666667","0.5478215339208654","0.389","1.0","0.672432174036711","0.32396123351523365","0.5089820359281437","0.558371441896005","0.3805896611228088","0.2610727875892104","0.44555500280229743"
"0.42169659044284596","6","3","New York, Wayne","-77.0298,43.1549","0.4153236118517992","0.206521739130435","0.6169330919482426","0.4183","0.825","0.1452368843520714","0.3688668538250509","0.33532934131736525","0.5734100391661536","0.35828078627118654","0.22363748161958621","0.529286005682404"
"0.42169384094594964","1","10","Nevada, Mineral","-118.4345,38.5384","0.0","0.0","0.4235029567416508","0.8663","0.675","0.5573731273809973","0.7474236670807433","0.14970059880239522","0.6976053368935816","0.4318134351096789","0.5664541658092874","0.3119994480120733"
"0.4216706073107171","2","3","Michigan, Midland","-84.388,43.6433","0.3302318462870958","0.114285714285714","0.6167199385676556","0.3999","1.0","0.41517557433580937","0.32100889468404914","0.38323353293413176","0.5712984652022484","0.3447559597600102","0.13445518703422205","0.40322513201048116"
"0.4214881726693599","5","6","Minnesota, Red Lake","-96.0956,47.872","0.5087912296274771","0.666666666666667","0.4331833138594426","0.3225","0.575","0.7794980274392814","0.36121485182796803","0.19161676646706588","0.6075890184122873","0.3158334820581838","0.07685529090074293","0.0"
"0.4211950837003771","6","6","Indiana, Pike","-87.2357,38.4011","0.43007071648922285","0.6","0.5433060558271895","0.1601","0.675","0.4061590902707796","0.21231230710746787","0.5568862275449102","0.6114115319998742","0.495913302650011","0.228673239631424","0.0"
"0.421141426157819","3","10","Montana, Roosevelt","-105.0079,48.2961","0.0","0.0","0.4635867880700294","0.9131","0.5","0.43215267570306487","0.6394543384893159","0.19760479041916168","0.38929338935206537","0.7397876140884466","0.8180692381301071","0.3424379854410938"
"0.4210603399385414","2","3","Michigan, Lapeer","-83.2215,43.0905","0.33688943427418544","0.05","0.5665710569279069","0.2999","1.0","0.41517557433580937","0.3048717724305237","0.43712574850299407","0.558371441896005","0.3231233360178094","0.25369094938190584","0.4744015681066981"
"0.42096242589786936","6","3","Georgia, Bryan","-81.44,32.0098","0.4003309730154816","0.114754098360656","0.576034821700645","0.0939","1.0","0.49930824224945697","0.5475428883477861","0.43712574850299407","0.3679909167750092","0.35884796153145215","0.32307526289699184","0.0"
"0.4209540640759377","2","3","Pennsylvania, Bradford","-76.5157,41.7887","0.3329974893524876","0.146341463414634","0.5531957287948753","0.5065","0.75","0.5168765274771758","0.20209290332651914","0.3592814371257485","0.624489779413553","0.4108562540238085","0.2567755767371452","0.3523862779237205"
"0.420828783805555","1","10","Arkansas, Phillips","-90.848,34.4327","0.0","0.0","0.5139414670406328","0.362","0.75","0.5574725952297617","0.6452563729166518","0.43113772455089816","0.5712984652022484","0.6595833595034453","0.6200411033347136","0.2992574195821718"
"0.4207477111448778","2","1","Colorado, La Plata","-107.8429,37.2863","0.3216212079883457","0.0735294117647059","0.555899577874886","0.6829","0.675","0.903104230085054","0.47410900865015565","0.11976047904191617","0.5287228277828","0.12740129088870247","0.10089573974072855","0.5014710187870246"
"0.42066836600980856","5","6","Minnesota, Le Sueur","-93.7284,44.3714","0.4590277231664844","0.264705882352941","0.5120491312165955","0.1757","0.75","0.7794980274392814","0.25899683893241826","0.281437125748503","0.5539608364828539","0.25769241146573085","0.08717121298680316","0.6438534835154789"
"0.42061470895305325","5","6","Minnesota, Wabasha","-92.2312,44.2842","0.44489189272360585","0.375","0.5716402759183022","0.1152","0.75","0.7794980274392814","0.21191327579733574","0.311377245508982","0.6317620454190964","0.24990199199104265","0.06320500642443984","0.5469125232113424"
"0.42054771722593964","2","10","California, Mendocino","-123.3911,39.4381","0.09948918435095626","0.0769230769230769","0.5383033140523362","0.8491","0.575","0.5528135213810501","0.5027411422786932","0.34730538922155696","0.626321192473144","0.2594128015452195","0.4656767534833011","0.5059757031000324"
"0.4205208721319989","2","1","Washington, Whitman","-117.5242,46.9002","0.23572594275255426","0.125","0.5722140393797093","0.8828","0.575","0.5051412015799757","0.4175608630930108","0.39520958083832336","0.3606106398115555","0.19855640253708806","0.41551622423880774","0.5641741865802584"
"0.42038824671157554","6","9","Indiana, Hamilton","-86.0524,40.0731","0.5245806720733875","0.190809190809191","0.688638615345179","0.035","1.0","0.4061590902707796","0.3495495832998238","0.5149700598802395","0.40944379978250145","0.17483613465196032","0.02603905579809783","0.48672093855609716"
"0.42037926986145036","10","3","Wisconsin, Trempealeau","-91.3589,44.3036","0.3676743716386607","0.571428571428571","0.530680734946678","0.3263","0.75","0.5349291819271391","0.3003695896709847","0.3233532934131737","0.5670390838965326","0.28594202939666935","0.1722470497172556","0.5179593909775176"
"0.42035762684794653","5","6","Minnesota, Martin","-94.551,43.6743","0.498525810508585","0.0769230769230769","0.5299222272040996","0.2315","0.575","0.7794980274392814","0.25354443267934546","0.29341317365269465","0.6611775880966219","0.28590310297228044","0.14266325822348283","0.43414492119704706"
"0.4202301914740795","10","7","Washington, Klickitat","-120.7914,45.8733","0.4228627865451343","0.227272727272727","0.4723558741888523","0.4639","0.5","0.5051412015799757","0.38259702350443636","0.2035928143712575","0.6661358670949733","0.27874273056608734","0.36686246200230577","0.48551218023780884"
"0.4200789052746385","5","6","Kansas, Jefferson","-95.3829,39.2348","0.49029838005645043","0.444444444444444","0.4930856495354665","0.0172","0.75","0.535277945802919","0.3211341078834456","0.40119760479041916","0.5837920978957992","0.34985639409031116","0.15308176303245674","0.39678516107762885"
"0.41976820641807544","6","3","Virginia, Rockbridge","-79.4461,37.812","0.39558621817189954","0.363636363636364","0.5173080841985238","0.079","0.825","0.5881367906958894","0.418499680990498","0.33532934131736525","0.7006109322771243","0.2950875272799416","0.3173464962186701","0.0"
"0.41971873031758866","5","7","Virginia, Amelia","-77.9858,37.3408","0.38102841857998426","0.111111111111111","0.4919184451114374","0.2684","0.575","0.5881367906958894","0.5857249227867084","0.3532934131736527","0.5978576089534523","0.4800052481139253","0.29802109812927635","0.0"
"0.4195129227309104","5","6","Iowa, Adair","-94.4711,41.3308","0.49110217926327276","0.75","0.5657805717637625","0.0554","0.75","0.5306255646958271","0.15736639372530672","0.34131736526946105","0.6544622387094758","0.3051004480514981","0.07673115006132558","0.40874470740308444"
"0.41930732572069074","6","3","Kentucky, Anderson","-84.9917,38.0067","0.32095503004799864","0.2","0.5586180660628384","0.0564","1.0","0.6498233878958141","0.2891082805607467","0.4730538922155689","0.5117241638959221","0.4700561424967865","0.3301700632609606","0.0"
"0.41920203168285797","1","10","Kentucky, Martin","-82.5125,37.7999","0.0","0.0","0.4693944192952295","0.9799","0.575","0.6498233878958141","0.4479544998538482","0.407185628742515","0.5092312328105775","0.6002894416257417","0.6012467858119981","0.0"
"0.41910584882344654","10","2","Massachusetts, Berkshire","-73.2052,42.3743","0.476740173997485","0.094949494949495","0.5992153255452121","0.6004","0.75","0.13189104157094694","0.3545038312574227","0.281437125748503","0.6544622387094758","0.24332964381101183","0.1598137088062847","0.4488900247515272"
"0.41909305055679935","2","7","Ohio, Morgan","-81.8531,39.6208","0.29348282786477803","0.2","0.5030735849546375","0.3827","0.5","0.672432174036711","0.3816634716360262","0.4670658682634731","0.6170727822364962","0.44030258098244585","0.4406456001882581","0.0"
"0.41905228039547393","1","10","Texas, Brooks","-98.2181,27.031","0.0","0.0","0.5260728326074923","0.9914","0.675","0.7194085185102618","0.25455886659593513","0.33532934131736525","0.5239446622367122","0.40878758096596","0.8036517027096978","0.0"
"0.41899981375132134","10","3","Kansas, Rice","-98.1999,38.3462","0.3396918594047385","0.25","0.5015704186376119","0.2974","0.675","0.535277945802919","0.40226742713148067","0.3053892215568862","0.5817386943120182","0.3951347474763486","0.34663077522865837","0.44571758646749304"
"0.4189982712814209","2","7","Idaho, Payette","-116.7648,44.0055","0.3918488287906868","0.2","0.5732442196664783","0.3196","0.75","0.48916979685071754","0.3132062124764909","0.3712574850299401","0.5648909983668218","0.3395027684254881","0.4369848382251082","0.0"
"0.4189794239920284","5","6","Minnesota, Pope","-95.4445,45.5861","0.49749307952918714","1.0","0.45076187790097744","0.1324","0.575","0.7794980274392814","0.1989322813543403","0.19161676646706588","0.6774549264631455","0.24235180953483892","0.03221933179285654","0.4265501602497639"
"0.41896779625853775","1","10","Texas, Culberson","-104.5186,31.4451","0.0","0.0","0.3994333944725032","0.8844","0.675","0.7194085185102618","0.4122808591424206","0.17365269461077848","0.6017807168377609","0.4103169780555928","0.79252529233351","0.33659799853778766"
"0.4189265818117321","2","3","Wisconsin, Richland","-90.4301,43.3763","0.34971331665681504","0.142857142857143","0.525400947375458","0.4467","0.75","0.5349291819271391","0.256293850102486","0.34730538922155696","0.6441567395133083","0.2808975575100716","0.24527868165093025","0.5198161245501833"
"0.4188849641392378","1","10","Virginia, Lee","-83.1261,36.7059","0.0","0.0","0.5409822219575706","0.7787","0.75","0.5881367906958894","0.38354829733459883","0.407185628742515","0.613308186513927","0.5118939246256239","0.6623070018703483","0.0"
"0.4188654023429634","1","10","Arkansas, Dallas","-92.6517,33.9704","0.0","0.0","0.5065522617086626","0.7421","0.675","0.5574725952297617","0.659660136372242","0.4131736526946108","0.6424111072462477","0.4107925534341366","0.42325219689924043","0.41080605140427706"
"0.41876938090128873","6","6","North Dakota, Mercer","-101.8318,47.3121","0.5052092311216878","1.0","0.4667596272686297","0.4416","0.675","0.08543591436610563","0.3899475035080222","0.12574850299401197","0.5712984652022484","0.3021418250963679","0.15924132870181018","0.5088420326493863"
"0.4184985464341659","2","7","Tennessee, Houston","-87.7188,36.2887","0.35515045336277945","0.166666666666667","0.4813404308733863","0.368","0.575","0.26145055415676854","0.37111461768761533","0.4191616766467066","0.6388951207196634","0.4146173645040217","0.5163904058630325","0.4281043864711965"
"0.4184927314399842","2","3","Georgia, Jones","-83.5602,33.0251","0.22064449490630017","0.0333333333333333","0.5357192720645952","0.134","1.0","0.49930824224945697","0.5584891840253121","0.5149700598802395","0.5494974081927578","0.42968163573558604","0.44121543691943726","0.0"
"0.4180400272563282","6","9","Georgia, Forsyth","-84.1232,34.226","0.45038179032296244","0.173366834170854","0.6524171599931708","0.0159","1.0","0.49930824224945697","0.41376360396030937","0.49101796407185627","0.40944379978250145","0.1701609625439598","0.0939644419457484","0.5337725465285362"
"0.4180358304932657","5","6","Minnesota, Faribault","-93.9479,43.6738","0.4189048728762681","0.333333333333333","0.49585554755088507","0.1894","0.675","0.7794980274392814","0.2738639834326158","0.29940119760479045","0.6644904259777605","0.2900531867548282","0.13190878591349067","0.424095755269667"
"0.4177628127438584","2","1","New York, Chemung","-76.7639,42.1389","0.3530429289196253","0.0746268656716418","0.6720344887155536","0.6899","0.675","0.1452368843520714","0.42416215540756325","0.3173652694610779","0.5775976316230177","0.37333386772780613","0.23982072367205937","0.37532676640839197"
"0.4176556777451494","1","10","Oregon, Jackson","-122.7289,42.432","0.0","0.02","0.6037055330918938","0.8472","1.0","0.5704827129810713","0.37527504311288745","0.33532934131736525","0.6371246099900815","0.27360909271699957","0.3417066834157891","0.4525259103765576"
"0.417616256449675","6","6","Nebraska, Seward","-97.1397,40.8724","0.5752483669105114","0.666666666666667","0.5009609257202748","0.2394","0.75","0.25083837871869175","0.2568971863313971","0.33532934131736525","0.5517358041566147","0.24919016577457656","0.052180694319109294","0.5244329173465933"
"0.4176052729907388","5","6","Minnesota, Murray","-95.7633,44.0222","0.648214213556341","0.483870967741935","0.4564424943295972","0.1168","0.32499999999999996","0.7794980274392814","0.17882462299835214","0.25748502994011974","0.7021046890169179","0.254114500615957","0.07317636198548315","0.4282983365934135"
"0.41756766808557394","10","2","New York, Ontario","-77.3087,42.8515","0.49187769365268785","0.338129496402878","0.6570875694545387","0.6301","0.575","0.1452368843520714","0.33591900583592793","0.32934131736526945","0.595880459448231","0.289441198981053","0.06004419898335313","0.40557246863214047"
"0.41747863173569105","1","10","West Virginia, Summers","-80.8601,37.6539","0.0","0.0","0.5079715538244083","0.8746","0.75","0.42782761630184035","0.40100972570843146","0.34131736526946105","0.6742558355103007","0.49435212869594236","0.5062916394111922","0.4817140639491227"
"0.41747152944806776","2","1","Alaska, Anchorage","-149.1427,61.15","0.24703777155425014","0.0656565656565657","0.6681951130401846","0.8176","1.0","0.31754265337554405","0.7185197689240339","0.0","0.3606106398115555","0.2811994770152286","0.18090130125033446","0.4468049059401152"
"0.41734773265743624","5","6","South Dakota, Aurora","-98.5605,43.7176","0.47229149266069853","0.5","0.34866225429016046","0.1703","0.5","1.0","0.4116585485043612","0.19161676646706588","0.6095051758860066","0.40450267103286885","0.14987251038574378","0.0"
"0.4172809205013393","5","6","Iowa, Delaware","-91.3664,42.471","0.4873018807523284","0.583333333333333","0.5895586636661581","0.0996","0.75","0.5306255646958271","0.16972278562936172","0.38922155688622756","0.595880459448231","0.2660971981537091","0.05657903453791935","0.5176097494036407"
"0.4172107643304491","6","3","New York, Wyoming","-78.222,42.7015","0.42207002625656936","0.115384615384615","0.5527720415699243","0.4683","0.75","0.1452368843520714","0.431482851719932","0.34730538922155696","0.5494974081927578","0.3598643024808794","0.24236664034073452","0.510883325838055"
"0.41708652703000304","2","3","Washington, Island","-122.5216,48.1471","0.3286159994923682","0.0454545454545455","0.6211062537950849","0.2442","1.0","0.5051412015799757","0.4590591210818968","0.2634730538922156","0.6774549264631455","0.1975728551687272","0.11245064796068092","0.5777125129502372"
"0.417052628011952","2","7","West Virginia, Wyoming","-81.5451,37.6123","0.2552608742618025","0.5","0.49505055415233473","0.4502","0.675","0.42782761630184035","0.17130930941106873","0.37724550898203596","0.6114115319998742","0.5520842326206291","0.5648769110271098","0.0"
"0.41704914577626884","2","3","Arkansas, Lonoke","-91.8874,34.7539","0.26837980494213853","0.0888888888888889","0.555851496783067","0.2334","1.0","0.5574725952297617","0.4938611833222068","0.4610778443113772","0.452613368495235","0.47666533446706316","0.26677854279485963","0.0"
"0.4168750594934239","6","3","Indiana, Whitley","-85.5079,41.1386","0.3957576866632312","0.222222222222222","0.5775221137836104","0.0299","1.0","0.4061590902707796","0.19521637304254957","0.532934131736527","0.5627304600978258","0.39710908615052015","0.11866108109594198","0.5804011594417116"
"0.4167931639708504","2","3","Ohio, Shelby","-84.2026,40.3316","0.3133429866109497","0.117647058823529","0.5561685816234688","0.1866","0.825","0.672432174036711","0.2887156271750622","0.5508982035928144","0.5239446622367122","0.3647162934326135","0.15488913254135922","0.4887377581155"
"0.41662559095489815","1","10","Oklahoma, Coal","-96.298,34.5884","0.0","0.0","0.4576223217251912","0.39","0.675","0.6933119590201189","0.5967316090840138","0.37724550898203596","0.6226493223021841","0.502161336398121","0.6901657807047834","0.40586409743955854"
"0.41649127498337507","10","7","Illinois, Moultrie","-88.621,39.6419","0.41160850468130705","0.375","0.5502901573802639","0.7354","0.5","0.42780561490378566","0.17000611043108244","0.5089820359281437","0.5878652729484978","0.18415931133371027","0.3251111726634363","0.0"
"0.4164373776753518","10","3","Iowa, Hardin","-93.2365,42.3835","0.3968371655169374","0.25","0.5830206985825579","0.2894","0.675","0.5306255646958271","0.31007084330884405","0.3712574850299401","0.6388951207196634","0.3763127285605308","0.07647378490643597","0.47463616269151"
"0.41583765820677365","2","3","Tennessee, Smith","-85.9541,36.2536","0.3348049440425106","0.0833333333333333","0.5477222852411361","0.1589","1.0","0.26145055415676854","0.35891179519551397","0.4191616766467066","0.5380992168517501","0.46387426265103393","0.32352677221342874","0.4952902757107789"
"0.41580000797636524","5","7","West Virginia, Ritchie","-81.0636,39.1809","0.3375544907547707","1.0","0.4325719723251432","0.106","0.675","0.42782761630184035","0.11943256411370286","0.4251497005988024","0.6510586369018438","0.510937449023266","0.5056359335530404","0.0"
"0.41572343137454004","1","10","Texas, Dimmit","-99.7565,28.4227","0.0","0.0","0.5334144757756905","0.9316","0.575","0.7194085185102618","0.3371882492841919","0.3053892215568862","0.542700408721451","0.28621602405639784","0.778172915714668","0.3749061571244071"
"0.41571494912790846","2","1","Wisconsin, Monroe","-90.6188,43.9464","0.16912555171275162","0.0666666666666667","0.5717467208788856","0.638","0.825","0.5349291819271391","0.4266585711394073","0.32934131736526945","0.5380992168517501","0.38498981213677497","0.23926663163270884","0.5045163991034178"
"0.4157046659842272","2","3","Kentucky, Garrard","-84.5329,37.6389","0.27352334913347054","0.333333333333333","0.5338291327550867","0.148","0.75","0.6498233878958141","0.30433330751638304","0.44311377245508987","0.5670390838965326","0.505627436834962","0.4440671639486282","0.0"
"0.41566180871139236","2","3","Wisconsin, Marathon","-89.7586,44.8979","0.33006110639070335","0.40625","0.611695857419568","0.2722","1.0","0.5349291819271391","0.27946305663065263","0.311377245508982","0.5494974081927578","0.2889870280899644","0.10740289976045059","0.42388433077226395"
"0.4153769641496492","2","3","Arkansas, Grant","-92.4232,34.2902","0.34477406765079865","0.125","0.5139909766414673","0.2566","0.825","0.5574725952297617","0.38587443342040784","0.4191616766467066","0.5627304600978258","0.4346211055998868","0.31232563510756234","0.0"
"0.41517280678891283","2","3","Idaho, Ada","-116.2416,43.4527","0.3744934750329092","0.0879689521345408","0.6851629769792921","0.2429","1.0","0.48916979685071754","0.35370270110479596","0.4550898203592814","0.47245716285929296","0.16902216737168102","0.12413345152348668","0.43560768832663793"
"0.4151542315857863","1","10","Michigan, Mackinac","-85.0498,46.0703","0.0","0.0","0.49869204780063403","0.7953","0.675","0.41517557433580937","0.7241866119602461","0.23952095808383234","0.7252247709976565","0.4459664652664077","0.4083548117171028","0.5240133093212804"
"0.41496458781859535","6","3","Illinois, Jersey","-90.3539,39.0887","0.42414384101492764","0.277777777777778","0.530413077498125","0.2639","0.75","0.42780561490378566","0.22961968720452816","0.47904191616766467","0.5918944128138512","0.3588496757435456","0.12376732688196604","0.46503429018553594"
"0.41482683781151763","6","6","Iowa, Hamilton","-93.702,42.3838","0.4410440046269581","0.363636363636364","0.5674640198957577","0.1321","0.75","0.5306255646958271","0.30398952093881076","0.3652694610778443","0.613308186513927","0.3146733379008445","0.07284087893652115","0.5012726185977233"
"0.41472249703124714","2","7","Tennessee, McNairy","-88.5648,35.1747","0.2317274044997074","0.0833333333333333","0.5208655221306281","0.347","0.825","0.26145055415676854","0.4388006054781176","0.4131736526946108","0.624489779413553","0.5092327207537686","0.6230332003472068","0.0"
"0.4146991824660333","6","6","Michigan, Oakland","-83.386,42.6609","0.49373346335896984","0.0683036270721675","0.7679109559882015","0.184","0.575","0.41517557433580937","0.49256551303203333","0.48502994011976047","0.5334405085950897","0.1856020428754874","0.07101146685905875","0.41103661417293735"
"0.41457661417275393","6","6","Illinois, Mercer","-90.7429,41.206","0.4606055980201585","0.384615384615385","0.48851302645186956","0.1175","0.75","0.42780561490378566","0.1971852366880334","0.4670658682634731","0.6335581539925471","0.3225449794008001","0.17307001264783206","0.5222861949059896"
"0.4144989696112261","5","6","Minnesota, Traverse","-96.4706,45.773","0.4542768559092898","0.333333333333333","0.4543854072753341","0.3754","0.32499999999999996","0.7794980274392814","0.4716630103965911","0.17964071856287425","0.7021046890169179","0.3507607331426759","0.08284481389834815","0.31516182793682435"
"0.4144590579638438","5","3","Wisconsin, Pepin","-91.9995,44.5831","0.3687313699044354","1.0","0.5137605255156303","0.1554","0.75","0.5349291819271391","0.1585414694657","0.29341317365269465","0.6406572602088578","0.32773590104415184","0.1781570014646197","0.41263057301633305"
"0.4143679426930241","1","10","Texas, Val Verde","-101.1525,29.8915","0.0","0.0","0.53270430649845","0.9373","0.675","0.7194085185102618","0.37755142702384265","0.3053892215568862","0.4886637078344629","0.2329420140685406","0.6675612477595606","0.48615768082159416"
"0.41432412802096424","5","6","Iowa, Greene","-94.3966,42.0361","0.4650882868286066","0.230769230769231","0.5576061491402321","0.1449","0.675","0.5306255646958271","0.2176300971991304","0.34730538922155696","0.6458942336050534","0.44473203384883986","0.11806060277220422","0.43838439464615375"
"0.4141042806446009","6","9","Colorado, Douglas","-104.93,39.3313","0.46926205808521076","0.186813186813187","0.6619894563453733","0.0376","1.0","0.903104230085054","0.32078293711349837","0.23952095808383234","0.3927283612037091","0.06247466300708324","0.006100220292461285","0.5708818866137579"
"0.4140545620403999","2","3","Ohio, Perry","-82.238,39.7351","0.2707443463286363","0.133333333333333","0.5337251203047549","0.3811","0.75","0.672432174036711","0.19034810813327288","0.47904191616766467","0.5334405085950897","0.41890597581778477","0.47316068996146304","0.0"
"0.41385664858240145","6","6","Iowa, Mills","-95.6192,41.033","0.5008396134067838","0.7","0.5520132253424559","0.1789","0.75","0.5306255646958271","0.27740937347002265","0.3652694610778443","0.5648909983668218","0.2555640009291656","0.06294812572160646","0.06697664831862908"
"0.41360354682977174","10","7","Indiana, Switzerland","-85.0302,38.8277","0.4020479236744751","0.125","0.5248128171881637","0.454","0.32499999999999996","0.4061590902707796","0.25384652647061035","0.4970059880239522","0.5691748594129424","0.5514155886000123","0.5210096562194986","0.0"
"0.41333004873053825","5","6","Missouri, Worth","-94.4233,40.4795","0.5066198810438798","0.5","0.32453714097849706","0.1862","0.32499999999999996","0.6713285985896172","0.24726794960968201","0.3592814371257485","0.6884403224054082","0.5276099234515581","0.3204105343615183","0.0"
"0.4133179910121911","1","10","Oregon, Douglas","-123.1673,43.2794","0.0","0.0","0.5532879644603012","0.8682","0.75","0.5704827129810713","0.3503430804816131","0.34730538922155696","0.6960934005090119","0.35844520438700467","0.4051288454744488","0.5343765802747622"
"0.4133086372370245","6","3","Ohio, Carroll","-81.0918,40.579","0.345574790474733","0.125","0.5403699725360331","0.1697","0.825","0.672432174036711","0.20831886408693132","0.4970059880239522","0.6226493223021841","0.431229453249766","0.2732152150403954","0.0"
"0.41325286899937275","10","1","California, Santa Clara","-121.697,37.231","0.34525061610646235","0.0885028949545079","0.7935132226063075","0.731","0.5","0.5528135213810501","0.4520186181875003","0.3532934131736527","0.452613368495235","0.060894833425717554","0.1314271194565514","0.4614175560454712"
"0.41313352154687794","2","1","Nevada, Elko","-115.3578,41.1453","0.3292898887043458","0.25","0.47131601463594724","0.5893","0.675","0.5573731273809973","0.5378157810106515","0.16766467065868262","0.3787943342919467","0.3010098634554487","0.2773743570564257","0.5205922981700184"
"0.41310762142743146","10","3","Maine, Knox","-69.1053,44.1149","0.33511216672679917","0.2","0.5846246874259692","0.4677","0.75","0.631081372507402","0.2544609303330937","0.251497005988024","0.6790442329554586","0.2266095269647411","0.1608953691349055","0.44030345143260263"
"0.41306794686389897","6","6","Virginia, King William","-77.0938,37.7097","0.4516957336981071","0.357142857142857","0.541511145002756","0.0076","0.75","0.5881367906958894","0.6485556532540683","0.34730538922155696","0.5191044408593759","0.3467619307144608","0.10656322323393308","0.0"
"0.41306212722769","1","10","Kentucky, Estill","-83.9596,37.6924","0.0","0.0","0.5082905484794124","0.6119","0.75","0.6498233878958141","0.16592410540604666","0.407185628742515","0.5837920978957992","0.6349334876254294","0.6039829710257704","0.494888726550674"
"0.4130208198631538","5","6","Colorado, Summit","-106.1151,39.638","0.6265293743886583","0.252747252747253","0.5879892502392964","0.3684","0.25","0.903104230085054","0.33705675686767045","0.06586826347305387","0.42229651508178717","0.05006730773701907","0.2086197101014673","0.5533223047176048"
"0.4129892435049579","10","3","Kansas, Sumner","-97.4772,37.2368","0.3632802602049958","0.5","0.4659381395817945","0.2404","0.575","0.535277945802919","0.39238446927965653","0.3652694610778443","0.579673914473061","0.4260245067422992","0.2155927918863001","0.4172073289112186"
"0.4128116571350455","5","7","Texas, Andrews","-102.6377,32.3047","0.3451318683827288","0.0909090909090909","0.5128385041369075","0.4323","0.575","0.7194085185102618","0.4209734117736165","0.25748502994011974","0.37162696325125594","0.2679178299938744","0.4507610802360396","0.4871003198692519"
"0.41274038024573606","6","3","Utah, Weber","-111.9145,41.2712","0.4265684400638668","0.27906976744186","0.6517414169996824","0.4298","1.0","0.04550202230851092","0.4109226148098982","0.29940119760479045","0.4061601502796258","0.22102993041168384","0.2544855718671909","0.4685117298194407"
"0.4126553501889008","2","3","Kentucky, Woodford","-84.7418,38.0418","0.3038837141192588","0.105263157894737","0.5985718219949662","0.0637","0.825","0.6498233878958141","0.3762110409666945","0.47904191616766467","0.5627304600978258","0.32055113880762426","0.18420453759596236","0.572033419178387"
"0.4126120835600306","6","3","Georgia, Pike","-84.3879,33.0931","0.41720642950935555","0.0909090909090909","0.5137606740932664","0.0726","0.825","0.49930824224945697","0.4525404408248109","0.48502994011976047","0.5191044408593759","0.27597777482480135","0.4258589123009765","0.0"
"0.41229426266381797","1","10","Iowa, Decatur","-93.7865,40.7374","0.0","0.0","0.561367541587557","0.9542","0.675","0.5306255646958271","0.342336745022314","0.3592814371257485","0.6017807168377609","0.49178540903878076","0.4260981105037563","0.42240551697196077"
"0.4121326673265768","10","1","New York, Tompkins","-76.4723,42.4495","0.3315076080185749","0.072463768115942","0.6692619375796267","0.957","0.75","0.1452368843520714","0.4125442258568415","0.311377245508982","0.46408171358848016","0.15018818315462654","0.1892752972688652","0.4753839003366159"
"0.41210827132515127","2","3","New York, Steuben","-77.383,42.2689","0.39003420244143144","0.0686695278969957","0.5984752958684564","0.6055","0.825","0.1452368843520714","0.2817719200901171","0.29341317365269465","0.5898852876912913","0.34056245976051747","0.28811163131842055","0.3479529375574921"
"0.41191186042845374","5","6","Texas, Mason","-99.2263,30.7178","0.6370900123095408","0.225806451612903","0.405329852778999","0.0191","0.32499999999999996","0.7194085185102618","0.25563528766696864","0.2874251497005988","0.7035924826400836","0.23152854806345177","0.4962501594150048","0.0"
"0.4119031905804193","5","6","Iowa, Winnebago","-93.7341,43.3775","0.4791330715143365","0.666666666666667","0.5645539822377538","0.1751","0.675","0.5306255646958271","0.30000745502691983","0.3053892215568862","0.6226493223021841","0.3158412593038767","0.12845706501261814","0.0"
"0.4118964527128186","6","3","Indiana, DeKalb","-84.9991,41.398","0.32609179793352466","0.16","0.5862547933827654","0.1971","1.0","0.4061590902707796","0.16279930939214451","0.562874251497006","0.5239446622367122","0.30893772621608434","0.23903227795049167","0.5327481062608719"
"0.411851854777635","1","10","Kentucky, Fulton","-89.2014,36.5524","0.0","0.0","0.4868611119815818","0.4839","0.75","0.6498233878958141","0.5820293039417118","0.4730538922155689","0.6151952376728468","0.5522660915396541","0.5550191594732602","0.0"
"0.41184557553810996","6","9","New York, Warren","-73.8434,43.5617","0.5403102781232045","0.18859649122807","0.6027555472147601","0.369","0.825","0.1452368843520714","0.26247819775851106","0.32934131736526945","0.6353456481032828","0.2581228130233016","0.10768521419623774","0.3360602625817879"
"0.4118426370595246","1","10","Missouri, Iron","-90.7735,37.5549","0.0","0.0","0.49766810902234654","0.7861","0.5","0.6713285985896172","0.3627573965705999","0.407185628742515","0.6424111072462477","0.4221806183523487","0.5999857571095459","0.5168314952216729"
"0.4117674044454847","1","10","Missouri, Crawford","-91.3053,37.9766","0.0","0.0","0.5413474766277246","0.4276","0.75","0.6713285985896172","0.26016037369118555","0.407185628742515","0.5938927650957907","0.5474093399126324","0.6892077767635236","0.5179211922911399"
"0.41173573341278863","6","9","New York, Putnam","-73.7497,41.4263","0.6083189729172795","0.11002661934339","0.6733984122616747","0.1773","0.825","0.1452368843520714","0.37529244914097626","0.37724550898203596","0.540406913436432","0.13990991352061982","0.0659541507307172","0.5022833865408716"
"0.41172144139283556","6","6","Virginia, Powhatan","-77.9127,37.5502","0.4678269757506657","0.416666666666667","0.5291380612824834","0.0334","0.825","0.5881367906958894","0.4841518264051566","0.3592814371257485","0.5670390838965326","0.30705260809688206","0.07541743719775491","0.0"
"0.4116931091391437","6","3","New Hampshire, Belknap","-71.4168,43.5164","0.4163843945103389","0.254901960784314","0.5878516812285312","0.2356","1.0","0.499606471180141","0.18723380297320885","0.2275449101796407","0.6335581539925471","0.25801997936962134","0.11588081074504972","0.4649121758051034"
"0.41139911178026506","1","10","Virginia, Buchanan","-82.0375,37.2682","0.0","0.0","0.49867924852985157","0.673","0.75","0.5881367906958894","0.2759321079652842","0.38922155688622756","0.6299572389493907","0.4427818464210113","0.6640563582455132","0.4614474991202915"
"0.4113557351345958","1","10","Georgia, Jenkins","-81.9604,32.7925","0.0","0.0","0.4837985231858444","0.5301","0.675","0.49930824224945697","0.632247937277935","0.44311377245508987","0.5539608364828539","0.4714606564001718","0.6358461094442597","0.43422122337366964"
"0.410815168783768","4","10","Tennessee, Benton","-88.0685,36.0711","0.0","0.0","0.49492342879003604","0.51","1.0","0.26145055415676854","0.3839281697261088","0.4191616766467066","0.6853345393682004","0.5489838410199098","0.5758868106837665","0.5110411788112057"
"0.4107850255067891","2","3","Kentucky, Larue","-85.7014,37.5457","0.2957076546284112","0.166666666666667","0.5202423100565479","0.1515","0.75","0.6498233878958141","0.3597525159684896","0.49101796407185627","0.5648909983668218","0.4032876412415178","0.4216955313294539","0.0"
"0.4107492981528074","2","3","Wisconsin, Wood","-90.0416,44.4554","0.2692684347514947","0.666666666666667","0.5960587615041035","0.1948","1.0","0.5349291819271391","0.33579630676846145","0.32934131736526945","0.613308186513927","0.26736783167932543","0.10411843593200279","0.30428357001558587"
"0.4106245628671685","6","3","Indiana, Union","-84.925,39.6255","0.37254122080610613","0.125","0.5606815687031454","0.1869","1.0","0.4061590902707796","0.22268142708855573","0.49101796407185627","0.5817386943120182","0.43466230209793455","0.2551129372800512","0.0"
"0.4106225310414486","6","3","Illinois, Macoupin","-89.9242,39.2612","0.39604168257737765","0.2","0.5243036908886053","0.149","0.675","0.42780561490378566","0.2578087104245441","0.5089820359281437","0.6037268925796017","0.3450101505654663","0.2747666727505771","0.5525473270678766"
"0.4103651903072323","10","6","Pennsylvania, Cameron","-78.2038,41.4363","0.4211474159013841","0.5","0.5149054630249955","0.475","0.5","0.5168765274771758","0.2650110865788784","0.3532934131736527","0.7195778173951984","0.28461430623254036","0.19741772520450232","0.0"
"0.41034791017769845","6","3","Missouri, Clinton","-94.4047,39.6013","0.3758799799648284","0.214285714285714","0.530399465022533","0.0786","0.675","0.6713285985896172","0.3462432811140888","0.40119760479041916","0.5670390838965326","0.38145032752779995","0.21314848903642608","0.4361984403777716"
"0.41029155187437444","2","3","Virginia, Giles","-80.7064,37.3123","0.2780310426704056","0.2","0.5565007296945034","0.1309","0.825","0.5881367906958894","0.26652986740990264","0.34730538922155696","0.6371246099900815","0.4370287716204234","0.287054314705627","0.5159726368313657"
"0.4102766751358268","1","10","Arkansas, Van Buren","-92.513,35.581","0.0","0.0","0.4897076891402989","0.7342","0.675","0.5574725952297617","0.3067550925319315","0.407185628742515","0.7065503696555112","0.46471984643253667","0.5297698816398848","0.5141946716507919"
"0.4101265833013481","10","3","Michigan, Menominee","-87.5537,45.5804","0.363341491215803","0.375","0.5496585602501313","0.4193","0.75","0.41517557433580937","0.41546695658965405","0.29341317365269465","0.6694051144412375","0.3364257772764236","0.1818834066813932","0.0"
"0.40999065190999046","4","10","North Carolina, Transylvania","-82.7964,35.2038","0.0","0.0","0.5858496634491583","0.3992","1.0","0.751491911899152","0.393987987728615","0.34131736526946105","0.7574196090175283","0.2682941938016196","0.4073200221249254","0.44000479116884056"
"0.40944120120102795","2","7","Georgia, Long","-81.7495,31.7522","0.2650004337281006","0.166666666666667","0.501317607311169","0.2461","0.75","0.49930824224945697","0.6394475211432998","0.43113772455089816","0.31296818950411365","0.34601626653317535","0.6458850460671516","0.0"
"0.40886159931272176","10","7","Alaska, Southeast Fairbanks","-143.2128,63.8769","0.44944359261116945","0.666666666666667","0.26600376073021664","0.7259","0.5","0.31754265337554405","0.6380664815348559","0.0","0.4555137084840577","0.34485277629547223","0.4059482961276173","0.0"
"0.4087546112826775","2","1","Washington, Kitsap","-122.6436,47.6348","0.21560840323791522","0.0566037735849057","0.6852990886663679","0.6507","0.825","0.5051412015799757","0.5039239546566691","0.23952095808383234","0.5561726637917245","0.21760286300978013","0.09769181606663445","0.5221144005824864"
"0.40874314595342814","5","6","Indiana, Crawford","-86.4452,38.2881","0.4787220543966287","0.181818181818182","0.4268790653510495","0.27","0.5","0.4061590902707796","0.23341992420027835","0.5149700598802395","0.5978576089534523","0.4615870035926521","0.41070234526873833","0.0"
"0.40871915484041177","2","1","Wyoming, Carbon","-106.9326,41.6936","0.36585090254657804","0.285714285714286","0.4390630766384745","0.8198","0.675","0.3940368977735158","0.4201058199453458","0.0","0.5215324091055006","0.30076879043487414","0.23048339473965002","0.5014292952883954"
"0.4086205921171162","6","2","Utah, Utah","-111.6658,40.1167","0.5487324938340021","0.305914343983685","0.6530924702350303","0.5078","1.0","0.04550202230851092","0.28603581902884667","0.281437125748503","0.24839123848592914","0.0835762059533007","0.2098280546428008","0.5346121169683653"
"0.40859231423878994","1","10","Virginia, Lexington City","-79.4426,37.7826","0.0","0.0","0.766071620040714","0.6692","0.75","0.5881367906958894","0.40399682964710304","0.3233532934131737","0.5287228277828","0.48098584226726165","0.39193007031458266","0.4100133076466976"
"0.40838320886587187","2","3","Colorado, Chaffee","-106.1927,38.7475","0.3343443865156465","0.0289855072463768","0.5350950422674274","0.4881","0.575","0.903104230085054","0.4452976854953411","0.07185628742514971","0.6930510015104033","0.11771400479945009","0.1565545575977767","0.5373271634609843"
"0.4082893518244401","5","6","Iowa, Bremer","-92.318,42.7746","0.5045736572084757","0.1875","0.636111120163437","0.1678","0.75","0.5306255646958271","0.18931919038984293","0.37724550898203596","0.6037268925796017","0.23258230724277934","0.02156598884960925","0.4789123637623575"
"0.4082678612139138","6","6","Nebraska, Cuming","-96.7873,41.9164","0.5845440463812099","0.5625","0.4916115649685443","0.0933","0.675","0.25083837871869175","0.20914972638377788","0.34131736526946105","0.6476236650502001","0.24996297729542571","0.18302453349992026","0.43781987606975226"
"0.4082242380230907","2","3","Tennessee, Humphreys","-87.7799,36.0396","0.26795870931575677","0.0833333333333333","0.5249644812150026","0.1843","0.825","0.26145055415676854","0.4083980657240222","0.4191616766467066","0.5998243249034969","0.42894763351661946","0.47546837733147096","0.5274488436769779"
"0.40807960104114444","2","1","South Dakota, Brookings","-96.7908,44.3697","0.19812298758609884","0.0714285714285714","0.4600728833022849","0.6106","0.825","1.0","0.411269009333458","0.23353293413173656","0.40284731239848715","0.18357978025159857","0.18107437174743435","0.5239939343395454"
"0.40805122789713116","5","6","West Virginia, Pendleton","-79.3508,38.6831","0.44821407109459216","0.4","0.4174138767537589","0.2512","0.5","0.42782761630184035","0.303771371419952","0.29341317365269465","0.7138439841821924","0.4852586854554818","0.3873764632117403","0.0"
"0.4079897985244339","10","3","Iowa, Fayette","-91.8441,42.8627","0.3802518015975741","0.12","0.587998897498301","0.2155","0.75","0.5306255646958271","0.2624860510412081","0.38323353293413176","0.6388951207196634","0.33794648076582257","0.15779305927961257","0.4495285412538437"
"0.407935411846609","5","3","Minnesota, Lake","-91.4456,47.6427","0.3275901028100863","1.0","0.27293967552559956","0.3095","0.675","0.7794980274392814","0.2894313628381587","0.2035928143712575","0.7035924826400836","0.2560031033177092","0.060906886982543144","0.4595060758855262"
"0.40786055256538833","5","6","Iowa, Guthrie","-94.5011,41.6838","0.6399382125384798","0.486486486486487","0.5543504195233245","0.0557","0.32499999999999996","0.5306255646958271","0.20732002696471105","0.34730538922155696","0.6527643232093532","0.2481640390843554","0.103827522472217","0.4602216946131315"
"0.4078143913665057","1","10","Virginia, Radford City","-80.5603,37.1222","0.0","0.0","0.7291429438952699","0.8236","1.0","0.5881367906958894","0.4380788887813785","0.3532934131736527","0.30004116619787025","0.377896149777572","0.4874905395596888","0.0"
"0.4076406328215404","1","10","Kentucky, Powell","-83.8255,37.8322","0.0","0.0","0.5337624922182435","0.7927","0.825","0.6498233878958141","0.2658030048939196","0.40119760479041916","0.5142005305328247","0.5902555794666392","0.522765310471395","0.0"
"0.4076139308312947","5","6","Nebraska, Morrill","-103.0061,41.7171","0.6544896938849781","0.9","0.42093149644121797","0.1172","0.32499999999999996","0.25083837871869175","0.29207983596853143","0.11377245508982038","0.6226493223021841","0.3588059897605503","0.31484466468711486","0.3856555154212564"
"0.4075693978710315","1","10","Kentucky, Clinton","-85.1338,36.7258","0.0","0.0","0.46633338552632025","0.7125","0.825","0.6498233878958141","0.1710918948944284","0.40119760479041916","0.595880459448231","0.480428376787292","0.5972855424609511","0.39015364316887724"
"0.407534335856802","6","3","New Mexico, Rio Arriba","-106.6932,36.5107","0.41227087426919656","0.266666666666667","0.4866466393314106","0.5409","0.675","0.2328984071594001","0.5498108831657651","0.14371257485029942","0.579673914473061","0.40232369840589355","0.08116776199258037","0.4760695996505809"
"0.4075184761259302","2","3","Texas, Kendall","-98.7114,29.9441","0.3443676117868268","0.238095238095238","0.5878937933617868","0.2455","1.0","0.7194085185102618","0.3378877647306536","0.3712574850299401","0.595880459448231","0.14363934917170468","0.11254693280686313","0.0"
"0.40749832159801835","10","3","New Hampshire, Cheshire","-72.2531,42.9202","0.3248853942469149","0.148936170212766","0.5812801836478062","0.5556","0.825","0.499606471180141","0.21473534269298752","0.3173652694610779","0.5918944128138512","0.28871361507346505","0.09940617078073445","0.4668919672029917"
"0.40742736445526784","2","1","Idaho, Latah","-116.7114,46.8159","0.18401714651730142","0.166666666666667","0.5545030397163312","0.8179","0.75","0.48916979685071754","0.3492868812522087","0.37724550898203596","0.44674408486908573","0.1558766232163752","0.29719486514732013","0.6230901120603726"
"0.4071290768747878","4","10","Oklahoma, Pawnee","-96.7033,36.3174","0.0","0.0","0.46897142696969524","0.4056","0.75","0.6933119590201189","0.5835172354483853","0.38323353293413176","0.5918944128138512","0.48112344809578816","0.4393931705098047","0.584136550286143"
"0.407080368524407","6","3","Wyoming, Laramie","-104.6887,41.307","0.41066058780175296","0.168067226890756","0.5918580984622931","0.4031","0.825","0.3940368977735158","0.45201311942439254","0.09580838323353291","0.5142005305328247","0.3010852959685689","0.16358843811567042","0.4742575201890588"
"0.406735588371197","6","6","Nebraska, Kearney","-98.9488,40.5066","0.5911138126974629","0.636363636363636","0.4685245311286569","0.1792","0.675","0.25083837871869175","0.16857918953851056","0.2694610778443114","0.6017807168377609","0.330588863223733","0.08806793374294562","0.5123756273597553"
"0.4065030420818926","1","10","Texas, Ward","-103.0928,31.51","0.0","0.0","0.5155665822245024","0.6116","0.675","0.7194085185102618","0.519329785477147","0.24550898203592814","0.4806485213347297","0.5225531624065229","0.5560600047161408","0.47122493863684783"
"0.40642704073445873","2","3","Ohio, Van Wert","-84.5911,40.8554","0.22191960605848243","0.25","0.4687863661279875","0.0369","1.0","0.672432174036711","0.2330267292071399","0.562874251497006","0.5817386943120182","0.45694763271466","0.1887135751096285","0.3982391420587513"
"0.40629278101863137","10","1","Vermont, Windham","-72.7127,42.987","0.3514381121236406","0.0657894736842105","0.5680133890914876","0.6788","0.575","0.458548176019114","0.278695380992807","0.311377245508982","0.6371246099900815","0.23624015774070853","0.17967345751373637","0.4873946574495358"
"0.40627357258688723","1","10","Michigan, Baraga","-88.3636,46.6721","0.0","0.0","0.4712923898539654","0.7396","0.675","0.41517557433580937","0.7979463585674862","0.17964071856287425","0.6335581539925471","0.4979749256378812","0.4222438099441294","0.4919754528827946"
"0.40612312931919914","4","10","Florida, Gulf","-85.2427,29.9354","0.0","0.0","0.5136988084031847","0.4352","1.0","0.36515492191213655","0.580711443992604","0.3652694610778443","0.6170727822364962","0.42102008800525514","0.5060380287597386","0.544747164205461"
"0.4059558627212249","5","6","Nebraska, Howard","-98.5166,41.2201","0.7005017577409748","0.542857142857143","0.41276257024305807","0.0261","0.575","0.25083837871869175","0.23781875104190506","0.2694610778443114","0.6388951207196634","0.28634057895476006","0.1556051526805156","0.39788737606279523"
"0.40594377570113693","5","6","Colorado, Gunnison","-107.0321,38.6661","0.5351268121134392","0.0625","0.4579229788784929","0.5326","0.32499999999999996","0.903104230085054","0.4020083398974777","0.07185628742514971","0.4407808887294848","0.07645151942117986","0.2335464639783857","0.5239189151307789"
"0.40593721864126125","6","6","Virginia, Goochland","-77.9038,37.7171","0.4810790411074902","0.103448275862069","0.5458537109366619","0.1493","0.75","0.5881367906958894","0.5193661298505396","0.3592814371257485","0.6335581539925471","0.22005280963583035","0.05424446007878887","0.0"
"0.40587645774183795","2","1","Montana, Cascade","-111.3468,47.308","0.18217796594687097","0.117647058823529","0.5769786363281417","0.8564","0.75","0.43215267570306487","0.5428179682643772","0.16766467065868262","0.5775976316230177","0.27365434592750004","0.20291976832049313","0.3580031613375091"
"0.4056239822704577","2","3","Florida, Seminole","-81.2406,28.7159","0.309086757617358","0.08584686774942","0.731439696555151","0.185","1.0","0.36515492191213655","0.5052945970037105","0.281437125748503","0.5067215141840639","0.2424465759578221","0.19620029718711393","0.4819294438282316"
"0.40545735550288065","4","10","Virginia, Pulaski","-80.7123,37.0647","0.0","0.0","0.5991696562861114","0.5753","1.0","0.5881367906958894","0.3706600847782226","0.3592814371257485","0.6527643232093532","0.3701004852819582","0.35540056857715585","0.3948071956631389"
"0.40544329081913183","10","2","North Dakota, Stark","-102.6576,46.8085","0.4226977763444945","0.114754098360656","0.5551583692933096","0.7635","0.75","0.08543591436610563","0.5097685976149899","0.1317365269461078","0.452613368495235","0.29156125245626363","0.11853645580446837","0.5912183204422085"
"0.4054203585018051","2","3","Michigan, Grand Traverse","-85.5559,44.6957","0.24362880978598622","0.173913043478261","0.6226248096597294","0.5415","1.0","0.41517557433580937","0.34887398216497995","0.281437125748503","0.5878652729484978","0.2604376769399389","0.11809027546065035","0.391442435620718"
"0.40538580537974006","2","3","Washington, Thurston","-122.8291,46.9292","0.2402887371020529","0.0975609756097561","0.6635389456355145","0.4518","0.825","0.5051412015799757","0.5180549614593782","0.251497005988024","0.540406913436432","0.24020713845632483","0.17090366416523883","0.5025408119317044"
"0.405312138017109","2","3","Arkansas, Baxter","-92.3378,36.2878","0.18008293130410408","0.166666666666667","0.569443122579891","0.3158","0.825","0.5574725952297617","0.23394420364071639","0.40119760479041916","0.7786506778569082","0.41063251573626325","0.2732631757939655","0.33491433598468584"
"0.4052018510073867","5","6","Illinois, Cumberland","-88.2401,39.2743","0.5003504553936073","0.625","0.5089702327409755","0.1095","0.575","0.42780561490378566","0.12358156925805798","0.5149700598802395","0.595880459448231","0.40651183538766583","0.2394272274893599","0.0"
"0.4051430792262977","2","1","New Mexico, Taos","-105.631,36.5801","0.3247128304747665","0.136363636363636","0.5077352902389031","0.6606","0.5","0.2328984071594001","0.4748800577014762","0.10778443113772454","0.6915204375207985","0.21937621673658583","0.4995227541680741","0.580014002594049"
"0.4050518439202108","10","3","Pennsylvania, Wyoming","-76.0107,41.5196","0.37686571213499503","0.137931034482759","0.5687792367333068","0.1748","0.75","0.5168765274771758","0.22037827367999657","0.38922155688622756","0.613308186513927","0.4022724979630977","0.16942414758541224","0.4939156491692485"
"0.40501961312157253","10","3","Kansas, Marion","-97.0985,38.3586","0.3902559766063049","0.285714285714286","0.41935132724672614","0.2327","0.675","0.535277945802919","0.3361451122861323","0.3532934131736527","0.667774075480636","0.32585618922723747","0.2072164947205021","0.3832670434178902"
"0.4047551380964464","10","3","Maine, Franklin","-70.4438,44.9733","0.39017626666319244","0.151515151515152","0.49316177563754116","0.3677","0.575","0.631081372507402","0.2275132696130106","0.23353293413173656","0.6371246099900815","0.314133767714621","0.29455593368384253","0.46887464102357496"
"0.40467691353557145","2","1","Wyoming, Uinta","-110.5476,41.2878","0.3328836296673474","0.25","0.502853443927151","0.6657","0.675","0.3940368977735158","0.3516656350957825","0.17365269461077848","0.43165328621112686","0.3616782379164553","0.307519386257379","0.47498552646817"
"0.40450134409099503","10","3","Wisconsin, Lincoln","-89.7341,45.3374","0.2992659079333291","0.666666666666667","0.5391362198282202","0.3082","0.75","0.5349291819271391","0.28428787628147445","0.2634730538922156","0.6281436499318728","0.30319340095899433","0.10821241914646572","0.5103857920087971"
"0.4044353032335128","5","6","South Dakota, Turner","-97.1487,43.3109","0.42811651456382754","0.105263157894737","0.4138521718774719","0.1057","0.5","1.0","0.30579702688765187","0.281437125748503","0.624489779413553","0.33775020706478687","0.1029729490449694","0.5210383300500728"
"0.4042359538405151","6","6","Wisconsin, Kewaunee","-87.6147,44.5173","0.5506148604347981","0.5","0.508680913188628","0.1245","0.75","0.5349291819271391","0.2435914804237245","0.34730538922155696","0.6056629582719985","0.24937701898847411","0.062365329897922324","0.0"
"0.4040255964822509","2","3","Tennessee, Cannon","-86.0574,35.8099","0.2945408484483661","0.0769230769230769","0.5291695399390202","0.3585","0.75","0.26145055415676854","0.29780723774689194","0.40119760479041916","0.5858342498966352","0.47283658255788646","0.42413498965876534","0.3891510753985921"
"0.4038853500260844","6","3","Iowa, Jackson","-90.5735,42.1718","0.3815149066372623","0.375","0.6051291483185987","0.164","0.675","0.5306255646958271","0.2048346631402206","0.43113772455089816","0.6226493223021841","0.2519756488798691","0.15512445512768883","0.5336061634352257"
"0.40380312187858847","1","10","Kentucky, Knott","-82.9498,37.3539","0.0","0.0","0.4658341760695792","0.9876","0.575","0.6498233878958141","0.1787571638775929","0.40119760479041916","0.5561726637917245","0.6329501454093475","0.6002038816478782","0.0"
"0.40356804577187394","2","3","Virginia, Bedford","-79.5282,37.308","0.30504897797417935","0.15","0.5405613005990988","0.1194","1.0","0.5881367906958894","0.43921849530264695","0.3712574850299401","0.626321192473144","0.36403389203392233","0.15804897107833338","0.0"
"0.4035556384928674","6","6","Nebraska, Phelps","-99.4146,40.5116","0.5566549715701853","0.538461538461538","0.5192008158021468","0.2674","0.675","0.25083837871869175","0.24739974259966785","0.2694610778443114","0.6151952376728468","0.2796163670088291","0.04017052227928395","0.43859028215766477"
"0.4034648751344438","10","3","Kansas, Coffey","-95.7338,38.2365","0.43059989470219456","0.04","0.48471084107375206","0.2627","0.675","0.535277945802919","0.33855350343316837","0.3712574850299401","0.6299572389493907","0.3453240859640078","0.16039214456146253","0.2872759152208416"
"0.4032141885616634","5","6","Iowa, Humboldt","-94.2072,42.7764","0.45847053273746885","0.428571428571429","0.5799038599005956","0.0825","0.75","0.5306255646958271","0.20620296067396807","0.33532934131736525","0.6281436499318728","0.2630481824017755","0.12251162715213286","0.3629002496357373"
"0.40300825139750124","2","3","Alabama, Cleburne","-85.5201,33.6768","0.29067964795507306","0.0769230769230769","0.5004997647900564","0.1","0.75","0.40374195381018385","0.38708259971643255","0.47904191616766467","0.595880459448231","0.44875298368839106","0.6074428064985852","0.0"
"0.4029972722856031","5","6","Nebraska, Butler","-97.1311,41.227","0.6973893761855792","0.793103448275862","0.44545382511333304","0.0914","0.32499999999999996","0.25083837871869175","0.2281024487264244","0.32934131736526945","0.6226493223021841","0.27735453186759257","0.10103332412470717","0.4525351814999145"
"0.4029609242869853","6","3","Iowa, Carroll","-94.8603,42.0362","0.40871548028547816","0.571428571428571","0.6077339215980179","0.1181","0.75","0.5306255646958271","0.2605271710908711","0.3532934131736527","0.6075890184122873","0.3010151023416759","0.026243252339812603","0.3487622470143838"
"0.4027575853745081","2","3","Illinois, Christian","-89.2778,39.5458","0.2813834620037691","0.0666666666666667","0.5502335199888582","0.4094","0.75","0.42780561490378566","0.2752669921065234","0.5089820359281437","0.6017807168377609","0.31991738492489713","0.21626908695684297","0.4760449543835666"
"0.4026721485621551","3","10","South Dakota, Dewey","-100.8709,45.1564","0.0","0.0","0.33903077407595295","0.8975","0.07500000000000001","1.0","0.6850725478695585","0.12574850299401197","0.3453966168814669","0.7331613126828133","0.8324921025231353","0.0"
"0.40258723617951236","1","10","Texas, Scurry","-100.9163,32.7461","0.0","0.0","0.4976216333816759","0.71","0.75","0.7194085185102618","0.527607180299582","0.2694610778443114","0.5117241638959221","0.26032757114851274","0.5281234713266756","0.516133671673927"
"0.40255827070970446","10","3","Maryland, Garrett","-79.2736,39.5279","0.29364978425749144","0.333333333333333","0.5263770427860113","0.3582","0.825","0.4167867362521145","0.21450865706381828","0.34131736526946105","0.6406572602088578","0.3627601348865426","0.20237100525376142","0.48641810968068655"
"0.40243202872268613","2","1","Montana, Yellowstone","-108.2691,45.9396","0.18428660900292448","0.0465116279069767","0.6114547108033804","0.7453","1.0","0.43215267570306487","0.46309284873958967","0.19760479041916168","0.5380992168517501","0.25599466779252666","0.10082961203504867","0.40379900045651085"
"0.40227875584016703","1","10","Kansas, Labette","-95.2985,37.1911","0.0","0.0","0.520262484385025","0.602","0.75","0.535277945802919","0.5646023667663426","0.4131736526946108","0.5817386943120182","0.4404499687500494","0.4133225042150357","0.4153136621521752"
"0.40217353873968","6","6","Indiana, Fountain","-87.2422,40.1236","0.4555213048807134","0.294117647058824","0.4888718422811351","0.0818","0.75","0.4061590902707796","0.19428854199459172","0.48502994011976047","0.6056629582719985","0.4194375872224275","0.31005718835411167","0.0"
"0.4021507524686801","10","3","Nebraska, Dawes","-103.1314,42.7199","0.3493711331360704","1.0","0.4538656082669352","0.5441","0.575","0.25083837871869175","0.5381965402557376","0.06586826347305387","0.5734100391661536","0.22712637115113765","0.20770676020144002","0.4346892235703508"
"0.40213245792774577","1","10","Arkansas, Polk","-94.2273,34.4825","0.0","0.0","0.5095730259606525","0.646","0.675","0.5574725952297617","0.3632928305454322","0.38323353293413176","0.6578350382684304","0.42003263010290887","0.6044276980134196","0.4195767460841706"
"0.40175356487414543","5","3","Nebraska, Richardson","-95.7176,40.1247","0.3595090713358596","1.0","0.47820353905128987","0.029","0.675","0.25083837871869175","0.37150257133802983","0.37724550898203596","0.6837718879901644","0.3560892020125926","0.18740846127005645","0.4281746664486149"
"0.40165527736425843","2","3","Michigan, Sanilac","-82.8206,43.4241","0.25628149975936654","0.0526315789473684","0.5485511563655107","0.3002","0.75","0.41517557433580937","0.24923788237781264","0.407185628742515","0.6281436499318728","0.36722688955838445","0.43375838753039786","0.5083845186776546"
"0.4014975228572407","5","6","Colorado, Washington","-103.2026,39.9702","0.48659054480719166","0.2","0.4068364131896476","0.3719","0.5","0.903104230085054","0.27592338718149495","0.16167664670658685","0.6095051758860066","0.3368569546530231","0.13643986599571672","0.0"
"0.4013867294317566","5","6","Indiana, Ohio","-84.9652,38.9553","0.6178232191865237","0.666666666666667","0.5566823358941179","0.1207","0.32499999999999996","0.4061590902707796","0.1671516832438769","0.502994011976048","0.6299572389493907","0.3039814236869605","0.12681695257614042","0.0"
"0.40127019122207697","2","3","Indiana, Owen","-86.839,39.3115","0.3739142537745573","0.111111111111111","0.5518202581518176","0.242","0.675","0.4061590902707796","0.2008020824649475","0.4670658682634731","0.5878652729484978","0.4352164534010998","0.4596071747833985","0.0"
"0.40105151579466736","6","3","New York, Saratoga","-73.8665,43.109","0.44179086472568346","0.146572104018913","0.6779959348850726","0.2642","1.0","0.1452368843520714","0.2710840702212848","0.38323353293413176","0.558371441896005","0.20992391993336282","0.024660668585016067","0.6013485616054637"
"0.40096650712687487","1","10","Texas, Somervell","-97.774,32.2224","0.0","0.0","0.5437368627530865","0.6371","0.825","0.7194085185102618","0.40485799131886313","0.3652694610778443","0.579673914473061","0.27868121101106474","0.41139099386671585","0.4939247721500771"
"0.400902489227947","1","10","Virginia, Dickenson","-82.3512,37.1256","0.0","0.0","0.5009753212461645","0.816","0.675","0.5881367906958894","0.153343022503046","0.38323353293413176","0.6317620454190964","0.4659950548384286","0.5479948468834775","0.4976810016582062"
"0.40074861509876836","6","9","Rhode Island, Washington","-71.6144,41.4596","0.5274898261086135","0.176470588235294","0.6497004172400189","0.2687","1.0","0.0","0.3705736502607895","0.2035928143712575","0.6075890184122873","0.16649563514344182","0.08908068076656302","0.49333122630213155"
"0.40074049842237985","6","6","Virginia, James City","-76.7695,37.3116","0.42728987900623594","0.100558659217877","0.6598300546831827","0.1426","0.675","0.5881367906958894","0.5136137561963471","0.34730538922155696","0.6899835619092616","0.2151045306292132","0.05917811981976932","0.0"
"0.40064096506196517","2","1","New Mexico, Eddy","-104.3054,32.4717","0.2944435563738499","0.235294117647059","0.5000085913986764","0.6297","0.675","0.2328984071594001","0.46184602819214926","0.2694610778443114","0.49129758316188105","0.357791559061544","0.3472672241175736","0.3779712851617505"
"0.40057187651161236","6","3","Michigan, Clinton","-84.6015,42.944","0.3959949237588316","0.106060606060606","0.5890322403501995","0.0831","0.825","0.41517557433580937","0.3503430186641894","0.4550898203592814","0.5357771420024626","0.29180847506441054","0.06522468704699948","0.7071597722888401"
"0.40044241464773755","5","6","Iowa, Ida","-95.5136,42.387","0.49456028056462753","1.0","0.5511865321616791","0.1649","0.32499999999999996","0.5306255646958271","0.17544040560591662","0.33532934131736525","0.6527643232093532","0.2502853873077198","0.08119561798581548","0.40480461880294777"
"0.4002737818606544","10","6","Texas, Martin","-101.9514,32.306","0.39435583146527603","0.333333333333333","0.44840800786412705","0.2219","0.5","0.7194085185102618","0.4406486142150862","0.2694610778443114","0.41912465076501093","0.3142529208253698","0.30568040625180537","0.42396366330470203"
"0.4001782109746588","6","6","Illinois, Carroll","-89.934,42.0682","0.4457810018104277","0.307692307692308","0.5238779958567868","0.1334","0.75","0.42780561490378566","0.2825901135596234","0.4610778443113772","0.6915204375207985","0.21397995078890045","0.24967702186974028","0.0"
"0.3999516928524459","5","6","South Dakota, Spink","-98.3463,44.9384","0.38121997295689597","0.25","0.4159159825197968","0.2767","0.32499999999999996","1.0","0.40192910089586786","0.17365269461077848","0.6226493223021841","0.4108175705392375","0.09548089799486505","0.39840131880120866"
"0.3997203215391782","5","6","Minnesota, Fillmore","-92.0898,43.6739","0.42812679827432926","0.294117647058824","0.518873097543081","0.4161","0.575","0.7794980274392814","0.1294272464596543","0.3233532934131737","0.624489779413553","0.2409041713832749","0.1714825843724729","0.0"
"0.39967808618453815","6","3","Virginia, New Kent","-76.9983,37.5069","0.3661671965489166","0.115384615384615","0.5518445182152099","0.0306","1.0","0.5881367906958894","0.6106637620030544","0.34730538922155696","0.542700408721451","0.28225263843844106","0.06936227094652608","0.0"
"0.39922618922224345","10","6","Kansas, Phillips","-99.3467,39.7847","0.4028898026153903","0.5","0.4591074230031383","0.348","0.675","0.535277945802919","0.21947377474703578","0.24550898203592814","0.6578350382684304","0.28106710811037666","0.1249770036664543","0.3737111662105705"
"0.39906620743282795","1","10","West Virginia, Lewis","-80.4999,38.9947","0.0","0.0","0.4817050901886821","0.8475","0.825","0.42782761630184035","0.17875791630250543","0.38323353293413176","0.6114115319998742","0.5815506813158727","0.4599479868049794","0.3827864741249265"
"0.39892741635837037","1","10","California, Siskiyou","-122.5407,41.592","0.0","0.0","0.4831126485830568","0.6676","0.675","0.5528135213810501","0.5351671503822775","0.39520958083832336","0.6868906660868291","0.34906510839384997","0.3799289817508122","0.5236100941268601"
"0.3988577526992597","1","10","Wisconsin, Adams","-89.7678,43.9697","0.0","0.0","0.4601995397443899","0.6275","0.75","0.5349291819271391","0.47559050801732716","0.34730538922155696","0.7443413616038496","0.3860987917898535","0.3901126484255127","0.5392889760222351"
"0.39885684074497096","2","3","Pennsylvania, Jefferson","-78.9986,41.1291","0.1749459870832162","0.142857142857143","0.5711013825280649","0.4594","0.75","0.5168765274771758","0.15403342722075708","0.4670658682634731","0.6207997313712245","0.3986969800482836","0.29699163750971785","0.48390283151365504"
"0.39878150946985746","1","10","Arkansas, Arkansas","-91.3728,34.2915","0.0","0.0","0.4942992151187673","0.5368","0.675","0.5574725952297617","0.5586778245738923","0.4191616766467066","0.5878652729484978","0.48957289988220104","0.47157762175461027","0.38868352443756304"
"0.3984997075468786","2","3","Kentucky, Pendleton","-84.356,38.6961","0.2940403531910308","0.166666666666667","0.4857583340385312","0.3177","0.75","0.6498233878958141","0.23700886560031462","0.4610778443113772","0.5191044408593759","0.38035098656842675","0.3619882687512315","0.0"
"0.39831311717217927","1","10","Missouri, Wayne","-90.46,37.113","0.0","0.0","0.46498375470474745","0.6323","0.675","0.6713285985896172","0.26986270500193277","0.4251497005988024","0.667774075480636","0.49070687422033915","0.6818082560561655","0.0"
"0.39828940456863365","1","10","Texas, Jack","-98.1728,33.2338","0.0","0.0","0.4770948558435144","0.7892","0.575","0.7194085185102618","0.4933101438805728","0.33532934131736525","0.558371441896005","0.3022135586255955","0.48666224765649346","0.4840548987562238"
"0.3982622998463683","6","3","Nebraska, Red Willow","-100.477,40.1756","0.40195702771550834","0.4","0.4865961906920414","0.4365","0.675","0.25083837871869175","0.35821757619131595","0.22155688622754494","0.6114115319998742","0.30679532835226286","0.1963249224785875","0.46029072826102935"
"0.39813231710400987","10","3","New Hampshire, Sullivan","-72.222,43.3609","0.32629740529022255","0.25","0.5510336028427427","0.3314","0.75","0.499606471180141","0.22700227140495255","0.281437125748503","0.6189409155096902","0.3115525918332895","0.14893122004042514","0.6320125040296457"
"0.3978378199411266","2","7","Kentucky, Jackson","-83.9983,37.4187","0.3024606598580593","0.0175438596491228","0.46013243642655394","0.3276","0.5","0.6498233878958141","0.10740386468620851","0.407185628742515","0.540406913436432","0.6377217338077709","0.577775204799079","0.0"
"0.3978123437540147","2","3","Kansas, Linn","-94.8425,38.2127","0.33723194030725673","0.166666666666667","0.4323390731309806","0.2082","0.675","0.535277945802919","0.3122253523515888","0.37724550898203596","0.6527643232093532","0.4442733443746037","0.408915564972227","0.0"
"0.3975696238307053","5","6","Nebraska, Dixon","-96.8678,42.4919","0.6642586588100811","0.5","0.43470027322796717","0.1904","0.5","0.25083837871869175","0.2557417312196106","0.32934131736526945","0.6114115319998742","0.26109895836310565","0.22544145996409484","0.0"
"0.39743253609342655","5","6","Iowa, Iowa","-92.0643,41.6863","0.5078140977019985","0.285714285714286","0.5802249056454409","0.1347","0.575","0.5306255646958271","0.17917848573976944","0.4131736526946108","0.5817386943120182","0.2698991398695805","0.03561739962849795","0.5107129429398954"
"0.3974088152917302","1","10","Arkansas, Scott","-94.0632,34.8559","0.0","0.0","0.4516726152695136","0.5731","0.575","0.5574725952297617","0.39840910263559176","0.38323353293413176","0.6170727822364962","0.5505326411892176","0.6308396607818257","0.46055452174017797"
"0.3973675186234808","5","6","Iowa, Sac","-95.1055,42.3862","0.45653706906744107","0.75","0.5277555770609003","0.0236","0.675","0.5306255646958271","0.07711813655535674","0.34730538922155696","0.667774075480636","0.2875213761751803","0.08998745390287294","0.44812747406515524"
"0.39719723120458944","1","10","Missouri, Grundy","-93.5651,40.1141","0.0","0.0","0.5210416925049025","0.6759","0.675","0.6713285985896172","0.2879585380942897","0.37724550898203596","0.6388951207196634","0.41877716510122215","0.4735296002023072","0.4505783317266613"
"0.3971960921710302","5","6","Virginia, Rappahannock","-78.1583,38.683","0.563298315704869","0.5","0.4649249396614188","0.0019","0.32499999999999996","0.5881367906958894","0.39385793750721143","0.3173652694610779","0.7109436441933698","0.28615200386253936","0.21842477749419845","0.0"
"0.39715054349996215","4","10","West Virginia, Brooke","-80.5792,40.2737","0.0","0.0","0.6076178117655955","0.7246","1.0","0.42782761630184035","0.22240702245707142","0.4970059880239522","0.6595100604482558","0.4811115476479897","0.20286659970731832","0.282870294795006"
"0.39688994108541303","5","6","Illinois, Edwards","-88.0572,38.4135","0.45800650532072396","1.0","0.5230354856772932","0.1878","0.32499999999999996","0.42780561490378566","0.23302616831468506","0.5209580838323353","0.6281436499318728","0.22982478081528182","0.24051421679059962","0.0"
"0.39682567953154174","5","6","Iowa, Madison","-94.0155,41.3308","0.5070919899562718","0.5","0.4970140042379743","0.0248","0.675","0.5306255646958271","0.20714781518028405","0.34730538922155696","0.5449798764246452","0.3226168286095404","0.03733369215082301","0.5115356974658819"
"0.3967251207127997","6","3","Illinois, Bureau","-89.5283,41.4039","0.35534391718740704","0.266666666666667","0.5387559720434216","0.1273","0.75","0.42780561490378566","0.26168076023913656","0.5089820359281437","0.6371246099900815","0.2712756904210509","0.19668729261667214","0.43551781293170466"
"0.3964690077550269","5","6","Kansas, Gray","-100.4369,37.7384","0.5999176208665716","0.583333333333333","0.46245325415696326","0.2305","0.32499999999999996","0.535277945802919","0.26988369623642355","0.2634730538922156","0.504194780386106","0.2633990622720835","0.3102200853580301","0.0"
"0.3964274706184265","1","10","Virginia, Scott","-82.6017,36.7147","0.0","0.0","0.5343633892506003","0.8262","0.75","0.5881367906958894","0.21691228247955574","0.4251497005988024","0.6661358670949733","0.42364364792061415","0.5248017046898956","0.0"
"0.3963322810707436","2","3","California, El Dorado","-120.5233,38.7797","0.32206098902375324","0.265625","0.5939382447872752","0.2209","0.75","0.5528135213810501","0.3704317499922673","0.37724550898203596","0.613308186513927","0.14258548370945237","0.12255571228925277","0.5448202663393018"
"0.3960350232598206","6","6","Nebraska, Wayne","-97.1193,42.2093","0.46011622726064094","0.75","0.5010180365569071","0.3645","0.5","0.25083837871869175","0.3707861703555757","0.3233532934131737","0.5142005305328247","0.2565423078499008","0.12188377728721626","0.4440494557637289"
"0.3957542227731617","5","6","Iowa, Buchanan","-91.8351,42.4709","0.46383817646338227","0.269230769230769","0.5876651350421624","0.1277","0.75","0.5306255646958271","0.16172252116363","0.40119760479041916","0.5648909983668218","0.2838307414290947","0.06967619587898435","0.35081639504748274"
"0.3955516852839087","6","9","Georgia, Oconee","-83.4368,33.8375","0.4721314545325516","0.177215189873418","0.5850763853710633","0.0096","1.0","0.49930824224945697","0.38472901157134426","0.48502994011976047","0.49908933331939354","0.15032057428968099","0.06230634786007233","0.0"
"0.3955231715009096","10","7","New Mexico, Torrance","-105.8509,34.6405","0.361456932491768","0.111111111111111","0.4426855214587082","0.5486","0.675","0.2328984071594001","0.5174029775496932","0.16766467065868262","0.6037268925796017","0.3168063014749313","0.4800569860953782","0.0"
"0.3954720066644169","2","7","Tennessee, Polk","-84.5208,35.1225","0.2776844567660098","0.0833333333333333","0.5043812826669797","0.361","0.75","0.26145055415676854","0.26854065100497504","0.40119760479041916","0.6207997313712245","0.49565873886028733","0.5444937118728662","0.0"
"0.39537806838557066","5","6","Minnesota, Lac qui Parle","-96.1749,44.9974","0.3785360341808822","0.5","0.4481366714822308","0.2292","0.675","0.7794980274392814","0.20191539927107038","0.19161676646706588","0.7195778173951984","0.282243443223692","0.03319610825129643","0.37100307167518487"
"0.39529164727074884","10","7","Idaho, Power","-112.8396,42.6925","0.36183959283993383","0.333333333333333","0.4815462606214511","0.22","0.5","0.48916979685071754","0.38257730376522503","0.2095808383233533","0.5287228277828","0.35987321588147586","0.4316447232089233","0.533529951367828"
"0.3952307298685386","6","6","Massachusetts, Franklin","-72.586,42.5812","0.5244175177576429","0.134868421052632","0.5485581415607375","0.3706","0.675","0.13189104157094694","0.3108084164760778","0.281437125748503","0.624489779413553","0.2627311977087358","0.0880157340338833","0.5367493638477422"
"0.3944902714971088","1","10","Kansas, Neosho","-95.3067,37.5586","0.0","0.0","0.49470361312682826","0.6702","0.75","0.535277945802919","0.41530193178051455","0.39520958083832336","0.5998243249034969","0.44704154538312035","0.3689434258099827","0.5092520521373491"
"0.39448151547436316","10","3","New Hampshire, Carroll","-71.2043,43.875","0.40081445476707256","0.219512195121951","0.54932677476499","0.2111","0.75","0.499606471180141","0.19956319582856916","0.2275449101796407","0.7195778173951984","0.2678049516043358","0.11388220378693752","0.5616407684221395"
"0.39441166605999683","10","1","North Dakota, McKenzie","-103.3959,47.7413","0.3759964182795958","0.133333333333333","0.5033463275799971","0.7717","0.675","0.08543591436610563","0.6102015845927059","0.1377245508982036","0.3213436387749264","0.3207065167056007","0.2505765282252063","0.49490610448311784"
"0.39437027350856796","1","10","California, Lassen","-120.5935,40.6731","0.0","0.0","0.4485673100856152","0.7198","0.675","0.5528135213810501","0.6841755798794859","0.2634730538922156","0.46689449529952165","0.43700351191216924","0.41251019922969706","0.5387814943546884"
"0.39436506257373716","1","10","Texas, Mitchell","-100.9212,32.3062","0.0","0.0","0.4449501958195438","0.6543","0.675","0.7194085185102618","0.6184103424265173","0.2634730538922156","0.5166605513962695","0.27183570275752167","0.5523600021364337","0.42632983046590234"
"0.3943642899162028","1","10","Michigan, Chippewa","-84.5435,46.2955","0.0","0.0","0.4488024975728856","0.7727","0.575","0.41517557433580937","0.7926120385325109","0.23353293413173656","0.558371441896005","0.44094923485611315","0.458299275344503","0.46822125456594205"
"0.3943121626667605","1","10","Kentucky, Lawrence","-82.7288,38.0714","0.0","0.0","0.4954094847631076","0.5727","0.75","0.6498233878958141","0.10031212112875891","0.4131736526946108","0.5561726637917245","0.5965204763633615","0.6206689531996303","0.34824258699499616"
"0.393875434763804","1","10","Pennsylvania, Greene","-80.2236,39.8575","0.0","0.0","0.5545029578191722","0.8325","0.75","0.5168765274771758","0.3374797809258237","0.47904191616766467","0.579673914473061","0.3678686821702268","0.2691926885042313","0.4726129340203895"
"0.3937872948929221","2","1","New York, Schuyler","-76.8773,42.3918","0.27137423821708223","0.125","0.5928546149783072","0.5654","0.825","0.1452368843520714","0.2618000292694157","0.29940119760479045","0.6189409155096902","0.3192928661619455","0.29170045215121543","0.5235572611827702"
"0.393711460025915","1","10","Kentucky, Lee","-83.7151,37.5965","0.0","0.0","0.48516651528508903","0.7997","0.5","0.6498233878958141","0.37075694440398266","0.39520958083832336","0.5648909983668218","0.602876501823709","0.5529693217101982","0.0"
"0.39365923505040934","4","10","Arkansas, Franklin","-93.893,35.512","0.0","0.0","0.5069741071759986","0.5495","0.75","0.5574725952297617","0.37683424515419167","0.407185628742515","0.5978576089534523","0.48109646123212607","0.4323934438618774","0.5228526955603885"
"0.39365046973035855","1","10","Arkansas, Woodruff","-91.2439,35.189","0.0","0.0","0.45558787416671626","0.4836","0.5","0.5574725952297617","0.6072918703311457","0.4251497005988024","0.6595100604482558","0.6660543860743942","0.5659643847804058","0.0"
"0.3935742815545134","10","3","Iowa, Howard","-92.317,43.3567","0.41872793128836505","0.166666666666667","0.5483576315082189","0.2066","0.75","0.5306255646958271","0.15296372854383306","0.3173652694610779","0.624489779413553","0.2602781210505486","0.16132483588278246","0.4750408546426594"
"0.39330435485380355","5","3","Nebraska, Otoe","-96.1337,40.6484","0.4026592414556321","0.6","0.49409295829988015","0.1487","0.75","0.25083837871869175","0.29271386720112247","0.3712574850299401","0.5998243249034969","0.3284695851260098","0.1414962132199457","0.4645270390687529"
"0.39285028145872847","2","1","Michigan, Marquette","-87.6404,46.4339","0.24827119050187782","0.0576923076923077","0.5537985321481801","0.5804","0.675","0.41517557433580937","0.45618359029283784","0.21556886227544908","0.5755097168756041","0.3367341400482208","0.26100617543147425","0.383455593451364"
"0.3927905215624653","10","3","Maine, Lincoln","-69.5423,44.06","0.35100464606929305","0.235294117647059","0.5279665452986625","0.1796","0.675","0.631081372507402","0.20881585773559128","0.2694610778443114","0.7224119892866149","0.22390047153968615","0.17455473708726355","0.6038615884690445"
"0.3926654584101526","6","3","Michigan, Livingston","-83.913,42.603","0.38680456251823736","0.0809399477806789","0.6500289422224","0.0516","1.0","0.41517557433580937","0.23787763309427012","0.4670658682634731","0.5334405085950897","0.2114629289420327","0.03081744865504604","0.606735891665707"
"0.3926528796506569","1","10","South Dakota, Brule","-99.0812,43.7176","0.0","0.0","0.4617328645711629","0.8252","0.675","1.0","0.5106863263268806","0.17964071856287425","0.5648909983668218","0.23059901214214357","0.27458500322947854","0.371652144867698"
"0.3925448059378417","2","3","Michigan, Delta","-86.9081,45.9048","0.19621894617854907","0.0714285714285714","0.5548637278178881","0.4807","0.75","0.41517557433580937","0.34756443002209664","0.24550898203592814","0.6661358670949733","0.39407478245029953","0.2219312414774286","0.6091876356558795"
"0.3923644032847533","1","10","South Dakota, Walworth","-100.0308,45.4302","0.0","0.0","0.45886266514739993","0.8058","0.575","1.0","0.5249500440219113","0.14371257485029942","0.6774549264631455","0.3656912602004241","0.16317241491235476","0.37982231092776153"
"0.392315585850596","2","1","Idaho, Elmore","-115.4702,43.3507","0.22590509521462043","0.032258064516129","0.48584801427233276","0.3738","0.675","0.48916979685071754","0.5057062278977388","0.25748502994011974","0.4555137084840577","0.32581960947152483","0.46702873805931655","0.5753638557240554"
"0.39229469090005364","6","6","Illinois, Hancock","-91.1631,40.4042","0.42189727977584224","0.333333333333333","0.4991915048788808","0.0949","0.575","0.42780561490378566","0.21356404387717579","0.4670658682634731","0.6611775880966219","0.2603390166756347","0.20142160033650042","0.5636170662246492"
"0.39211829500473466","2","3","New York, Schoharie","-74.4434,42.5883","0.3617525057583611","0.0851063829787234","0.5458230626483798","0.5995","0.675","0.1452368843520714","0.25877970604689043","0.2694610778443114","0.624489779413553","0.32815996649387885","0.24127916658743856","0.5336291765747904"
"0.39172525538171293","6","6","Wisconsin, St. Croix","-92.45,45.0344","0.4364572785976938","0.58974358974359","0.5957686955654768","0.0567","0.825","0.5349291819271391","0.2565980960482048","0.3053892215568862","0.45839165180163993","0.196794268698511","0.019108726907230214","0.5237417168005857"
"0.39161735554928423","1","10","Idaho, Shoshone","-115.8917,47.3536","0.0","0.0","0.48937059219985285","0.7749","0.575","0.48916979685071754","0.3422117294082044","0.40119760479041916","0.6595100604482558","0.3490536723848237","0.5737726619102356","0.4820616527470871"
"0.3915421152732612","6","3","Virginia, Mathews","-76.341,37.4416","0.348307957526823","0.2","0.5224320122536439","0.0143","0.825","0.5881367906958894","0.44408890057926287","0.3233532934131737","0.7675615085087122","0.26340833846283823","0.17522570318518754","0.0"
"0.391422789002656","6","3","Kentucky, Spencer","-85.3275,38.0322","0.3851297521430444","0.1875","0.49269310722376886","0.0267","0.825","0.6498233878958141","0.2968461478191607","0.502994011976048","0.4555137084840577","0.4571751512610661","0.12946496751567294","0.0"
"0.391285194593795","6","6","Illinois, Clark","-87.7871,39.3343","0.4364778036503445","0.444444444444444","0.5115842132223359","0.0891","0.75","0.42780561490378566","0.15098693096933644","0.502994011976048","0.6017807168377609","0.31516153930553964","0.2282351738595484","0.0"
"0.39105329452501686","6","6","Illinois, Jo Daviess","-90.2109,42.3654","0.42655450223874936","0.277777777777778","0.5346873311345915","0.0427","0.675","0.42780561490378566","0.20855433821988745","0.43712574850299407","0.7224119892866149","0.25459124581227693","0.10735881462333065","0.5453119091869342"
"0.3910409960277358","10","6","Wyoming, Hot Springs","-108.4423,43.7193","0.41963931442268165","0.5","0.46148313077350844","0.3247","0.5","0.3940368977735158","0.3642157790928779","0.07185628742514971","0.7006109322771243","0.38095006229228945","0.21374751400399503","0.35462712130306406"
"0.3910161863829951","5","6","South Dakota, Sanborn","-98.091,44.0235","0.5627769746416936","0.4","0.37268629914700435","0.0392","0.5","1.0","0.1106284280904095","0.19760479041916168","0.595880459448231","0.34134296914612505","0.12341694693227398","0.0"
"0.3909771536267106","1","10","South Dakota, Lawrence","-103.7929,44.3592","0.0","0.0","0.5003816212574971","0.8625","0.75","1.0","0.4093349955872896","0.11976047904191617","0.6207997313712245","0.2597806860229763","0.140394327017976","0.4485251600700059"
"0.390967723536601","1","10","Kansas, Bourbon","-94.8487,37.8551","0.0","0.0","0.5113473213092745","0.7249","0.75","0.535277945802919","0.44745042459157647","0.38922155688622756","0.6037268925796017","0.39665149035533587","0.3341556503278348","0.38873052470948466"
"0.39015844841617203","6","3","Illinois, Shelby","-88.8061,39.3913","0.36935710882865835","0.230769230769231","0.5147808430237081","0.113","0.75","0.42780561490378566","0.11134542076648103","0.5149700598802395","0.6458942336050534","0.3048928608308735","0.1930318596261411","0.5249646502192139"
"0.39014795924278983","10","3","California, San Benito","-121.07,36.6031","0.38706495816855563","0.163934426229508","0.5608947258346341","0.1958","0.675","0.5528135213810501","0.4475945586891922","0.19161676646706588","0.43165328621112686","0.21512076588283793","0.3409326501428952","0.4315872147798578"
"0.39013880318865435","6","6","Illinois, Washington","-89.4098,38.3531","0.44820633360274215","0.235294117647059","0.5145086664380575","0.1716","0.675","0.42780561490378566","0.18621455902518758","0.4970059880239522","0.6056629582719985","0.2789774197444757","0.07799932443160755","0.4075952323774571"
"0.39013359290262356","2","3","Oregon, Deschutes","-121.2289,43.9157","0.3213150973519899","0.178947368421053","0.5839215846323134","0.2152","0.825","0.5704827129810713","0.29285116575625636","0.3173652694610779","0.6017807168377609","0.16842320699411573","0.15569332295475544","0.5063810081498825"
"0.39007908076545933","2","1","Utah, Grand","-109.5704,38.981","0.33707656950934906","0.25","0.4360740758853518","0.7561","0.675","0.04550202230851092","0.4606749120706083","0.14371257485029942","0.5494974081927578","0.21944332610720396","0.37415358656207515","0.4962783596361214"
"0.3900716254506639","1","10","Missouri, Benton","-93.2876,38.295","0.0","0.0","0.49331791940058584","0.5113","0.825","0.6713285985896172","0.27010154482103504","0.38323353293413176","0.7650517898821985","0.41141832819938673","0.5451436043063428","0.0"
"0.39001499929899597","4","10","Kentucky, Caldwell","-87.8695,37.1475","0.0","0.0","0.460791986926104","0.5138","0.75","0.6498233878958141","0.4052742824524691","0.4730538922155689","0.626321192473144","0.4415678021419874","0.31391584898224495","0.4812781963002347"
"0.38998323675444463","1","10","Kansas, Chautauqua","-96.2454,37.1499","0.0","0.0","0.423473945483892","0.7313","0.5","0.535277945802919","0.5080563666992375","0.3652694610778443","0.7152857337854508","0.4248430697222204","0.5136843777897626","0.315199118138463"
"0.3899439082653531","2","3","Missouri, Ste. Genevieve","-90.195,37.8909","0.27151942125065137","0.125","0.49198272171873997","0.0974","0.75","0.6713285985896172","0.23209137813745426","0.4550898203592814","0.5898852876912913","0.386427368296638","0.23604066539005475","0.44550892001441617"
"0.3897560081492084","5","3","Colorado, Teller","-105.1615,38.8813","0.35387377010555143","0.0967741935483871","0.5470000293083869","0.0751","0.675","0.903104230085054","0.36572916285488327","0.11976047904191617","0.6226493223021841","0.15494975750962275","0.16152418790393464","0.6281228216421021"
"0.389608129027539","4","10","Missouri, Callaway","-91.9219,38.8367","0.0","0.0","0.5485287359459998","0.483","0.75","0.6713285985896172","0.44013652818551513","0.4191616766467066","0.5239446622367122","0.43532968421003443","0.30440363285752475","0.5885361883442575"
"0.38956417824563316","6","6","Nebraska, Saunders","-96.6377,41.2278","0.5122502560483484","0.55","0.47279699562726657","0.0302","0.75","0.25083837871869175","0.2206207715926049","0.3652694610778443","0.5755097168756041","0.2957545316208489","0.05293268502344324","0.6000080948264789"
"0.38953057050549894","2","3","Illinois, Adams","-91.1879,39.9882","0.20571791141066462","0.0476190476190476","0.581458114480209","0.3782","0.825","0.42780561490378566","0.3608370772071531","0.4610778443113772","0.6095051758860066","0.3422219075953483","0.16307564561411628","0.3636928979691092"
"0.38917433838078835","4","10","Kentucky, Clark","-84.1462,37.9689","0.0","0.0","0.599641750557146","0.4772","1.0","0.6498233878958141","0.3658708199337951","0.44311377245508987","0.5627304600978258","0.4218642847625644","0.34443475405761903","0.0"
"0.38915914337914664","2","3","Michigan, Crawford","-84.6101,44.6826","0.29882490235896225","0.0175438596491228","0.5330424010359974","0.2022","0.675","0.41517557433580937","0.3085800056094427","0.2634730538922156","0.6960934005090119","0.4362964062579518","0.3970434617684366","0.3635016062170022"
"0.3890041348505606","1","10","West Virginia, Braxton","-80.7201,38.7004","0.0","0.0","0.4656421677089832","0.7058","0.75","0.42782761630184035","0.23522161859241184","0.3652694610778443","0.6441567395133083","0.46582736607356745","0.5558377623353303","0.49393790805744364"
"0.38889418793821023","2","3","Maine, Oxford","-70.7568,44.4995","0.21991663880493828","0.117647058823529","0.5127549078010997","0.4145","0.575","0.631081372507402","0.23940961775857605","0.2634730538922156","0.6281436499318728","0.34082377600884983","0.3812944098713889","0.5321628700642252"
"0.3884161155583177","4","8","Kentucky, Bourbon","-84.2183,38.2055","0.0","0.0","0.5607108219100146","0.1738","1.0","0.6498233878958141","0.4331670684229883","0.44910179640718567","0.5837920978957992","0.3867073987189357","0.4008676051875611","0.4344625360813446"
"0.38817684416290027","4","10","Texas, Rains","-95.7923,32.8711","0.0","0.0","0.5197401853353165","0.2964","0.825","0.7194085185102618","0.4485267791418987","0.4191616766467066","0.6960934005090119","0.4601501305953146","0.46772986129774285","0.0"
"0.38814493388257354","2","3","Minnesota, Crow Wing","-94.0676,46.481","0.2509527376868002","0.125","0.5652306233382485","0.2528","0.825","0.7794980274392814","0.33149337089199205","0.19161676646706588","0.6458942336050534","0.2840608890145516","0.07702254797316767","0.41862674117161436"
"0.3880404595011926","2","1","Alaska, Juneau City and Borough","-134.2004,58.4503","0.28321568272275527","0.0689655172413793","0.5096426700636231","0.9322","0.675","0.31754265337554405","0.6048525217315815","0.0","0.42856039038869453","0.2528967950386709","0.15560079261200924","0.46337591025441127"
"0.38792417410179564","6","3","Tennessee, Williamson","-86.8928,35.891","0.4220107693241216","0.110403397027601","0.6538293470382501","0.0462","1.0","0.26145055415676854","0.370449380492937","0.47904191616766467","0.4407808887294848","0.16178861419514798","0.02904459635515229","0.5924765146258727"
"0.38788283871373047","2","1","Wisconsin, Portage","-89.5015,44.4756","0.12233533166509584","0.142857142857143","0.6060602562566149","0.5788","1.0","0.5349291819271391","0.27303759712435866","0.33532934131736525","0.526341402378779","0.2233650164575646","0.12842109444744065","0.5299693868421141"
"0.3878722647897772","2","3","Illinois, Effingham","-88.5897,39.0594","0.20131679933815758","0.166666666666667","0.5954252443417399","0.3932","1.0","0.42780561490378566","0.1707779489110788","0.5269461077844312","0.5539608364828539","0.2738148960881152","0.12701921130963015","0.38565623674370636"
"0.38781261712684123","1","10","North Carolina, Hyde","-76.1518,35.4202","0.0","0.0","0.37004230918340153","0.581","0.5","0.751491911899152","0.6525337956444119","0.2874251497005988","0.5449798764246452","0.45149719840046876","0.7086874728328371","0.0"
"0.3871647990602016","2","3","Nevada, Douglas","-119.6171,38.9129","0.2825489761503946","0.125","0.6072715830853386","0.1452","0.675","0.5573731273809973","0.41941115533903284","0.2694610778443114","0.7224119892866149","0.21133168711767591","0.13490039847392757","0.6566530586972698"
"0.3871580792982959","4","10","Missouri, St. Clair","-93.7763,38.037","0.0","0.0","0.45749813088515745","0.4747","0.675","0.6713285985896172","0.2913285133987556","0.3652694610778443","0.7266232409599707","0.4322004309071824","0.4782788048228656","0.5344976211746111"
"0.38697710995475487","2","3","Idaho, Kootenai","-116.7021,47.6728","0.1522146308577542","0.0461538461538462","0.612735110197061","0.2572","1.0","0.48916979685071754","0.2906382927468374","0.5269461077844312","0.579673914473061","0.21105265063493012","0.23916501781390767","0.4540389674243632"
"0.38696747824829536","10","1","New Hampshire, Grafton","-71.8206,43.9378","0.3219944254911798","0.131147540983607","0.5489405755533915","0.6855","0.675","0.499606471180141","0.2735050320154354","0.23952095808383234","0.6056629582719985","0.16618930253508113","0.09692686626979548","0.351362959948526"
"0.38666128427742924","3","10","Nevada, Pershing","-118.4006,40.44","0.0","0.0","0.39757753722920547","0.9984","0.5","0.5573731273809973","0.6336411562022889","0.16167664670658685","0.5357771420024626","0.3126085897725261","0.5612372227284074","0.34994926289078115"
"0.386593351081593","4","10","Missouri, Stone","-93.4526,36.75","0.0","0.0","0.5220489394204694","0.4438","1.0","0.6713285985896172","0.24299083431301804","0.407185628742515","0.7663087617572133","0.40652187599014256","0.3722322497069368","0.0"
"0.38658898847384554","4","10","Tennessee, Lewis","-87.4902,35.5285","0.0","0.0","0.5129388469019991","0.6208","1.0","0.26145055415676854","0.3685773926249183","0.38922155688622756","0.6299572389493907","0.5779546864645727","0.4714620799391916","0.0"
"0.3865092807253275","1","10","Texas, Hudspeth","-105.3882,31.4563","0.0","0.0","0.35344208282778433","0.794","0.5","0.7194085185102618","0.5120581313965474","0.18562874251497005","0.526341402378779","0.3997735141812932","0.8407136172569574","0.0"
"0.38648509682765925","10","3","Michigan, Dickinson","-87.8696,46.01","0.30868165895748484","0.4","0.5759418521134363","0.3824","0.675","0.41517557433580937","0.2864322194565949","0.23952095808383234","0.6441567395133083","0.2926663067346732","0.1578385977729012","0.3804546298829442"
"0.3862670991740813","6","3","Virginia, Fluvanna","-78.2772,37.8416","0.4020863248893012","0.0617283950617284","0.49364191301244303","0.0528","0.75","0.5881367906958894","0.5155983013901569","0.34131736526946105","0.5998243249034969","0.3251228700054235","0.12581716464502804","0.0"
"0.38616750235270586","2","3","Pennsylvania, Warren","-79.2697,41.813","0.18574682870588696","0.5","0.5504119848841832","0.2853","0.75","0.5168765274771758","0.18184681571666744","0.4131736526946108","0.6493451083308717","0.32411413555701635","0.20942692834021517","0.4644631092867311"
"0.38596638186395377","4","10","Missouri, Macon","-92.5645,39.8305","0.0","0.0","0.5175062007855975","0.4514","0.75","0.6713285985896172","0.3473207924625327","0.38922155688622756","0.6527643232093532","0.3612347075424746","0.43234354530008234","0.502920097047074"
"0.38570925382272636","1","10","Oklahoma, Woodward","-99.2628,36.4232","0.0","0.0","0.5061816276392503","0.6495","0.825","0.6933119590201189","0.5355391332194013","0.2694610778443114","0.49908933331939354","0.3252825192878048","0.32566478025073065","0.384670484406137"
"0.3853547630921381","2","3","Florida, St. Johns","-81.4359,29.901","0.30849795290769194","0.0865800865800866","0.6263446155628827","0.1124","1.0","0.36515492191213655","0.4013771519625233","0.3233532934131737","0.6037268925796017","0.1932928563317975","0.11141585836850355","0.5306680459236687"
"0.3853424587858923","2","3","Idaho, Bonneville","-111.6162,43.3871","0.2184068482257713","0.125","0.5911462000272198","0.377","1.0","0.48916979685071754","0.32796889891017056","0.2874251497005988","0.4496902805094778","0.2514427807936066","0.21648951264244254","0.43586198964998285"
"0.3852139087431875","6","3","Pennsylvania, Perry","-77.263,40.4021","0.37962651399811054","0.175","0.5614908315113172","0.1614","0.75","0.5168765274771758","0.22871476437316565","0.502994011976048","0.5670390838965326","0.27641859888189974","0.21367375617842904","0.0"
"0.38500118687232265","6","6","New York, Tioga","-76.3084,42.1685","0.498086379603254","0.196428571428571","0.6200359013776957","0.2725","0.75","0.1452368843520714","0.21429771077576765","0.34131736526946105","0.6037268925796017","0.3302953007495079","0.1916745460775068","0.0"
"0.38432898951042255","2","3","Minnesota, Brown","-94.7256,44.2421","0.30984825611954203","0.2","0.5815254155647949","0.3228","0.675","0.7794980274392814","0.17362328349321024","0.2694610778443114","0.626321192473144","0.25673290615084343","0.048649402167995626","0.39176084689569085"
"0.38409654256972114","10","3","Kansas, McPherson","-97.6477,38.3918","0.37105502560538467","0.153846153846154","0.5000128427614723","0.2057","0.675","0.535277945802919","0.3234904280675275","0.34730538922155696","0.6037268925796017","0.2753573453489914","0.1171930702524516","0.42716445430091055"
"0.3838722870544144","6","3","Nebraska, Keith","-101.662,41.1993","0.3583691039590892","0.5","0.4352471208313403","0.2932","0.75","0.25083837871869175","0.30449133763303127","0.17964071856287425","0.7238210337160854","0.2836414757895764","0.19911766746992857","0.46496619112185883"
"0.3836458496219953","4","10","Arkansas, Boone","-93.0937,36.3085","0.0","0.0","0.5606440018072968","0.46","1.0","0.5574725952297617","0.2460931067874232","0.38323353293413176","0.6207997313712245","0.43318286474577317","0.3465071188412973","0.37528033711606723"
"0.3836261434404907","10","3","Wyoming, Washakie","-107.6802,43.9045","0.3602208272978282","0.166666666666667","0.46228930102232724","0.2751","0.675","0.3940368977735158","0.339228797547769","0.10778443113772454","0.6317620454190964","0.3014559177536606","0.39335581271616404","0.4628563761159444"
"0.3835769172883009","2","1","Alaska, Kenai Peninsula","-151.5389,60.2443","0.2621152836887601","0.125","0.43500561790867026","0.7402","0.675","0.31754265337554405","0.5095732912112665","0.0","0.526341402378779","0.3254947777849084","0.3424384482467741","0.4106541319518365"
"0.38354005984929773","6","6","Indiana, Franklin","-85.0606,39.4142","0.4834718058650961","0.0849056603773585","0.5370365178243319","0.099","0.75","0.4061590902707796","0.12175514116862994","0.502994011976048","0.560557323866868","0.37886634834556415","0.18674996981258127","0.0"
"0.383158830115889","6","2","Rhode Island, Bristol","-71.2865,41.7102","0.5240016924406175","0.162790697674419","0.7297453987157835","0.391","1.0","0.0","0.25628419258978424","0.2275449101796407","0.6037268925796017","0.143230860985461","0.046553541459588656","0.0"
"0.38302703113878667","3","10","Mississippi, Issaquena","-90.9739,32.7253","0.0","0.0","0.33736660209722696","0.9997","0.32499999999999996","0.5163989158141343","0.6321499773529318","0.38922155688622756","0.5380992168517501","0.38058471822110557","0.669316902011457","0.0"
"0.3830206411926779","4","10","Missouri, Barton","-94.3476,37.5021","0.0","0.0","0.4933802939581526","0.4604","0.75","0.6713285985896172","0.3472366817306048","0.37724550898203596","0.6170727822364962","0.3650017596019304","0.47007073363360474","0.47204331235206587"
"0.38298730328819175","1","10","Kentucky, Elliott","-83.0977,38.1162","0.0","0.0","0.4762371362645173","0.6775","0.5","0.6498233878958141","0.367810448864827","0.38323353293413176","0.5878652729484978","0.6247983017998667","0.5200732103947424","0.0"
"0.38293706481550693","4","10","Missouri, Cooper","-92.809,38.8445","0.0","0.0","0.48201187597759687","0.4852","0.825","0.6713285985896172","0.4892966538576593","0.40119760479041916","0.558371441896005","0.3296589238739562","0.34745749266267084","0.3943814370918234"
"0.38281612156812633","5","6","Minnesota, Dodge","-92.8624,44.0224","0.5328121903817233","0.382352941176471","0.5146011614125838","0.0653","0.575","0.7794980274392814","0.22387199576237807","0.2874251497005988","0.48601108590571473","0.296061099515568","0.03422605332291116","0.0"
"0.3824944642892215","10","3","Washington, Jefferson","-123.561,47.75","0.28451830219062335","0.0666666666666667","0.4974225135046406","0.3607","0.575","0.5051412015799757","0.4304897823139474","0.18562874251497005","0.8188875995650027","0.18307174324593867","0.18316114897978633","0.5940979662022328"
"0.38226689724270885","1","10","Maine, Washington","-67.6281,45.0161","0.0","0.0","0.45449695038082083","0.5231","0.675","0.631081372507402","0.46437579633631326","0.2095808383233533","0.6742558355103007","0.3950971021715297","0.49752414720996185","0.5076483461883584"
"0.3821662362759051","1","10","Oklahoma, Cotton","-98.3705,34.2885","0.0","0.0","0.39768958808903854","0.4059","0.675","0.6933119590201189","0.646417625029153","0.33532934131736525","0.6056629582719985","0.44142537612161314","0.576341105599527","0.0"
"0.3820869248934969","2","1","Hawaii, Honolulu","-157.9712,21.458","0.12377394583696603","0.0338164251207729","0.7909781512507735","0.965","0.75","0.5641884335623826","0.3376015940296289","0.0","0.5561726637917245","0.17354321182907956","0.07467985894209478","0.4751591412204511"
"0.3820438489656685","1","10","Arkansas, Prairie","-91.5516,34.8362","0.0","0.0","0.44754273702701747","0.695","0.5","0.5574725952297617","0.5042482304979801","0.43113772455089816","0.6694051144412375","0.508305335531989","0.46243637479197325","0.0"
"0.3819712761974728","6","2","North Dakota, Morton","-101.2822,46.7168","0.5048822717282456","0.384615384615385","0.5437362359057537","0.4811","0.675","0.08543591436610563","0.4803813171191531","0.14371257485029942","0.5239446622367122","0.32094278133365994","0.06587409502841979","0.0"
"0.38139252229744025","2","1","New Mexico, Santa Fe","-105.9775,35.5071","0.2519237508639018","0.0614035087719298","0.6210668703080676","0.6552","0.675","0.2328984071594001","0.4717499917548501","0.18562874251497005","0.6544622387094758","0.11380551478790908","0.2481696492966786","0.4978279652818626"
"0.38091414806533525","2","3","Missouri, Ralls","-91.5184,39.5282","0.33221887836140573","0.5","0.4963846672490664","0.0436","0.575","0.6713285985896172","0.2500211715646833","0.43113772455089816","0.626321192473144","0.2994932750935758","0.2875930253921912","0.0"
"0.3808072573439483","5","6","Illinois, Henderson","-90.9249,40.8191","0.5278209396913546","0.5","0.4496370797017342","0.0188","0.5","0.42780561490378566","0.14021477043453662","0.4610778443113772","0.6976053368935816","0.2909619814083978","0.20443573991755354","0.0"
"0.38067138159743147","6","6","Nebraska, Valley","-98.982,41.5673","0.5037391655018076","0.666666666666667","0.47535060724602823","0.1859","0.575","0.25083837871869175","0.14803364051083878","0.23353293413173656","0.6930510015104033","0.25865819648131344","0.14565487078391975","0.3993827869942181"
"0.38062834657460115","1","10","Kentucky, Cumberland","-85.3905,36.7893","0.0","0.0","0.4754845152129154","0.4632","0.575","0.6498233878958141","0.2857057869666435","0.4131736526946108","0.6388951207196634","0.49357339519461785","0.5622595376801359","0.4014778716362281"
"0.38039360884815787","1","10","Minnesota, Clearwater","-95.3779,47.5799","0.0","0.0","0.47526109947792716","0.8332","0.32499999999999996","0.7794980274392814","0.5295564752792684","0.18562874251497005","0.6207997313712245","0.32319015321415395","0.46477954827510237","0.4360126660600924"
"0.38029676640085397","6","6","Ohio, Putnam","-84.1336,41.0209","0.4623298277710583","0.1375","0.4823985029783929","0.0108","0.75","0.672432174036711","0.16222322394362917","0.5449101796407185","0.5472454870957077","0.31718206830869233","0.041943374579177704","0.0"
"0.38005948392153943","6","6","Iowa, Cedar","-91.1325,41.7723","0.5164652092930522","0.24390243902439","0.5926934848790243","0.0344","0.75","0.5306255646958271","0.16062766171899226","0.44311377245508987","0.595880459448231","0.21928657799253815","0.011001785084714317","0.0"
"0.37998642508563735","2","3","Idaho, Bingham","-112.3978,43.2167","0.24374701364321621","0.333333333333333","0.5172301677509498","0.1961","0.675","0.48916979685071754","0.4407139542247096","0.2634730538922156","0.47793802351369025","0.32069668375659965","0.38494887395780736","0.4170511176981394"
"0.37995271388884244","6","3","Maine, Sagadahoc","-69.8507,43.9542","0.40760215705450525","0.269230769230769","0.5910033178149074","0.1541","0.75","0.631081372507402","0.2686063832102835","0.281437125748503","0.6406572602088578","0.2081399861407606","0.07076270072816779","0.0"
"0.37968763784419973","10","1","Vermont, Chittenden","-73.0836,44.4632","0.3002887999079598","0.0276497695852535","0.6682772988766502","0.7918","0.675","0.458548176019114","0.3095252698460511","0.2095808383233533","0.4886637078344629","0.11219032938090338","0.06137898551137124","0.413167965396129"
"0.37967261139247505","2","3","Oregon, Columbia","-123.0891,45.9446","0.23024324902810073","0.125","0.5790085036834152","0.3954","0.825","0.5704827129810713","0.34185007602822015","0.25748502994011974","0.5775976316230177","0.29714455020830005","0.26383101537154263","0.0"
"0.3792829446294334","1","10","Kentucky, Fleming","-83.6966,38.3676","0.0","0.0","0.45375754901146736","0.4989","0.75","0.6498233878958141","0.20402823212968155","0.4251497005988024","0.558371441896005","0.4640359100480122","0.5336956388778105","0.4065498948206494"
"0.3790812271320544","4","10","Pennsylvania, Venango","-79.7585,41.4032","0.0","0.0","0.5681388635443729","0.4912","0.825","0.5168765274771758","0.21977635926858674","0.4670658682634731","0.6388951207196634","0.4628977739227236","0.3380517348773144","0.4212261821547393"
"0.37897685652431606","5","6","Colorado, Clear Creek","-105.6463,39.6886","0.45781468537747166","0.1875","0.5866276352056479","0.1404","0.575","0.903104230085054","0.3704155640495842","0.09580838323353291","0.5978576089534523","0.13829301521004092","0.09141755637296076","0.0"
"0.37869340516667105","6","3","Utah, Cache","-111.7444,41.7233","0.38360679134512027","0.317460317460317","0.5734072706654991","0.4686","1.0","0.04550202230851092","0.3427851084672727","0.251497005988024","0.31296818950411365","0.11032357108764736","0.24788212700128662","0.5259102649361483"
"0.37853841186277287","1","10","California, Inyo","-117.4112,36.5111","0.0","0.0","0.4394552379956058","0.8902","0.675","0.5528135213810501","0.5950164553349284","0.25748502994011974","0.6694051144412375","0.24566774393336097","0.20067869310822137","0.41201670430027426"
"0.3783788655165552","2","3","West Virginia, Putnam","-81.9082,38.5078","0.22169012132778781","0.0689655172413793","0.5754051250291977","0.1159","1.0","0.42782761630184035","0.24255651930057887","0.43712574850299407","0.5648909983668218","0.41212075424568506","0.09587390972550827","0.5386541710883077"
"0.37831010513024016","5","6","Idaho, Blaine","-113.9753,43.4086","0.5058457628260653","0.0216535433070866","0.4680319601219461","0.2518","0.575","0.48916979685071754","0.32810134741930347","0.19161676646706588","0.5648909983668218","0.05341262119092143","0.2552892778285309","0.552244734327975"
"0.3780387636782362","4","10","Arkansas, Carroll","-93.5427,36.3404","0.0","0.0","0.5327857040337647","0.524","0.75","0.5574725952297617","0.32403699388179014","0.38323353293413176","0.6527643232093532","0.33616597254552794","0.4141411070771057","0.5017686341330355"
"0.377908128366175","5","6","Minnesota, Grant","-96.0114,45.9342","0.3894255311948428","0.5","0.46997760016495016","0.121","0.32499999999999996","0.7794980274392814","0.2546986586338784","0.19161676646706588","0.6726459331898672","0.3365040979118138","0.09829713891093483","0.5020991077445761"
"0.3778806636854308","4","10","Ohio, Noble","-81.4594,39.7682","0.0","0.0","0.4831625895912507","0.5072","0.75","0.672432174036711","0.3603289711975457","0.4730538922155689","0.7152857337854508","0.39631451658152445","0.3657304186598337","0.0"
"0.37772099377581203","6","3","Indiana, Spencer","-87.008,38.0152","0.37663907678835334","0.375","0.5245457229982354","0.1073","0.75","0.4061590902707796","0.20384914153308817","0.5449101796407185","0.5918944128138512","0.3274840584988578","0.13627212447123574","0.0"
"0.3775926038161236","6","3","Wisconsin, Iowa","-90.1347,43.0005","0.39084201233537885","0.363636363636364","0.5278323520746081","0.0353","0.75","0.5349291819271391","0.19303976249846327","0.37724550898203596","0.5648909983668218","0.2655848856684704","0.03292578400390179","0.5584717230469481"
"0.37756008199011803","6","6","Nebraska, Jefferson","-97.1426,40.1758","0.4466774718785058","0.333333333333333","0.4798585417524884","0.0793","0.675","0.25083837871869175","0.2602317671406204","0.3233532934131737","0.6742558355103007","0.29748485755113196","0.16735892846956388","0.45691815191514906"
"0.3774726918500629","10","3","Wisconsin, Pierce","-92.4224,44.7185","0.3883823555392668","0.411764705882353","0.5762817491455724","0.4661","0.675","0.5349291819271391","0.2707126442600949","0.3053892215568862","0.47793802351369025","0.18393561237009248","0.051283973562966836","0.0"
"0.37746687807655505","1","10","California, Tuolumne","-119.9525,38.0264","0.0","0.0","0.47529886647602165","0.6692","0.75","0.5528135213810501","0.4913964020762921","0.3532934131736527","0.6991111644276193","0.26732037241906564","0.240784056585938","0.4382363588345954"
"0.377262917966106","5","6","Michigan, Alcona","-83.5951,44.6847","0.4056955219428079","0.333333333333333","0.4370598546634758","0.0551","0.5","0.41517557433580937","0.24979335058135355","0.2694610778443114","0.8327916323672433","0.3773896514031597","0.39810986185728503","0.0"
"0.3772629009448267","6","6","Nebraska, Cass","-96.1397,40.909","0.49943677325982566","0.666666666666667","0.4920565440429511","0.0493","0.75","0.25083837871869175","0.2584879072921978","0.37724550898203596","0.5472454870957077","0.34980093173998084","0.05888623745587097","0.0"
"0.37701451416671955","1","10","Oregon, Tillamook","-123.7121,45.4625","0.0","0.0","0.5363922339142149","0.8612","0.675","0.5704827129810713","0.3415950236906033","0.2035928143712575","0.6930510015104033","0.2633259937446067","0.2814372142262738","0.5732088652911262"
"0.37699956631347487","4","8","Kansas, Cherokee","-94.8463,37.1693","0.0","0.0","0.5398904469072233","0.219","0.75","0.535277945802919","0.4684450876966048","0.4131736526946108","0.5878652729484978","0.5056010629730309","0.4043499676809922","0.5777822844291151"
"0.37695368409576535","2","3","Indiana, Tipton","-86.0523,40.3112","0.28966567352060857","0.0476190476190476","0.5605940143082059","0.0452","0.75","0.4061590902707796","0.21714960655820123","0.5209580838323353","0.6151952376728468","0.43119828132843746","0.16613483923640188","0.5027163807576289"
"0.37689483855304834","2","3","Kansas, Ellis","-99.3175,38.9146","0.2202893838533899","0.111111111111111","0.5325209046506785","0.3563","1.0","0.535277945802919","0.2898811630023709","0.2694610778443114","0.5067215141840639","0.26227632490313046","0.18055770362943005","0.343819665414337"
"0.37685530993161753","1","10","Wisconsin, Ashland","-90.6784,46.3196","0.0","0.0","0.5239923967140837","0.7886","0.675","0.5349291819271391","0.509448818809436","0.19760479041916168","0.5837920978957992","0.3540831758896746","0.31074353580482206","0.46499475337020585"
"0.3768352917089698","2","3","Wyoming, Sweetwater","-108.8828,41.6594","0.35069357116315064","0.3125","0.49165677826609905","0.412","0.675","0.3940368977735158","0.4079314304788657","0.12574850299401197","0.38582646381517377","0.3112596612819291","0.252262663607029","0.4434696404752429"
"0.37666212689541995","6","6","North Dakota, Ransom","-97.6574,46.4562","0.4795869996280806","0.666666666666667","0.4526516688319956","0.2798","0.675","0.08543591436610563","0.30365833369440615","0.16766467065868262","0.6388951207196634","0.3650031420384898","0.021946525939803684","0.3718407550801355"
"0.3765484772676605","1","10","Oregon, Harney","-118.9666,43.0642","0.0","0.0","0.39346718676658","0.7103","0.675","0.5704827129810713","0.4916516995158922","0.21556886227544908","0.6790442329554586","0.34311636228649534","0.41368632770928915","0.429077162711042"
"0.3764868707031691","6","3","Iowa, Benton","-92.0646,42.0801","0.3826379711147719","0.111111111111111","0.570390833162586","0.0318","0.75","0.5306255646958271","0.19293310249926954","0.4131736526946108","0.5734100391661536","0.3223915967651213","0.025300993090381436","0.5678192367463585"
"0.37642279957679226","6","6","Nebraska, Boone","-98.0674,41.7076","0.5234503612109022","1.0","0.4454789054998331","0.0904","0.5","0.25083837871869175","0.1525839990024816","0.281437125748503","0.6544622387094758","0.27483386482411093","0.060680647872268414","0.37188786261456885"
"0.37640474223051457","2","3","Idaho, Fremont","-111.481,44.228","0.3046906791712908","0.333333333333333","0.4758511206068997","0.3983","0.675","0.48916979685071754","0.2508004879412296","0.22155688622754494","0.5472454870957077","0.2563546894301484","0.4623874451342907","0.0"
"0.3764011737930699","5","6","Colorado, Elbert","-104.1359,39.2866","0.5075960322876619","0.295454545454545","0.43217797712341305","0.0035","0.675","0.903104230085054","0.36018539816318024","0.19161676646706588","0.504194780386106","0.18230791890977857","0.03621024783234956","0.0"
"0.37627495875868877","5","6","Washington, Wahkiakum","-123.4251,46.2918","0.4978057802743216","0.5","0.463648534553257","0.1133","0.32499999999999996","0.5051412015799757","0.30622328241680424","0.17365269461077848","0.8078276838908924","0.3455816051564935","0.16854753158960473","0.0"
"0.3759090863270553","5","6","Iowa, Worth","-93.2609,43.3775","0.4413776499551573","0.666666666666667","0.5579286998224875","0.0166","0.5","0.5306255646958271","0.23668468801096912","0.3053892215568862","0.6151952376728468","0.37696081341071724","0.12270189569723008","0.0"
"0.37590483988670664","5","6","California, Mono","-118.8872,37.939","0.5068476042185555","0.212121212121212","0.3943854107307884","0.29","0.32499999999999996","0.5528135213810501","0.42580673202318275","0.18562874251497005","0.4939129750014257","0.12103041230113727","0.26559272527414235","0.5429207255002833"
"0.3758879194512179","4","8","Texas, Llano","-98.6848,30.7065","0.0","0.0","0.4474748125086764","0.3623","0.675","0.7194085185102618","0.3495036570777095","0.34730538922155696","0.8369674946274659","0.2731216323972197","0.42530530471368216","0.5244243681673008"
"0.3756803582183321","4","10","Oregon, Curry","-124.1573,42.4591","0.0","0.0","0.5320728285270828","0.4776","0.675","0.5704827129810713","0.37635150425153124","0.29940119760479045","0.806703424191705","0.3332740261052331","0.3459022804490532","0.5584330072373699"
"0.3755394503492573","4","8","Arkansas, Stone","-92.1568,35.8625","0.0","0.0","0.46520423709165803","0.192","0.75","0.5574725952297617","0.25414271444133646","0.39520958083832336","0.7224119892866149","0.5646554260967497","0.5537720587674256","0.4787490552276922"
"0.3753756173474444","1","10","Texas, Comanche","-98.5588,31.9485","0.0","0.0","0.4937273652490191","0.5848","0.575","0.7194085185102618","0.3126740310669649","0.3233532934131737","0.6899835619092616","0.3173492628935883","0.4314094006225936","0.48897956635638395"
"0.3752331719867393","6","6","Massachusetts, Dukes","-70.6876,41.4067","0.48552130553401535","0.28","0.5614792066087682","0.008","0.825","0.13189104157094694","0.5077040924051254","0.17964071856287425","0.6578350382684304","0.16168592324710004","0.043556115474476596","0.51963849972296"
"0.375161508306866","4","10","Arkansas, Clay","-90.4148,36.3683","0.0","0.0","0.51140289363602","0.2935","0.675","0.5574725952297617","0.26418976725320265","0.4670658682634731","0.6335581539925471","0.5372208249453977","0.49990716687471864","0.5004031672814092"
"0.375104804783224","1","10","Kentucky, Owsley","-83.6881,37.4282","0.0","0.0","0.37597256017163133","0.7348","0.5","0.6498233878958141","0.1907248129738232","0.38922155688622756","0.5817386943120182","0.6966930430497419","0.569836004501044","0.0"
"0.37486883629564377","1","10","Texas, Cochran","-102.8284,33.6043","0.0","0.0","0.3825298882739105","0.3598","0.5","0.7194085185102618","0.5708272629728521","0.2275449101796407","0.5166605513962695","0.43054393529384494","0.8101966499898084","0.3366974741579177"
"0.37483540682618804","1","10","Texas, Dickens","-100.7789,33.6162","0.0","0.0","0.3686447625165725","0.7373","0.5","0.7194085185102618","0.5740794734210136","0.24550898203592814","0.6726459331898672","0.1962231806044122","0.6716317350492949","0.0"
"0.3747851356117106","4","10","Texas, Young","-98.6879,33.1766","0.0","0.0","0.504369562279645","0.2967","0.75","0.7194085185102618","0.3982841179330829","0.311377245508982","0.6151952376728468","0.44926193315397206","0.43879499333333416","0.4028451735085155"
"0.37465533634316517","1","10","Montana, Silver Bow","-112.662,45.9002","0.0","0.0","0.5823597690865453","0.8415","0.75","0.43215267570306487","0.39882716135044305","0.29940119760479045","0.5858342498966352","0.2741411555637174","0.3001568050193109","0.43763738013011627"
"0.37437722950908503","10","3","Wyoming, Goshen","-104.3535,42.088","0.3029936338445746","0.25","0.4747697612567493","0.2738","0.675","0.3940368977735158","0.38146957489948","0.08982035928143713","0.6424111072462477","0.3089977265067662","0.31316046711351725","0.4875307803488276"
"0.3739512744751932","1","10","Texas, Hall","-100.6814,34.5308","0.0","0.0","0.4646674555941809","0.3833","0.5","0.7194085185102618","0.5942468574996965","0.23952095808383234","0.6726459331898672","0.31072344621604236","0.7898777618460336","0.0"
"0.37389951778917563","2","3","Pennsylvania, Susquehanna","-75.8007,41.8215","0.2578520454825009","0.0240963855421687","0.532876271358795","0.1519","0.75","0.5168765274771758","0.14459065869200463","0.3712574850299401","0.6578350382684304","0.3824145077045863","0.2710973117634285","0.476435731185997"
"0.3738043937516643","1","10","Missouri, Dallas","-93.0213,37.6811","0.0","0.0","0.49175639785010344","0.5444","0.75","0.6713285985896172","0.24127377837098346","0.38323353293413176","0.6170727822364962","0.4366267243798008","0.5368631075346707","0.0"
"0.37370109048169003","5","6","Texas, Archer","-98.6875,33.6157","0.34850496887004717","1.0","0.43325547332487513","0.0309","0.32499999999999996","0.7194085185102618","0.3775488242475874","0.32934131736526945","0.6056629582719985","0.27845903466924676","0.20042508245676782","0.0"
"0.3730149834109482","1","10","Kentucky, Nicholas","-84.0189,38.3334","0.0","0.0","0.41920988821751365","0.8459","0.5","0.6498233878958141","0.17742319721231292","0.4251497005988024","0.5494974081927578","0.5121145802406831","0.5835691302789681","0.0"
"0.3728908806475813","5","6","Nebraska, Thomas","-100.5557,41.9136","0.6193909328321059","1.0","0.34755918098871774","0.0029","0.5","0.25083837871869175","0.39273824575836414","0.14970059880239522","0.6595100604482558","0.2336664367191897","0.07574577457888702","0.0"
"0.3728561043950799","6","3","Iowa, Chickasaw","-92.3177,43.06","0.3901291928989974","0.285714285714286","0.5813655177977284","0.0525","0.675","0.5306255646958271","0.13141725014497496","0.34730538922155696","0.6151952376728468","0.270098028161925","0.08186609963168323","0.5142961850146389"
"0.3727455937891968","4","10","Missouri, Harrison","-93.9922,40.3557","0.0","0.0","0.45706197788445835","0.4002","0.75","0.6713285985896172","0.25648867361649696","0.3712574850299401","0.6527643232093532","0.3796357723264563","0.48848451406612603","0.4641971552850235"
"0.37269433106767663","2","3","Illinois, De Witt","-88.9096,40.1751","0.2851721023643452","0.25","0.5610947645403704","0.1318","0.675","0.42780561490378566","0.20532566574398467","0.5089820359281437","0.5858342498966352","0.285594310729813","0.18539410962011577","0.5078362621444928"
"0.37254260200759204","2","3","Ohio, Preble","-84.6479,39.742","0.18171343584674685","0.0357142857142857","0.5166298984132903","0.0815","1.0","0.672432174036711","0.21449277560571833","0.502994011976048","0.5837920978957992","0.36487365365080493","0.24792718104251907","0.0"
"0.3722104940648687","2","1","New York, Essex","-73.773,44.1163","0.34205790176907164","0.125","0.5256933327848182","0.7151","0.42500000000000004","0.1452368843520714","0.373156199735506","0.21556886227544908","0.6544622387094758","0.2390746096486952","0.16365989479396925","0.5560687981763908"
"0.3713752206809859","2","3","West Virginia, Monroe","-80.5458,37.5627","0.30377358196803167","0.166666666666667","0.4655835270516084","0.1617","0.5","0.42782761630184035","0.2291266556750547","0.34131736526946105","0.6899835619092616","0.47427846812359875","0.509605775928086","0.0"
"0.37074692798517467","5","3","North Dakota, Traill","-97.1632,47.4537","0.3581533214397562","1.0","0.44944275982799287","0.3521","0.575","0.08543591436610563","0.36726956484705264","0.19161676646706588","0.5978576089534523","0.37776911164753973","0.0606365627351485","0.3636500147418714"
"0.37068672574436257","1","10","Idaho, Benewah","-116.6587,47.2175","0.0","0.0","0.5007905806676035","0.5581","0.5","0.48916979685071754","0.4718880985745504","0.38922155688622756","0.6527643232093532","0.3205411197801736","0.5133268521722406","0.47556348732733145"
"0.37049456405260506","1","10","Missouri, Scotland","-92.1471,40.4521","0.0","0.0","0.45608355451558213","0.7004","0.5","0.6713285985896172","0.038158568062392755","0.38922155688622756","0.5837920978957992","0.3467928664376066","0.7627621324659059","0.3652853516088635"
"0.3703776545663378","5","6","Kansas, Morton","-101.7993,37.1914","0.4775997362120662","0.25","0.409797943131096","0.0812","0.32499999999999996","0.535277945802919","0.4347423081332262","0.2095808383233533","0.5858342498966352","0.3071880397308271","0.3745696097653908","0.09506081353121945"
"0.37025480703502694","2","3","California, Placer","-120.7241,39.0617","0.23015466426526462","0.0862068965517241","0.6638338457049918","0.1974","0.75","0.5528135213810501","0.4071571975653627","0.44910179640718567","0.5938927650957907","0.09172033891444682","0.05977435918801476","0.48800230948394097"
"0.37014529258286183","1","10","Montana, Lake","-114.0898,47.6451","0.0","0.0","0.5018196167083483","0.4253","0.675","0.43215267570306487","0.5901865087555048","0.34730538922155696","0.6335581539925471","0.3516837992781834","0.47596675738435135","0.3876865124844328"
"0.3699984514648428","1","10","Colorado, Costilla","-105.4277,37.2773","0.0","0.0","0.4262075970909254","0.4655","0.5","0.903104230085054","0.4916771473503022","0.07185628742514971","0.7280164829849926","0.3865842179047587","0.6520346804693516","0.0"
"0.36983140981867507","1","10","Michigan, Houghton","-88.685,46.8999","0.0","0.0","0.5880098874427292","0.9306","0.675","0.41517557433580937","0.31277161510186585","0.18562874251497005","0.5494974081927578","0.30880672115565794","0.40721416935063204","0.5003770092780326"
"0.3696435631078237","6","6","North Dakota, Pierce","-99.9641,48.2498","0.4315377530085239","0.333333333333333","0.4345566128392855","0.4091","0.5","0.08543591436610563","0.4812923013415413","0.14371257485029942","0.6742558355103007","0.31192397415627715","0.1642211325011497","0.34107028818972024"
"0.36955968129521044","1","10","Michigan, Manistee","-86.0563,44.3335","0.0","0.0","0.5600346080505658","0.5011","0.75","0.41517557433580937","0.5461853645963438","0.281437125748503","0.6930510015104033","0.30658528634796856","0.32101634165787485","0.48982142788532274"
"0.3694777299215719","2","3","Maine, Waldo","-69.1206,44.4858","0.18521083062662047","0.02","0.5078624644016118","0.2986","0.675","0.631081372507402","0.2357083105212067","0.24550898203592814","0.6388951207196634","0.30957777057949026","0.29234550006412935","0.6217300532473329"
"0.36943301209588236","2","3","Pennsylvania, Elk","-78.6452,41.4282","0.2899774838371715","0.333333333333333","0.5162869687299642","0.2015","0.675","0.5168765274771758","0.13736844851145755","0.407185628742515","0.6388951207196634","0.3063441721532081","0.10465811552267958","0.44437458616454045"
"0.3694281599179806","1","10","Texas, Lynn","-101.8163,33.1766","0.0","0.0","0.44000349879857154","0.4288","0.5","0.7194085185102618","0.48835648093188544","0.2634730538922156","0.5539608364828539","0.3629698617896797","0.6653287715712876","0.39110195399600256"
"0.3688802673459291","4","10","Kentucky, Green","-85.5541,37.2648","0.0","0.0","0.4824538904005928","0.3238","0.675","0.6498233878958141","0.3396332109460014","0.4610778443113772","0.6151952376728468","0.42314348643793165","0.4296567741960488","0.4224390199270023"
"0.3687776432824563","1","10","Washington, Ferry","-118.5154,48.4711","0.0","0.0","0.38728750488883124","0.7033","0.5","0.5051412015799757","0.5692506990300301","0.2095808383233533","0.6899835619092616","0.3517831303508288","0.48410446191243994","0.4185782860719687"
"0.36834520788846153","3","10","Alaska, Aleutians East","-161.9722,55.3222","0.0","0.0","0.22398215296808283","0.9351","0.75","0.31754265337554405","0.8541838182034478","0.0","0.31296818950411365","0.48951981130765804","0.7210184732469225","0.0"
"0.3682114527121061","2","3","Wyoming, Natrona","-106.7979,42.9618","0.2848019294410956","0.116279069767442","0.5331966574095668","0.4766","0.75","0.3940368977735158","0.40437568810967467","0.05389221556886227","0.4806485213347297","0.3160650561049419","0.2125593953360105","0.42224873755513137"
"0.36798212836487","4","10","Indiana, Vermillion","-87.4616,39.8523","0.0","0.0","0.5549987031295122","0.4817","0.825","0.4061590902707796","0.18518492439198297","0.502994011976048","0.6037268925796017","0.4828443555859823","0.30439551828558237","0.505546216682772"
"0.36785456852953075","1","10","Kansas, Wilson","-95.7432,37.5594","0.0","0.0","0.45106363460351234","0.6514","0.575","0.535277945802919","0.35237742186813303","0.40119760479041916","0.6299572389493907","0.49941134468410936","0.32702645386787127","0.35094092410556027"
"0.36783918243588465","6","6","Illinois, Monroe","-90.1776,38.2759","0.4941495213077086","0.174418604651163","0.581601217106007","0.0121","0.825","0.42780561490378566","0.12463494656881985","0.4970059880239522","0.5517358041566147","0.2503646585994397","0.005158445495086387","0.0"
"0.36775557249735236","1","10","New Mexico, Sierra","-107.1926,33.1303","0.0","0.0","0.4553715774418032","0.6975","0.675","0.2328984071594001","0.42268570361478297","0.14970059880239522","0.829628740900383","0.3999370627895195","0.5027008807701722","0.4630433694768974"
"0.3675346372143296","5","6","Colorado, Eagle","-106.6934,39.6275","0.4940372289491293","0.0421052631578947","0.585715859431067","0.326","0.25","0.903104230085054","0.38283815356821616","0.07185628742514971","0.3643190466040495","0.0035628979222659635","0.1715793536707114","0.5581228650416717"
"0.3674269982176172","4","10","Virginia, Alleghany","-80.0022,37.7864","0.0","0.0","0.5381309504556188","0.4381","0.675","0.5881367906958894","0.3809351702166051","0.34131736526946105","0.6758588134982833","0.4291055193456974","0.40558846936282816","0.24132879775166313"
"0.3671530250246918","1","10","Missouri, Daviess","-93.9852,39.9615","0.0","0.0","0.43607339323019273","0.6533","0.75","0.6713285985896172","0.24163723493884348","0.38323353293413176","0.6189409155096902","0.401664200522567","0.43323493708360594","0.0"
"0.3670303683326183","4","10","Kansas, Allen","-95.3003,37.8858","0.0","0.0","0.5146981582574728","0.4152","0.675","0.535277945802919","0.4165088588713128","0.38922155688622756","0.624489779413553","0.4806068684280943","0.2975663187614596","0.47862023547337823"
"0.36698545408625904","10","3","Vermont, Windsor","-72.586,43.5801","0.34335065449102026","0.127659574468085","0.5615008204479048","0.3028","0.575","0.458548176019114","0.2283482359155825","0.29341317365269465","0.6544622387094758","0.2303710955067992","0.0833700810403511","0.5545958626494444"
"0.3669533084418112","1","10","Texas, Presidio","-104.2408,29.9995","0.0","0.0","0.41685760826601803","0.7026","0.32499999999999996","0.7194085185102618","0.3935420237534801","0.17365269461077848","0.6611775880966219","0.3502853761132626","0.8443925461722173","0.0"
"0.36684308162973384","6","3","North Dakota, Walsh","-97.7257,48.3688","0.4025542953868864","0.222222222222222","0.47922739772154155","0.4317","0.575","0.08543591436610563","0.36260101509057924","0.2095808383233533","0.6299572389493907","0.31568188330820524","0.1560432184523913","0.44562832916355766"
"0.36683525908842635","4","8","Kentucky, Trigg","-87.8733,36.8077","0.0","0.0","0.4557796548484423","0.1525","0.75","0.6498233878958141","0.4395116677668407","0.4550898203592814","0.6561524538860896","0.4004152660515517","0.3768203740187878","0.4986962275570444"
"0.36667154974950816","1","10","Michigan, Gogebic","-89.6938,46.4086","0.0","0.0","0.5161931553495939","0.6186","0.575","0.41517557433580937","0.5826013071840594","0.2035928143712575","0.6960934005090119","0.38105096571393976","0.343859588353821","0.502455132102717"
"0.3665179275887873","5","6","Wyoming, Lincoln","-110.6564,42.2638","0.43681715105277613","0.454545454545455","0.43611488555568145","0.093","0.675","0.3940368977735158","0.2974600248475401","0.16167664670658685","0.5334405085950897","0.21983041109747417","0.21061880151163578","0.4819606277353002"
"0.3664570550006027","6","3","New York, Lewis","-75.449,43.7844","0.37929084539064667","0.307692307692308","0.48696342065573955","0.1875","0.675","0.1452368843520714","0.21276760068560957","0.23952095808383234","0.5648909983668218","0.36180212208657947","0.33241113847323245","0.5450935949617551"
"0.36602118914703113","4","10","Texas, McCulloch","-99.3468,31.1925","0.0","0.0","0.5038243934028532","0.3072","0.575","0.7194085185102618","0.4246964257800829","0.2874251497005988","0.6561524538860896","0.35911319908830414","0.5304882029263085","0.42391304208677905"
"0.36593013163470034","2","3","Nebraska, Gage","-96.6895,40.2619","0.3705993863091693","0.0731707317073171","0.5022866776032973","0.1264","0.675","0.25083837871869175","0.2872822775713","0.3532934131736527","0.626321192473144","0.3557336378420567","0.16086569644645937","0.546043079957141"
"0.3658651539266395","5","6","Kansas, Wabaunsee","-96.2035,38.9547","0.5489594897583038","0.178571428571429","0.41963456506031455","0.0427","0.5","0.535277945802919","0.3052290955687673","0.3532934131736527","0.595880459448231","0.2875831467971298","0.07203135955050599","0.0"
"0.365723763531058","2","1","Utah, Uintah","-109.5174,40.1249","0.2725473006633983","0.25","0.44872945878853093","0.5043","0.675","0.04550202230851092","0.4678068576325185","0.2095808383233533","0.3530812563017395","0.31357525820350296","0.47116583750678687","0.5528745268295715"
"0.3654939081621149","4","8","Texas, Hardeman","-99.7463,34.2894","0.0","0.0","0.49855433050769227","0.2359","0.675","0.7194085185102618","0.5287191434679581","0.2754491017964072","0.6226493223021841","0.3288158905716555","0.5523528564686038","0.2636493768033458"
"0.36542620513664587","5","6","Nebraska, Burt","-96.3261,41.8506","0.3813367373997812","0.2","0.4742458289267771","0.276","0.32499999999999996","0.25083837871869175","0.3670565692975863","0.34730538922155696","0.6837718879901644","0.3531027065514069","0.2177662860367232","0.43879734793142633"
"0.3653440615479483","1","10","Texas, Brewster","-103.252,29.8101","0.0","0.0","0.4302661109722295","0.745","0.5","0.7194085185102618","0.42451893733964324","0.19760479041916168","0.6476236650502001","0.28027165881942234","0.40098108808174066","0.4422520003133889"
"0.3652766559204445","1","10","Colorado, Lincoln","-103.5137,38.9875","0.0","0.0","0.42329676890802603","0.5836","0.675","0.903104230085054","0.5484517131663275","0.14970059880239522","0.560557323866868","0.24968889853394977","0.3251524722012327","0.2948123868834079"
"0.36485187117231427","5","6","Illinois, Menard","-89.8025,40.0274","0.48645387199251955","0.294117647058824","0.4759699506705328","0.0519","0.575","0.42780561490378566","0.23743845601229824","0.48502994011976047","0.595880459448231","0.2747144234124494","0.07371604157615991","0.0"
"0.36484184761894684","1","10","Texas, Crosby","-101.3,33.6143","0.0","0.0","0.45242118514871493","0.3502","0.5","0.7194085185102618","0.4722965086861111","0.2754491017964072","0.5817386943120182","0.27029993957535203","0.7467136891980878","0.38399091601976354"
"0.3644767831851384","3","10","Montana, Blaine","-108.9583,48.4318","0.0","0.0","0.36149168965179546","0.9153","0.32499999999999996","0.43215267570306487","0.6314834492426423","0.16167664670658685","0.5016507991249867","0.5744107125436388","0.6527938168415156","0.0"
"0.36430983961167607","1","10","Texas, Zapata","-99.1699,27.0016","0.0","0.0","0.4994534055398135","0.6966","0.575","0.7194085185102618","0.1362149685807911","0.29341317365269465","0.4833394486037307","0.27569407822388753","0.8747494020347714","0.0"
"0.36404913816841233","1","10","New Mexico, Colfax","-104.6473,36.6057","0.0","0.0","0.4587357621437908","0.9678","0.575","0.2328984071594001","0.399316318242836","0.09580838323353291","0.7094849659803716","0.3803113858588896","0.4936272148693839","0.47526357923389945"
"0.36404641407646","4","10","Tennessee, Hancock","-83.2238,36.5269","0.0","0.0","0.4639579127579109","0.61","0.5","0.26145055415676854","0.20328039378390686","0.40119760479041916","0.6189409155096902","0.6003163205617884","0.6352015459834021","0.5124698568237281"
"0.3640019066501365","1","10","Missouri, Carter","-90.9605,36.9416","0.0","0.0","0.44849800619861674","0.468","0.675","0.6713285985896172","0.2618422485150418","0.40119760479041916","0.6075890184122873","0.4060898524245819","0.610478504196142","0.0"
"0.3639730912152434","4","8","Arkansas, Cleburne","-92.0264,35.5386","0.0","0.0","0.4656279957750562","0.0895","1.0","0.5574725952297617","0.2319823069599034","0.4251497005988024","0.7238210337160854","0.4174870424832577","0.3563639014910344","0.5645181278732821"
"0.3638200767513332","2","3","Virginia, Floyd","-80.3674,36.9302","0.28499371298355525","0.25","0.4847790571495428","0.0503","0.75","0.5881367906958894","0.27163887614578186","0.34131736526946105","0.6493451083308717","0.29969576874731707","0.27505371059391276","0.0"
"0.36379184358151206","4","10","Arkansas, Pike","-93.6579,34.1625","0.0","0.0","0.49669174133226607","0.4572","0.675","0.5574725952297617","0.4792134514411852","0.407185628742515","0.6207997313712245","0.409803703268498","0.4440311933834507","0.0"
"0.36368900802069765","1","10","Idaho, Idaho","-115.4634,45.8472","0.0","0.0","0.40151474336309495","0.5966","0.675","0.48916979685071754","0.39520443923184323","0.3532934131736527","0.7181526079808993","0.2994003158840415","0.3915317296113205","0.45249110832630274"
"0.36359934710689923","1","10","Florida, Jefferson","-83.8944,30.4367","0.0","0.0","0.4993158734638858","0.4979","0.675","0.36515492191213655","0.601744052511105","0.4191616766467066","0.6544622387094758","0.4287513834624545","0.4035016921304761","0.0"
"0.3634403074414376","2","3","Kansas, Osage","-95.7271,38.6524","0.2839974102573235","0.166666666666667","0.4913887745689718","0.1216","0.675","0.535277945802919","0.27851608278761397","0.37724550898203596","0.6017807168377609","0.38663660280252393","0.2822313522595026","0.0"
"0.3633172550284154","4","10","California, Colusa","-122.2332,39.1788","0.0","0.0","0.5458134897962816","0.4228","0.675","0.5528135213810501","0.44607563449660187","0.34131736526946105","0.4806485213347297","0.4234544613062678","0.4203779428494332","0.4663295028427343"
"0.3632570756487244","2","3","Kansas, Miami","-94.8383,38.5638","0.20300116838398055","0.166666666666667","0.5017700857941614","0.0634","0.825","0.535277945802919","0.35377668013673674","0.40119760479041916","0.5517358041566147","0.33861179148269044","0.058112688635033334","0.6419891810343892"
"0.36296635883091877","1","10","Oklahoma, Harmon","-99.8474,34.744","0.0","0.0","0.4123938855324764","0.3553","0.5","0.6933119590201189","0.6328461367036904","0.2874251497005988","0.5918944128138512","0.38338041956126145","0.5363028387316028","0.28844936664576876"
"0.3626210279733464","4","8","Missouri, Douglas","-92.4991,36.9326","0.0","0.0","0.47154289041930664","0.2047","0.75","0.6713285985896172","0.2506967720207306","0.38922155688622756","0.6758588134982833","0.4805050395696699","0.6389091786829953","0.0"
"0.3625255324895238","5","6","New Mexico, Catron","-108.4047,33.9151","0.4457810018104277","0.5","0.2557595554238982","0.1732","0.5","0.2328984071594001","0.43408753255539784","0.0778443113772455","0.8630264583108628","0.27578939327733154","0.3545109934888433","0.0"
"0.36240269059917013","1","10","New Mexico, Grant","-108.3828,32.7391","0.0","0.0","0.49545811438454185","0.8994","0.675","0.2328984071594001","0.4071876843172402","0.17964071856287425","0.7109436441933698","0.27164699852819835","0.4343690393473172","0.44697805199337015"
"0.3622832177362067","5","6","Nebraska, Nemaha","-95.8543,40.3851","0.37376371382558493","0.5","0.4846155906576741","0.2245","0.32499999999999996","0.25083837871869175","0.31810409096729975","0.3592814371257485","0.6075890184122873","0.35105797486911366","0.19216578046255728","0.4619573318504972"
"0.36220628738767463","4","8","South Dakota, Custer","-103.4535,43.6774","0.0","0.0","0.4223987177842461","0.4489","0.675","1.0","0.42439374856001894","0.047904191616766456","0.743007936898218","0.32718348694116056","0.17073107812019528","0.5361188648506552"
"0.3620394620312332","4","10","Pennsylvania, Snyder","-77.0684,40.7713","0.0","0.0","0.5966258355880868","0.575","1.0","0.5168765274771758","0.19162523104828788","0.47904191616766467","0.5755097168756041","0.30640823291955754","0.28440581531403814","0.0"
"0.3619576146370008","6","6","Nebraska, Fillmore","-97.5965,40.5246","0.4737509764725697","0.5","0.4141755032937968","0.0656","0.5","0.25083837871869175","0.30641967007786164","0.311377245508982","0.6758588134982833","0.2755185199316108","0.08729438492210799","0.4060204516595031"
"0.3619529606429565","4","10","Kentucky, Crittenden","-88.0883,37.3584","0.0","0.0","0.498920869625405","0.4419","0.575","0.6498233878958141","0.26951252121549246","0.48502994011976047","0.6189409155096902","0.3966031467866089","0.4101842237945652","0.35699400617923904"
"0.3617681087192958","4","10","South Dakota, Bon Homme","-97.8859,42.9891","0.0","0.0","0.37481339473350556","0.418","0.5","1.0","0.5775036455713431","0.25748502994011974","0.6335581539925471","0.3643487284541957","0.22900823822832975","0.3347683361423138"
"0.36164701709687885","2","3","Michigan, Charlevoix","-85.1961,45.3779","0.23001401442971287","0.0714285714285714","0.5582532788349334","0.1687","0.75","0.41517557433580937","0.3314883125597843","0.2634730538922156","0.6710290464557254","0.3342578783470492","0.13212012812303534","0.570682238747732"
"0.36114701750004463","2","3","Illinois, Greene","-90.3889,39.3591","0.3057151800899053","0.25","0.4410384146303385","0.1223","0.575","0.42780561490378566","0.2609402034813892","0.4670658682634731","0.595880459448231","0.3348226060652031","0.30832079107145177","0.1837516213238428"
"0.36114065234897486","4","8","Virginia, Campbell","-79.0968,37.2055","0.0","0.0","0.5811674725611308","0.1913","1.0","0.5881367906958894","0.5099739637880941","0.38922155688622756","0.6017807168377609","0.37842001884062454","0.2742576347524589","0.0"
"0.36100106803659676","2","3","Iowa, Harrison","-95.8156,41.6833","0.29702498341946504","0.0588235294117647","0.5579557975079932","0.135","0.675","0.5306255646958271","0.17153676357114375","0.3532934131736527","0.6017807168377609","0.39032806222649635","0.07785314102363024","0.4943313363328183"
"0.3609681298453275","4","8","Missouri, Hickory","-93.3203,37.9416","0.0","0.0","0.4510337085127578","0.1235","0.75","0.6713285985896172","0.317403998662887","0.3712574850299401","0.8111802564922201","0.4234140886908479","0.5929834870883233","0.0"
"0.36088583363377125","5","6","South Dakota, Stanley","-100.7349,44.4138","0.4640682761808899","0.111111111111111","0.4142001805540245","0.241","0.175","1.0","0.49193227079524","0.1317365269461078","0.5858342498966352","0.23546928813038692","0.020174158091966196","0.0"
"0.3607160339212923","4","10","Oklahoma, Woods","-98.8657,36.7671","0.0","0.0","0.459417931635753","0.3473","0.675","0.6933119590201189","0.5724920564711596","0.29341317365269465","0.5449798764246452","0.3860023845291215","0.3184205264274047","0.43722503171051286"
"0.3606875706514595","4","10","Kentucky, Washington","-85.1741,37.756","0.0","0.0","0.48186237708190105","0.3486","0.75","0.6498233878958141","0.3695322625598351","0.4670658682634731","0.5691748594129424","0.4656917088366173","0.40684416909266125","0.0"
"0.3606672461696809","2","3","Utah, Iron","-113.2897,37.859","0.32864164362029125","0.166666666666667","0.5208631210595087","0.4438","0.75","0.04550202230851092","0.3877789525846515","0.10778443113772454","0.43472072581226856","0.19583571493959187","0.4289224659917684","0.5763914018058505"
"0.36062608825009895","1","10","Colorado, Moffat","-108.2071,40.6181","0.0","0.0","0.46422257518191457","0.7329","0.675","0.903104230085054","0.35656328590223796","0.0778443113772455","0.4833394486037307","0.23902035350152703","0.3329396756666151","0.4857844456158261"
"0.3603860447521895","1","10","Kentucky, Wolfe","-83.493,37.7394","0.0","0.0","0.4901911518486566","0.5606","0.5","0.6498233878958141","0.16643622283376658","0.38922155688622756","0.5938927650957907","0.5958252865216708","0.5588351883204423","0.0"
"0.3601818379779921","4","10","South Dakota, Bennett","-101.6666,43.1949","0.0","0.0","0.35604708617749403","0.2146","0.07500000000000001","1.0","0.6534751751385641","0.10778443113772454","0.41269877075759065","0.6749836868703201","0.8114217081270829","0.3925242330322489"
"0.3601652860050256","4","10","Texas, Donley","-100.814,34.9652","0.0","0.0","0.48170434760483566","0.5186","0.675","0.7194085185102618","0.5045398424381331","0.23952095808383234","0.6758588134982833","0.30766956910181975","0.3797640258256547","0.0"
"0.36012643676552586","5","6","New York, Hamilton","-74.4972,43.6615","0.4976102365107529","0.4","0.38658537384755315","0.2028","0.5","0.1452368843520714","0.24104011772621767","0.21556886227544908","0.7548404166639682","0.25324436136514583","0.3582388520617856","0.0"
"0.36010732273528556","6","6","Texas, Carson","-101.3543,35.4037","0.3897136599652775","0.333333333333333","0.4414426480956326","0.0083","0.675","0.7194085185102618","0.3886403840401294","0.23952095808383234","0.5691748594129424","0.21554174876130427","0.10336160070710623","0.0"
"0.35978451754231194","6","3","Indiana, Posey","-87.8648,38.021","0.38306956082389104","0.25","0.4824956687307723","0.0404","0.675","0.4061590902707796","0.23326331519409926","0.5449101796407185","0.5670390838965326","0.35681732729084176","0.10854790219542772","0.0"
"0.3596683824442556","1","10","Kentucky, Trimble","-85.3378,38.6106","0.0","0.0","0.4879302321904355","0.56","0.5","0.6498233878958141","0.27120401531943666","0.49101796407185627","0.5627304600978258","0.495603618794171","0.4775451021836556","0.0"
"0.3596301292972006","2","1","Wyoming, Albany","-105.7235,41.655","0.18823427466462428","0.111111111111111","0.5270267988798565","0.8192","0.675","0.3940368977735158","0.4257775158658603","0.04191616766467067","0.3927283612037091","0.17563214251899797","0.2936716875681488","0.44849160504626234"
"0.3592544968968953","5","6","Illinois, Putnam","-89.2869,41.2014","0.3946007929001977","1.0","0.46076635412382505","0.0038","0.5","0.42780561490378566","0.20919919748437898","0.4970059880239522","0.6578350382684304","0.1979951585739687","0.049771877582356544","0.0"
"0.3591493632692585","1","10","California, Modoc","-120.7245,41.5897","0.0","0.0","0.37457761342284146","0.5769","0.5","0.5528135213810501","0.5078852712920385","0.21556886227544908","0.712396635537302","0.37996904550468896","0.5445373125579299","0.2494375577888615"
"0.35908575230662004","5","6","Minnesota, Lincoln","-96.2669,44.4131","0.39587215002446996","0.25","0.44942388090025526","0.1009","0.5","0.7794980274392814","0.11557891598755685","0.22155688622754494","0.6960934005090119","0.23596033195298058","0.1188993103946092","0.3119615507206733"
"0.3590441478992668","10","3","Vermont, Washington","-72.616,44.2734","0.31815814895710876","0.131578947368421","0.5890938764781888","0.5721","0.5","0.458548176019114","0.2334188865422137","0.18562874251497005","0.5898852876912913","0.1953656950874415","0.06620146350543936","0.4732497496503879"
"0.35890901801618497","5","6","Virginia, Craig","-80.2107,37.4813","0.40816884227109756","0.25","0.4488531457974535","0.2843","0.5","0.5881367906958894","0.1700234287298117","0.3233532934131737","0.6742558355103007","0.2877572556968746","0.06426086968106462","0.0"
"0.3586741705397331","1","10","Vermont, Rutland","-73.0374,43.5772","0.0","0.0","0.5782146064274934","0.9443","0.675","0.458548176019114","0.19842419623988386","0.33532934131736525","0.6317620454190964","0.30866599483352103","0.11649957713391142","0.4733663887125571"
"0.35853320903030633","5","6","Colorado, Ouray","-107.7675,38.1472","0.48828005907680205","0.285714285714286","0.49516987090400266","0.0255","0.5","0.903104230085054","0.10943870546763208","0.06586826347305387","0.7335379440869121","0.13700909758903856","0.14847971072398816","0.0"
"0.35765196369872876","2","3","Virginia, Poquoson City","-76.358,37.1426","0.3130472272427234","0.142857142857143","0.4718815552301857","0.0051","1.0","0.5881367906958894","0.2871354656782682","0.34131736526946105","0.595880459448231","0.28397423863624344","0.043177031740450934","0.0"
"0.3574155411995708","1","10","Arkansas, Calhoun","-92.4997,33.556","0.0","0.0","0.4546634217528384","0.3747","0.5","0.5574725952297617","0.6079078593233279","0.40119760479041916","0.6335581539925471","0.47547933184237345","0.46271529806336664","0.0"
"0.3573868277583579","6","3","Utah, Davis","-112.114,40.99","0.40427433857549977","0.184573002754821","0.6769775565669962","0.1379","1.0","0.04550202230851092","0.3462123192884433","0.3233532934131737","0.3453966168814669","0.13731581876454568","0.07541695274569865","0.5525768383889554"
"0.357355501260564","2","1","Utah, Sanpete","-111.5759,39.3723","0.21330453835524962","0.166666666666667","0.4767115582548836","0.6749","0.675","0.04550202230851092","0.3976431733408889","0.14371257485029942","0.46689449529952165","0.20588342202522672","0.5026960362496097","0.5228116084133017"
"0.35733206405697504","4","10","North Carolina, Madison","-82.7135,35.854","0.0","0.0","0.5102865375107011","0.5161","0.675","0.751491911899152","0.32830629339177975","0.34730538922155696","0.6371246099900815","0.25833965184348384","0.44269640685543266","0.0"
"0.35702681400949626","4","10","Tennessee, Scott","-84.5036,36.4233","0.0","0.0","0.5268545237548097","0.4005","0.75","0.26145055415676854","0.10681202955042862","0.37724550898203596","0.540406913436432","0.5991255987283166","0.6258709993797803","0.549138094260264"
"0.35699769236436885","1","10","Washington, Pend Oreille","-117.2742,48.5323","0.0","0.0","0.47878058851711813","0.5683","0.5","0.5051412015799757","0.43721382568952255","0.3592814371257485","0.7050743605672205","0.4133396099483631","0.3174835961505924","0.35571306995213836"
"0.3569299281425313","1","10","Michigan, Alger","-86.6026,46.4129","0.0","0.0","0.4994323672094048","0.545","0.5","0.41517557433580937","0.6794558670274855","0.2035928143712575","0.6915204375207985","0.2676175810270368","0.3892015152206964","0.5412558901383047"
"0.3566455553018145","4","10","Arkansas, Montgomery","-93.6582,34.537","0.0","0.0","0.45409964264958796","0.5091","0.575","0.5574725952297617","0.3083715932134467","0.38922155688622756","0.7252247709976565","0.39968277821103976","0.5398965040849603","0.0"
"0.35656360442765506","1","10","Montana, Deer Lodge","-113.0734,46.0595","0.0","0.0","0.367055474797825","0.8128","0.675","0.43215267570306487","0.4006106089299011","0.2634730538922156","0.6578350382684304","0.3949633736379219","0.30986691980901454","0.28657582061462994"
"0.3564899608681441","5","6","Nebraska, Nuckolls","-98.0474,40.1764","0.4285544358468151","1.0","0.43470937752814925","0.1598","0.25","0.25083837871869175","0.14635389363514742","0.2874251497005988","0.7280164829849926","0.2914455921638177","0.1639148376885775","0.34446941762957684"
"0.35647153026653156","4","10","Missouri, Dade","-93.8503,37.4318","0.0","0.0","0.4593975179324755","0.4327","0.5","0.6713285985896172","0.27983506318887913","0.3712574850299401","0.6661358670949733","0.46220173208638093","0.6130378644093785","0.0"
"0.3564183726894081","5","6","North Dakota, Pembina","-97.5524,48.7662","0.49289533233758126","0.5","0.45056027955845457","0.1385","0.32499999999999996","0.08543591436610563","0.3852520918405286","0.21556886227544908","0.6527643232093532","0.38626321360487753","0.11653070317852628","0.43423187948070674"
"0.35602054666945926","5","6","Nebraska, Stanton","-97.1939,41.917","0.6396759054530778","0.666666666666667","0.40036818996568657","0.0057","0.32499999999999996","0.25083837871869175","0.3172469569248892","0.3173652694610779","0.5494974081927578","0.290126720966136","0.061590812172972166","0.0"
"0.35599363646361204","1","10","Oregon, Lake","-120.385,42.7925","0.0","0.0","0.3965145206716629","0.8609","0.32499999999999996","0.5704827129810713","0.3991439774834453","0.2095808383233533","0.6915204375207985","0.40646669877655145","0.4435840441355201","0.2934544518054951"
"0.3559639352809324","2","3","Wisconsin, Polk","-92.4418,45.4613","0.2501083230570604","0.333333333333333","0.5162204964406646","0.1076","0.675","0.5349291819271391","0.2827873522326419","0.2634730538922156","0.6075890184122873","0.29928668794272073","0.12017705269300238","0.5010977463233314"
"0.3559608149429133","4","8","Arkansas, Marion","-92.6845,36.2684","0.0","0.0","0.46960235018432855","0.311","0.75","0.5574725952297617","0.2898340428513521","0.38323353293413176","0.736268299211825","0.4456754715524653","0.5064238948225519","0.0"
"0.3555581564846941","5","6","Iowa, Butler","-92.7902,42.7317","0.44407703341666543","0.307692307692308","0.5568149556484803","0.0372","0.575","0.5306255646958271","0.07030220867969345","0.3652694610778443","0.6561524538860896","0.3108048949080341","0.07826867977488967","0.0"
"0.3555108099398347","4","10","Texas, Real","-99.8202,29.8332","0.0","0.0","0.37375595795122196","0.4387","0.5","0.7194085185102618","0.39785462994917004","0.2694610778443114","0.8055757627938426","0.28651472873144146","0.6526144484676842","0.0"
"0.35532413049192363","2","3","Minnesota, Houston","-91.4914,43.6713","0.2674211529382862","0.5","0.5195670254552249","0.0872","0.75","0.7794980274392814","0.1830791650969424","0.34131736526946105","0.6226493223021841","0.19886742852747594","0.0408204147127605","0.0"
"0.355135649641018","4","10","Kentucky, Menifee","-83.5999,37.9409","0.0","0.0","0.4433577376931206","0.4314","0.5","0.6498233878958141","0.321878291535527","0.38922155688622756","0.6151952376728468","0.5725960934476295","0.5157233153815587","0.0"
"0.3549084397023744","1","10","Montana, Hill","-110.1129,48.6288","0.0","0.0","0.4560992101532638","0.6122","0.575","0.43215267570306487","0.5807848193313946","0.18562874251497005","0.4939129750014257","0.46002915001245664","0.42592128550322034","0.42925327611976605"
"0.35486644488708124","3","10","Montana, Pondera","-112.2253,48.2277","0.0","0.0","0.39773469564545544","0.8803","0.5","0.43215267570306487","0.5016692627463122","0.17964071856287425","0.6151952376728468","0.39433689144382933","0.41175481736096925","0.2460925239063258"
"0.3547859463980539","2","1","Utah, Carbon","-110.5873,39.6483","0.25798818756934155","0.125","0.5113709945311667","0.5619","0.675","0.04550202230851092","0.33682079289836236","0.16167664670658685","0.540406913436432","0.2697162350490317","0.3829872064689852","0.48394609930648863"
"0.35449949366448047","5","6","Nebraska, Clay","-98.0513,40.5244","0.5967167506426487","0.411764705882353","0.4030714270359506","0.0178","0.32499999999999996","0.25083837871869175","0.3032462250256846","0.29940119760479045","0.6114115319998742","0.29921261336336896","0.22358806750984742","0.0"
"0.35418555601640384","6","6","Utah, Tooele","-113.1296,40.4486","0.4680538138084029","0.258064516129032","0.47459990556481413","0.2006","0.675","0.04550202230851092","0.35007575799484497","0.2275449101796407","0.3171794411774694","0.26643753982929796","0.26030783779237143","0.62181048554515"
"0.3539990694439963","4","8","Michigan, Kalkaska","-85.0909,44.6851","0.0","0.0","0.5328777862031961","0.3123","0.75","0.41517557433580937","0.3059796974984591","0.2634730538922156","0.6075890184122873","0.4129239101251935","0.4929058657576086","0.6635269236503677"
"0.3538882530870009","4","8","Texas, Bandera","-99.246,29.7462","0.0","0.0","0.46735945893631303","0.3448","0.75","0.7194085185102618","0.36993168449741104","0.3532934131736527","0.7152857337854508","0.2587609120179301","0.444763442666492","0.0"
"0.3538414881049844","2","8","Missouri, Christian","-93.1854,36.9712","0.10026197275919876","0.05","0.5804868266700226","0.1248","1.0","0.6713285985896172","0.3040940872438143","0.4131736526946108","0.5117241638959221","0.33188371608834377","0.20987262423197695","0.0"
"0.3535682675039695","1","10","Texas, Winkler","-103.0485,31.8501","0.0","0.0","0.4094967388442531","0.3668","0.575","0.7194085185102618","0.4882771535050425","0.23952095808383234","0.40944379978250145","0.3808873755954032","0.603980427652475","0.4535767436517006"
"0.3535632662886787","2","1","North Dakota, Ward","-101.5437,48.2239","0.24629034126932192","0.107142857142857","0.5753206848736906","0.7361","0.675","0.08543591436610563","0.578764333892952","0.14371257485029942","0.42856039038869453","0.29931032310141564","0.07224318621210692","0.31159227835697084"
"0.35307532062975505","5","6","Kansas, Rooks","-99.3248,39.3502","0.4092648918817168","0.142857142857143","0.4703476336125024","0.0742","0.32499999999999996","0.535277945802919","0.2697128296215592","0.251497005988024","0.6458942336050534","0.3400020173853642","0.20993015291365816","0.3939777756199879"
"0.35295846074534404","3","10","Nevada, Esmeralda","-117.632,37.7844","0.0","0.0","0.3376306794722951","0.937","0.5","0.5573731273809973","0.660092489264788","0.1317365269461078","0.736268299211825","0.28713518731716087","0.26474444972362615","0.0"
"0.3524007140028187","4","10","Arkansas, Madison","-93.7252,36.0104","0.0","0.0","0.44385829529731846","0.3792","0.75","0.5574725952297617","0.3206810134681727","0.3712574850299401","0.5878652729484978","0.4748191772051323","0.5198550858564102","0.0"
"0.35231335097119737","1","10","Texas, San Saba","-98.8176,31.1578","0.0","0.0","0.45475605108309414","0.6721","0.32499999999999996","0.7194085185102618","0.5065395648608143","0.3053892215568862","0.6628376879802886","0.2318256531295703","0.5260601900190522","0.0"
"0.3520050710137479","1","10","Idaho, Clearwater","-115.6622,46.6746","0.0","0.0","0.4237321845763967","0.6409","0.5","0.48916979685071754","0.39749796801887166","0.34730538922155696","0.7181526079808993","0.3330828932560939","0.406604001985769","0.287237091563087"
"0.35194108989666395","4","10","Missouri, Reynolds","-90.9701,37.3609","0.0","0.0","0.4183226618275425","0.4027","0.5","0.6713285985896172","0.3657740900884258","0.38922155688622756","0.6561524538860896","0.42953585127932753","0.566228411151069","0.0"
"0.35187676441914145","1","10","Minnesota, Pennington","-96.0371,48.0664","0.0","0.0","0.5552715232465192","0.7135","0.675","0.7794980274392814","0.43930093316932334","0.19161676646706588","0.5691748594129424","0.22136300684435847","0.061401996984043736","0.38466488335146937"
"0.35156510768311283","4","10","Missouri, Shannon","-91.4019,37.1577","0.0","0.0","0.44243918734521515","0.2888","0.5","0.6713285985896172","0.29337627253892745","0.38323353293413176","0.6317620454190964","0.4790652368025568","0.7045589724093654","0.0"
"0.35128969246456515","1","10","Pennsylvania, Forest","-79.2323,41.511","0.0","0.0","0.4621500776501664","0.4897","0.5","0.5168765274771758","0.5833160813901617","0.407185628742515","0.6561524538860896","0.3255470842348574","0.4501933024260996","0.0"
"0.3512723241516904","5","6","Utah, Piute","-112.125,38.3382","0.543960012256794","1.0","0.3535609086674382","0.0245","0.32499999999999996","0.04550202230851092","0.23728457159760022","0.08383233532934134","0.7050743605672205","0.19454922166381117","0.5617006011202228","0.0"
"0.35126838045908393","1","10","California, Alpine","-119.8224,38.5968","0.0","0.0","0.33396742288808856","0.7055","0.5","0.5528135213810501","0.427104185886136","0.155688622754491","0.7109436441933698","0.5519572851052806","0.45288007353013315","0.0"
"0.35069483180681305","4","8","Missouri, Oregon","-91.4034,36.6871","0.0","0.0","0.47455151950195007","0.171","0.675","0.6713285985896172","0.30854651330374994","0.40119760479041916","0.6806267907799217","0.4083627132569428","0.5930716573625631","0.0"
"0.3506899257533604","2","1","Alaska, Fairbanks North Star","-146.5693,64.8073","0.161336779986412","0.0235294117647059","0.5207726392017442","0.7529","0.675","0.31754265337554405","0.6978145453728596","0.0","0.3295349972503631","0.25240747774091715","0.19484298363847963","0.45540423897742993"
"0.3503622238929276","4","8","Kentucky, Owen","-84.824,38.5168","0.0","0.0","0.4446505863589986","0.3282","0.5","0.6498233878958141","0.2654621150957013","0.4730538922155689","0.5670390838965326","0.4961691505018132","0.424104832518263","0.4620495003578077"
"0.3501133957432618","5","6","North Dakota, Eddy","-98.9043,47.717","0.4930200995467173","0.5","0.3891440316481392","0.2576","0.5","0.08543591436610563","0.38832343516076606","0.1377245508982036","0.6726459331898672","0.3277209961207733","0.13527233654012338","0.0"
"0.35000942486372116","4","10","West Virginia, Pleasants","-81.1677,39.3709","0.0","0.0","0.5595689762720136","0.5549","0.75","0.42782761630184035","0.2620447275622738","0.43712574850299407","0.5858342498966352","0.43666075436821367","0.36115573789254396","0.0"
"0.3496335389405273","1","10","Kansas, Pratt","-98.7392,37.6478","0.0","0.0","0.5063441091964914","0.7087","0.675","0.535277945802919","0.4003621069508563","0.2874251497005988","0.5858342498966352","0.32325225953628334","0.20185433713575715","0.29273815707409945"
"0.3494101743487049","3","10","Alaska, Yakutat City and Borough","-140.3601,59.891","0.0","0.0","0.16447092690359916","0.9612","1.0","0.31754265337554405","0.7641929800973343","0.0","0.4377631248108773","0.3458654181841824","0.37659207598727396","0.0"
"0.349042679598083","4","8","Washington, Asotin","-117.2023,46.1889","0.0","0.0","0.5385066322120096","0.3142","0.75","0.5051412015799757","0.3749563421097952","0.33532934131736525","0.6578350382684304","0.312264704493238","0.29865330806269924","0.5522938538650475"
"0.3488156743810252","4","10","Texas, Menard","-99.8205,30.8899","0.0","0.0","0.41894106955336163","0.5174","0.25","0.7194085185102618","0.4258985033812664","0.2634730538922156","0.7252247709976565","0.4617975809397777","0.5780524324882754","0.0"
"0.34878275584077595","3","10","North Dakota, Sioux","-101.044,46.1132","0.0","0.0","0.3374522693487823","0.7673","0.25","0.08543591436610563","0.7191912923815573","0.12574850299401197","0.25833027569813477","0.9228169908726291","0.8935092023484782","0.0"
"0.34873808456557914","6","6","Utah, Wasatch","-111.1691,40.3311","0.6141859741683232","0.22","0.5116931746025428","0.1646","0.675","0.04550202230851092","0.2701716612710456","0.19161676646706588","0.3787943342919467","0.08459066590085781","0.07494436976481428","0.633696254084294"
"0.34868150284196997","1","8","Georgia, Lincoln","-82.4502,33.792","0.0","0.0","0.4374065503176333","0.2904","0.575","0.49930824224945697","0.6132079852747508","0.44311377245508987","0.6644904259777605","0.36140650318947415","0.47418530606045894","0.0"
"0.3485289606643121","5","6","Colorado, Gilpin","-105.5253,39.8565","0.46269748280084605","0.666666666666667","0.46518313601834915","0.15","0.175","0.903104230085054","0.3815106276633902","0.09580838323353291","0.49908933331939354","0.15651346848541686","0.04032578916331619","0.0"
"0.34844252467122266","4","10","Missouri, Bollinger","-90.0273,37.3245","0.0","0.0","0.46118379085379513","0.3534","0.5","0.6713285985896172","0.27704905950045594","0.44910179640718567","0.6017807168377609","0.5239758473549792","0.5177117488464894","0.0"
"0.34824173841994094","4","10","Pennsylvania, Tioga","-77.2543,41.7726","0.0","0.0","0.5318301270185142","0.4295","0.75","0.5168765274771758","0.20205309346697672","0.32934131736526945","0.6335581539925471","0.3913042006726326","0.33007656401410196","0.4769634924840864"
"0.3481772272095747","3","10","Alaska, Dillingham","-158.2382,59.796","0.0","0.0","0.20509365845667155","0.9093","0.5","0.31754265337554405","0.7255369538290951","0.0","0.30440018439969097","0.5357807781198105","0.6357300831767846","0.4376620575241742"
"0.34751082002095324","1","10","Colorado, Sedgwick","-102.3519,40.876","0.0","0.0","0.37492529764059246","0.6164","0.5","0.903104230085054","0.3408050212369272","0.16167664670658685","0.7152857337854508","0.24122053880467414","0.413212291372236","0.15451098126078777"
"0.34726836044884074","4","8","Washington, Stevens","-117.8543,48.4004","0.0","0.0","0.48418325296323006","0.3168","0.675","0.5051412015799757","0.4566176400685194","0.3592814371257485","0.6527643232093532","0.2871440695678684","0.3639800933805561","0.4798849754305151"
"0.34720190309368665","4","8","Wisconsin, Langlade","-89.0748,45.2627","0.0","0.0","0.5291872576717974","0.2665","0.75","0.5349291819271391","0.39988663035512745","0.2694610778443114","0.6661358670949733","0.3232256630809893","0.33441786000328705","0.5325605013869181"
"0.3471777467805805","1","10","Missouri, Caldwell","-93.9831,39.6562","0.0","0.0","0.46504407802892306","0.6855","0.5","0.6713285985896172","0.27846501458270295","0.37724550898203596","0.6075890184122873","0.4631108892338705","0.29143872692781947","0.0"
"0.34702878591111425","2","3","Virginia, Botetourt","-79.8098,37.5553","0.27936023243552893","0.0666666666666667","0.5641143407300229","0.0497","0.75","0.5881367906958894","0.346768065896896","0.3592814371257485","0.6406572602088578","0.2427254786713545","0.06474253613800393","0.0"
"0.3469577629010856","1","10","Montana, Rosebud","-106.7293,46.234","0.0","0.0","0.3814358224902673","0.4409","0.5","0.43215267570306487","0.6139719708160589","0.18562874251497005","0.5067215141840639","0.4847684997659847","0.6202777581641982","0.34223010524992403"
"0.34680898152670364","4","10","Missouri, Maries","-91.9225,38.1619","0.0","0.0","0.4591215806014674","0.4129","0.5","0.6713285985896172","0.2914238232691909","0.39520958083832336","0.6317620454190964","0.4638764062534319","0.5094902341126674","0.0"
"0.34641609002692336","6","6","Nebraska, Custer","-99.7281,41.3937","0.4447169414316423","0.107142857142857","0.4405171974511103","0.1379","0.575","0.25083837871869175","0.2579763290842353","0.22155688622754494","0.6476236650502001","0.3133909979316415","0.10999241711418936","0.4200829432167901"
"0.34556345511555675","1","10","Nevada, White Pine","-114.9,39.4416","0.0","0.0","0.449492472567601","0.4935","0.675","0.5573731273809973","0.6560975985520265","0.08982035928143713","0.542700408721451","0.31660139132955817","0.2711859664897246","0.5355437292433275"
"0.3454860332270396","4","8","Texas, Runnels","-99.9762,31.8314","0.0","0.0","0.4834984888424238","0.1089","0.675","0.7194085185102618","0.46241106387455067","0.2874251497005988","0.6299572389493907","0.31571929160805756","0.45176522823565834","0.368980871234105"
"0.3453013755355771","4","8","Texas, Delta","-95.6692,33.3857","0.0","0.0","0.4412181664034471","0.2942","0.32499999999999996","0.7194085185102618","0.6064263503081758","0.407185628742515","0.6189409155096902","0.411734708571462","0.4921529061491621","0.0"
"0.34518129363338595","2","3","Illinois, Marshall","-89.3451,41.0328","0.3190370536172425","0.2","0.5051171459711862","0.0274","0.575","0.42780561490378566","0.2382924427970699","0.5089820359281437","0.6661358670949733","0.2967056880113019","0.1717347416677577","0.0"
"0.34506730986374046","4","10","Missouri, Ozark","-92.4446,36.6492","0.0","0.0","0.41098464769245246","0.3906","0.5","0.6713285985896172","0.20993575265110123","0.38323353293413176","0.7294045360146626","0.36193129162885895","0.6559230137859311","0.0"
"0.3449168834998551","10","3","Vermont, Lamoille","-72.6436,44.6035","0.30903631205201876","0.0740740740740741","0.5520160131204341","0.4279","0.5","0.458548176019114","0.2666589312986825","0.14371257485029942","0.5380992168517501","0.18243522578403737","0.14938176045274953","0.5661626564080767"
"0.34487888413184153","1","10","Texas, Kinney","-100.4187,29.3497","0.0","0.0","0.39843466384921034","0.6246","0.5","0.7194085185102618","0.3931720472830456","0.2754491017964072","0.626321192473144","0.17804423688982898","0.595556290846121","0.0"
"0.3444505947915641","6","6","Nebraska, Antelope","-98.0666,42.177","0.4589593415225012","0.4","0.4366536916090938","0.0115","0.5","0.25083837871869175","0.180038447668971","0.2694610778443114","0.667774075480636","0.27505419214782184","0.1692424780643137","0.3953434791089158"
"0.3444246417586218","2","3","Illinois, Piatt","-88.5932,40.0136","0.2809500210881648","0.125","0.5128569926637139","0.0041","0.675","0.42780561490378566","0.16917605378092535","0.5149700598802395","0.5978576089534523","0.3035956175227277","0.051217361405230706","0.5677073203045707"
"0.34435385077830255","5","3","Nebraska, Holt","-98.784,42.4552","0.33257999681361755","1.0","0.43696363411183786","0.1086","0.575","0.25083837871869175","0.2199525290905949","0.22155688622754494","0.6406572602088578","0.24783958390399777","0.07810905282235107","0.3869116352217241"
"0.3442337323335112","1","10","Montana, Missoula","-113.9214,47.0373","0.0","0.0","0.5961666426219964","0.6714","0.825","0.43215267570306487","0.36541147565839194","0.33532934131736525","0.5016507991249867","0.19580627789773555","0.17316726639812688","0.4136743508944429"
"0.34373585083884023","4","8","Texas, Clay","-98.2077,33.7869","0.0","0.0","0.4749134051298951","0.1092","0.675","0.7194085185102618","0.36029499231552586","0.33532934131736525","0.6578350382684304","0.35665907435927796","0.3794851025542614","0.4571453260609714"
"0.34359508118609317","1","10","West Virginia, Pocahontas","-80.0099,38.3276","0.0","0.0","0.43270980954147387","0.8185","0.32499999999999996","0.42782761630184035","0.24177595808480018","0.3053892215568862","0.6868906660868291","0.45193425865903797","0.38974167926342945","0.43033861066373336"
"0.3435325129184647","4","10","South Dakota, Butte","-103.5079,44.9061","0.0","0.0","0.4272898201289901","0.4524","0.675","1.0","0.3847659369495959","0.12574850299401197","0.6075890184122873","0.3094282084717375","0.31193492452418636","0.0"
"0.343175550735407","6","6","Nebraska, Hamilton","-98.021,40.8735","0.4926928917399757","0.0833333333333333","0.4819047710125743","0.0185","0.675","0.25083837871869175","0.1514516409831733","0.3053892215568862","0.5998243249034969","0.22432814783672322","0.052079080500308184","0.5139598453282559"
"0.3430500921337829","2","3","Idaho, Jefferson","-112.3132,43.8208","0.2926298141554891","0.285714285714286","0.51009982986164","0.1729","0.75","0.48916979685071754","0.262864231981596","0.2874251497005988","0.38929338935206537","0.2628019526459369","0.2891401230338665","0.0"
"0.34293893536134556","2","3","Iowa, Winneshiek","-91.8442,43.2909","0.25927798192043494","0.0555555555555556","0.5737292669932746","0.1767","0.75","0.5306255646958271","0.14099519899980328","0.34131736526946105","0.6075890184122873","0.20647961625003694","0.014658186979357866","0.537339483675812"
"0.34278890683192365","4","8","South Dakota, Douglas","-98.3698,43.3852","0.0","0.0","0.38537941192808695","0.405","0.5","1.0","0.3769052624779195","0.2095808383233533","0.6806267907799217","0.3008545594094764","0.22566951576958058","0.4016899134214135"
"0.3427756338023379","4","8","Minnesota, Hubbard","-94.9169,47.1078","0.0","0.0","0.511615125267202","0.3266","0.75","0.7794980274392814","0.3706996258768257","0.2035928143712575","0.6945753055071017","0.29331566969884676","0.12499953068707051","0.45959864736327566"
"0.3425032133212502","5","6","Iowa, Lyon","-96.2093,43.3811","0.43542758395095654","0.1875","0.5596671940780292","0.0398","0.25","0.5306255646958271","0.1414150525631225","0.3173652694610779","0.5712984652022484","0.3722443999103666","0.0804656698500415","0.47217918175504514"
"0.3422278740475793","1","10","Iowa, Wayne","-93.3275,40.7397","0.0","0.0","0.5390398414642625","0.5422","0.5","0.5306255646958271","0.14379323776194478","0.3592814371257485","0.6476236650502001","0.5003797348221966","0.31660358899039104","0.39660271136834097"
"0.34192181077767647","4","8","South Dakota, Hutchinson","-97.7554,43.3345","0.0","0.0","0.38427134292263154","0.2636","0.675","1.0","0.38373998851604485","0.25748502994011974","0.6710290464557254","0.2701387333236417","0.2044362243696098","0.32864453838636404"
"0.34155996485150547","4","8","Illinois, Wabash","-87.8492,38.4427","0.0","0.0","0.5676883310180458","0.3209","0.75","0.42780561490378566","0.2203733939070532","0.5269461077844312","0.6151952376728468","0.32660125711216237","0.2792838248361856","0.46941158681861633"
"0.34108619729588185","4","10","Texas, Mills","-98.5927,31.4956","0.0","0.0","0.46981912536808795","0.4164","0.5","0.7194085185102618","0.33490125916555785","0.311377245508982","0.7548404166639682","0.25722627441608237","0.4996046265655826","0.0"
"0.3409079166250267","4","10","Michigan, Oscoda","-84.1294,44.6819","0.0","0.0","0.4665064889461896","0.4976","0.5","0.41517557433580937","0.2804261066333252","0.2634730538922156","0.7280164829849926","0.5149002860826399","0.5952509649376614","0.0"
"0.3408485113325473","1","10","Oregon, Grant","-119.0069,44.4902","0.0","0.0","0.42099551300608434","0.6463","0.575","0.5704827129810713","0.28648952750862006","0.17964071856287425","0.7483132479461376","0.2647245595917017","0.3633086428305759","0.4107029384595515"
"0.3405525657389979","2","3","Vermont, Orange","-72.3764,44.0047","0.2192048440112343","0.125","0.48928312651066225","0.3884","0.575","0.458548176019114","0.22778695468697516","0.21556886227544908","0.6114115319998742","0.24676029684114337","0.14213702217736732","0.5829979823976061"
"0.34040262109857894","2","3","Indiana, Warren","-87.356,40.3473","0.35515045336277945","0.0833333333333333","0.42663553516063735","0.0204","0.5","0.4061590902707796","0.13355473761014042","0.4730538922155689","0.613308186513927","0.3681773866735622","0.14261868863430668","0.4831648931593982"
"0.34023093092421186","1","10","New York, Otsego","-75.0315,42.6349","0.0","0.0","0.5902411703264566","0.8153","0.75","0.1452368843520714","0.29333801225701606","0.2874251497005988","0.6189409155096902","0.26902303336176275","0.28681136199941115","0.3931402180912828"
"0.34021383410991024","4","10","Illinois, White","-88.1766,38.0871","0.0","0.0","0.5460045564439402","0.5817","0.75","0.42780561490378566","0.21035737353198528","0.5149700598802395","0.6458942336050534","0.265073411364635","0.3108676766442393","0.0"
"0.34008354736283","4","10","Tennessee, Grainger","-83.5125,36.2747","0.0","0.0","0.5362159399966893","0.3152","0.825","0.26145055415676854","0.2551537720568448","0.43712574850299407","0.6095051758860066","0.45959717260614225","0.5517959788299296","0.0"
"0.34003983660041953","1","10","Virginia, Bland","-81.136,37.1313","0.0","0.0","0.48419564163918116","0.7526","0.5","0.5881367906958894","0.31746768070883546","0.33532934131736525","0.6510586369018438","0.32384306609277164","0.29786680014935657","0.0"
"0.3399287524908648","4","10","Illinois, Clay","-88.4891,38.7539","0.0","0.0","0.5207608236470088","0.511","0.675","0.42780561490378566","0.15400509214950894","0.5149700598802395","0.613308186513927","0.23939495028374125","0.32940462901206546","0.5269200994910666"
"0.33971493875128544","5","6","Colorado, Pitkin","-106.931,39.2172","0.4454184490287058","0.0892857142857143","0.5779587409434989","0.2607","0.07500000000000001","0.903104230085054","0.275573160624588","0.059880239520958084","0.5627304600978258","0.005338346523831828","0.10605321633170238","0.5238187210979764"
"0.3392424378157313","6","3","North Dakota, Richland","-96.9485,46.2644","0.35704746684990407","0.222222222222222","0.47961433660372516","0.4865","0.575","0.08543591436610563","0.4512636339003938","0.2035928143712575","0.5539608364828539","0.31303737206441223","0.08839578667202147","0.0"
"0.3391251855629041","4","10","Missouri, Montgomery","-91.47,38.9402","0.0","0.0","0.5213554508889094","0.3973","0.5","0.6713285985896172","0.2847283042422522","0.4191616766467066","0.6207997313712245","0.3973732150650202","0.42701784273257126","0.0"
"0.3390646563601968","2","1","Wyoming, Campbell","-105.5474,44.2489","0.16891648292441885","0.0625","0.5023661356109721","0.7007","0.675","0.3940368977735158","0.32797961409182147","0.16766467065868262","0.2911671324946231","0.293423437716695","0.19129873239486092","0.4822607529004846"
"0.338963208841375","4","8","Idaho, Bonner","-116.6018,48.3","0.0","0.0","0.5207475365906307","0.3512","0.75","0.48916979685071754","0.22426092351275848","0.4191616766467066","0.6710290464557254","0.21877257703710173","0.27446946141405987","0.6364581840189748"
"0.3388559679299095","6","6","Nebraska, Nance","-97.9933,41.3975","0.4471821429252873","0.25","0.4397495901342059","0.0487","0.5","0.25083837871869175","0.26049530513467495","0.2874251497005988","0.6207997313712245","0.2630387072342974","0.14314540913247842","0.3571039407689587"
"0.3388059139461085","1","10","Minnesota, Cook","-90.5263,47.905","0.0","0.0","0.3257328036179779","0.6969","0.5","0.7794980274392814","0.5365398261067174","0.155688622754491","0.7252247709976565","0.19612354229882545","0.1041049923874415","0.4305226774479295"
"0.33844011645561717","4","10","Missouri, Howard","-92.6976,39.1436","0.0","0.0","0.505036412368134","0.4101","0.5","0.6713285985896172","0.4788582822508518","0.38922155688622756","0.579673914473061","0.3522774038175812","0.34400528730974206","0.0"
"0.3383399337054866","4","8","Missouri, Linn","-93.107,39.87","0.0","0.0","0.46513738130721055","0.1006","0.75","0.6713285985896172","0.23352433300601932","0.37724550898203596","0.6299572389493907","0.4821792855845037","0.3295239253309201","0.37950579913777016"
"0.33758991012399947","3","10","Montana, Toole","-111.6942,48.6558","0.0","0.0","0.41878291836407805","0.8526","0.5","0.43215267570306487","0.5159182137609143","0.2035928143712575","0.542700408721451","0.2782340426649441","0.29467002214309235","0.36244556164238284"
"0.3374746113706416","4","8","Maine, Piscataquis","-69.286,45.8384","0.0","0.0","0.422511765760666","0.297","0.575","0.631081372507402","0.2644905679047769","0.22155688622754494","0.7050743605672205","0.4061996417916778","0.4779332693937361","0.4351695559599911"
"0.33712086958453624","6","3","Vermont, Grand Isle","-73.2968,44.7976","0.3717287354380684","0.25","0.48635322310371565","0.0067","0.75","0.458548176019114","0.36657271289776955","0.2095808383233533","0.6075890184122873","0.22406947584743692","0.05027558660785581","0.0"
"0.337088843779125","5","6","Nebraska, Furnas","-99.9125,40.1764","0.4159010418270735","0.2","0.4456423415067524","0.1621","0.32499999999999996","0.25083837871869175","0.24773138553792756","0.23353293413173656","0.6853345393682004","0.3141262074291558","0.2163438136865215","0.38641668458478484"
"0.3370469540013274","3","10","Alaska, Northwest Arctic","-159.7504,67.0492","0.0","0.0","0.19010101691177858","0.9656","0.0","0.31754265337554405","0.771252261884368","0.0","0.26320213340736576","0.6795190851226548","0.7926129781556934","0.4665135923183758"
"0.33686691993225637","1","8","Texas, Knox","-99.7423,33.6052","0.0","0.0","0.37176292223204643","0.198","0.5","0.7194085185102618","0.5401457400078882","0.2874251497005988","0.5858342498966352","0.27994394545298035","0.5716063134276425","0.3134193198503022"
"0.3365982866076824","1","10","Maine, Hancock","-68.384,44.5982","0.0","0.0","0.5108228131825275","0.5403","0.75","0.631081372507402","0.26931285657515747","0.19760479041916168","0.6758588134982833","0.2153214713957721","0.1800050649462482","0.47434280014295394"
"0.33656039361543555","4","8","Oregon, Crook","-120.3563,44.1423","0.0","0.0","0.4762164946909264","0.3792","0.675","0.5704827129810713","0.30054920848673045","0.2874251497005988","0.6960934005090119","0.40018812451523156","0.42184982930937365","0.0"
"0.3364707230548185","5","6","Iowa, Mitchell","-92.7889,43.3564","0.3284981146639344","0.25","0.5742373637946376","0.0917","0.32499999999999996","0.5306255646958271","0.15554129983933954","0.311377245508982","0.6458942336050534","0.24916988913567187","0.1468574019005781","0.45847150609061205"
"0.3361607995879575","4","8","North Carolina, Clay","-83.7435,35.057","0.0","0.0","0.5030022209647638","0.2044","0.675","0.751491911899152","0.3224583520721039","0.32934131736526945","0.7612552360903706","0.31273223660177846","0.34232871985603053","0.0"
"0.3358851662811668","4","8","Minnesota, Redwood","-95.2521,44.4056","0.0","0.0","0.5204546656602399","0.2827","0.5","0.7794980274392814","0.47218419406656176","0.23952095808383234","0.6371246099900815","0.3496689458388552","0.1655635491490539","0.50369925657336"
"0.3357639960523654","4","8","Missouri, Knox","-92.1478,40.127","0.0","0.0","0.4487323709826648","0.2235","0.5","0.6713285985896172","0.2160357048122133","0.38922155688622756","0.6424111072462477","0.4700680019401953","0.6357526101974009","0.0"
"0.33573768640730567","4","10","Illinois, Hardin","-88.2687,37.5181","0.0","0.0","0.43774876532728696","0.4553","0.5","0.42780561490378566","0.2633715063547075","0.48502994011976047","0.6424111072462477","0.3039864693539112","0.5131730386443772","0.3357892762824881"
"0.33555747697116534","5","6","North Dakota, Sargent","-97.6322,46.1083","0.512341788031524","0.666666666666667","0.42682349563870603","0.1853","0.32499999999999996","0.08543591436610563","0.4395512359888832","0.16766467065868262","0.6458942336050534","0.27619387752769997","0.028417230942291948","0.0"
"0.3351359805322081","6","3","Utah, Sevier","-111.805,38.7484","0.3264631781823534","0.25","0.47233221688533117","0.1251","0.75","0.04550202230851092","0.3236812646661675","0.11976047904191617","0.5310891329236117","0.21530157250665685","0.4012773305141453","0.5279955847007577"
"0.3350780728555068","2","3","Wisconsin, Oneida","-89.5194,45.7068","0.1973939759089216","0.142857142857143","0.5346314477854518","0.0681","0.675","0.5349291819271391","0.3242108514651597","0.23952095808383234","0.7021046890169179","0.29835360932769067","0.06175855369745315","0.3699062163786288"
"0.33437514763264403","4","8","Illinois, Richland","-88.0848,38.7124","0.0","0.0","0.5251736493803733","0.3454","0.675","0.42780561490378566","0.23145338057993517","0.5209580838323353","0.6151952376728468","0.3388269512988257","0.3249991431254255","0.3497545692290462"
"0.33407616217742314","6","3","Nebraska, Cheyenne","-102.9942,41.22","0.34223222270231834","0.125","0.41878422530738363","0.2732","0.75","0.25083837871869175","0.2909298889937602","0.1377245508982036","0.5775976316230177","0.253556484178854","0.08382873602461793","0.44282314943492884"
"0.3340541731272284","4","8","Texas, Motley","-100.7797,34.0741","0.0","0.0","0.3238428328654678","0.2073","0.5","0.7194085185102618","0.5180196370444372","0.23952095808383234","0.7599810748231213","0.414695491406303","0.49290865135693207","0.0"
"0.33397101433121695","1","10","Minnesota, Roseau","-95.8108,48.775","0.0","0.0","0.48165087539005635","0.5747","0.575","0.7794980274392814","0.36581667011465513","0.2035928143712575","0.540406913436432","0.31076472221502316","0.09175982175071044","0.502895668845592"
"0.3338572350156946","2","3","Nebraska, Washington","-96.2202,41.5282","0.33093816419796457","0.0833333333333333","0.5513537206791059","0.1038","0.675","0.25083837871869175","0.24028434251158362","0.34730538922155696","0.5627304600978258","0.25822620478794267","0.04406079340408837","0.5412081422276188"
"0.3336339546921456","1","10","Minnesota, Stevens","-96.0016,45.5861","0.0","0.0","0.5034761770723515","0.6539","0.575","0.7794980274392814","0.3982656540594159","0.19161676646706588","0.560557323866868","0.2340915966152018","0.0972456357228164","0.35354650481763755"
"0.33348524385611455","4","10","West Virginia, Webster","-80.4202,38.4937","0.0","0.0","0.35119644151882873","0.4696","0.5","0.42782761630184035","0.07275888495455296","0.3233532934131737","0.6544622387094758","0.5411663386520433","0.5824730575016736","0.4914553542996868"
"0.3328097794130328","1","10","Texas, Hemphill","-100.2704,35.8376","0.0","0.0","0.49575273549213295","0.5912","0.32499999999999996","0.7194085185102618","0.31402800179799734","0.23353293413173656","0.46689449529952165","0.2707696311894244","0.5794165283656973","0.32823879575227577"
"0.3327526200884565","1","10","Idaho, Owyhee","-116.1694,42.5802","0.0","0.0","0.4019689838873476","0.3731","0.5","0.48916979685071754","0.42349294165900586","0.29940119760479045","0.5691748594129424","0.43051786282023474","0.6725821088706684","0.0"
"0.3325245471684162","4","8","Montana, Lincoln","-115.4046,48.5427","0.0","0.0","0.46023740162683124","0.1359","0.675","0.43215267570306487","0.2876488577515947","0.3592814371257485","0.7307874385574278","0.2807768742339473","0.5268304687885101","0.5358833716361548"
"0.33251971210321485","1","10","Colorado, Rio Blanco","-108.2179,39.9791","0.0","0.0","0.4337859229619694","0.6549","0.5","0.903104230085054","0.41273562895643656","0.16167664670658685","0.49908933331939354","0.17656943476336734","0.23771953399103352","0.3538313410126877"
"0.33248014648949953","2","3","Michigan, Leelanau","-85.8015,44.9443","0.2502823185281335","0.1","0.4716018406958666","0.0242","0.825","0.41517557433580937","0.42680205298366747","0.2694610778443114","0.7561322439804544","0.21228816815872265","0.07963507679957892","0.0"
"0.3321869176890694","5","6","Iowa, Grundy","-92.7883,42.4018","0.38709487600526155","0.117647058823529","0.5866582551716006","0.006","0.5","0.5306255646958271","0.09058730532323295","0.37724550898203596","0.6226493223021841","0.2451492691069458","0.0","0.33372105221324455"
"0.3321378628210273","4","8","Illinois, Pike","-90.8877,39.6227","0.0","0.0","0.5017193698282134","0.2563","0.75","0.42780561490378566","0.24533763373044407","0.4550898203592814","0.624489779413553","0.30784052426552894","0.3190882224739489","0.528104640576171"
"0.3320232432559203","5","6","Colorado, Park","-105.7182,39.1209","0.34260504796290403","0.125","0.42159200381910505","0.0016","0.575","0.903104230085054","0.35925889568169056","0.08982035928143713","0.6017807168377609","0.1550112750358818","0.12411044005081417","0.0"
"0.3318973699157286","4","10","Texas, Goliad","-97.4276,28.657","0.0","0.0","0.48516083691523076","0.4597","0.32499999999999996","0.7194085185102618","0.4860718769539195","0.37724550898203596","0.6441567395133083","0.2804708570486319","0.3715027860232191","0.0"
"0.3318188824210442","4","8","Montana, Mineral","-115.0015,47.1528","0.0","0.0","0.4540346853054855","0.4008","0.5","0.43215267570306487","0.3457909519361766","0.32934131736526945","0.7443413616038496","0.33735099405785757","0.42993521301538584","0.3479776625519251"
"0.33170345100900167","4","8","Texas, Terrell","-102.0767,30.2243","0.0","0.0","0.349194663432849","0.0229","0.5","0.7194085185102618","0.4699789865661059","0.251497005988024","0.7905969508577783","0.519373266030929","0.5233437462265726","0.0"
"0.33170225104240303","10","3","Wyoming, Teton","-110.5891,43.9352","0.3628807546616334","0.0434782608695652","0.5013763809892713","0.6266","0.42500000000000004","0.3940368977735158","0.3029479831030974","0.11377245508982038","0.4752076683887773","0.015046830972571411","0.12617033019404364","0.4743571488601484"
"0.33167138902476934","4","8","Texas, Sutton","-100.5382,30.4986","0.0","0.0","0.44741750874546166","0.3117","0.675","0.7194085185102618","0.29570129614338037","0.25748502994011974","0.5561726637917245","0.22662188721909904","0.4456601634226344","0.42145059007387065"
"0.33157900815986446","1","10","New Mexico, Hidalgo","-108.7152,31.9138","0.0","0.0","0.4288271198060866","0.7876","0.675","0.2328984071594001","0.37840411734797313","0.18562874251497005","0.6371246099900815","0.2611278068786228","0.558126798301172","0.0"
"0.3314523170679638","4","8","Wisconsin, Vilas","-89.5172,46.0547","0.0","0.0","0.4864852943052167","0.0283","0.75","0.5349291819271391","0.4870142279272649","0.2095808383233533","0.7725308062309592","0.35684461158126723","0.24318330539457952","0.5485713953195351"
"0.331396209115348","2","3","Illinois, Woodford","-89.2097,40.7858","0.1886220816163526","0.0714285714285714","0.5355441789966435","0.0936","0.675","0.42780561490378566","0.19378907756278324","0.532934131736527","0.5561726637917245","0.2464050787340035","0.04474617195068617","0.6583724130210605"
"0.33128066025629777","1","10","Minnesota, Wilkin","-96.4684,46.3572","0.0","0.0","0.47364663409963426","0.6804","0.5","0.7794980274392814","0.3655825310912244","0.2035928143712575","0.5998243249034969","0.3222612635476934","0.01933448156544869","0.39373635237137083"
"0.33112682146887706","4","10","Texas, Crane","-102.5143,31.4305","0.0","0.0","0.490771219068973","0.4559","0.575","0.7194085185102618","0.47839337991227926","0.24550898203592814","0.42856039038869453","0.20998463912585133","0.35508991369607734","0.36093645124579377"
"0.3308507686438187","4","8","Pennsylvania, Potter","-77.8956,41.7447","0.0","0.0","0.4895037721138441","0.2875","0.675","0.5168765274771758","0.21987983748109532","0.33532934131736525","0.667774075480636","0.3503687272107516","0.38920296857686515","0.4083987167800017"
"0.33084286360834647","1","10","Oregon, Wallowa","-117.1835,45.5789","0.0","0.0","0.4444567223747353","0.8096","0.5","0.5704827129810713","0.25687126880998806","0.22155688622754494","0.7416697243018653","0.24680343154605716","0.19040685615928105","0.3073763854075751"
"0.33081617196106106","3","10","Alaska, Nome","-164.0354,64.9032","0.0","0.0","0.3030314027335901","0.9102","0.07500000000000001","0.31754265337554405","0.7357552084415437","0.0","0.2533938881977874","0.6126956247785277","0.7242059255511035","0.4067548928703324"
"0.330729375499959","3","10","Alaska, Prince of Wales-Hyder","-133.0512,55.7626","0.0","0.0","0.26205377624902054","0.8943","0.32499999999999996","0.31754265337554405","0.6449391581271","0.0","0.5067215141840639","0.5834527372380917","0.600107354575668","0.0"
"0.3299358942723993","4","10","Texas, Crockett","-101.4134,30.7237","0.0","0.0","0.41045354463856726","0.3855","0.675","0.7194085185102618","0.37950710170048707","0.25748502994011974","0.5067215141840639","0.22748156241800568","0.5626414070134852","0.0"
"0.3298787684100798","2","3","Michigan, Antrim","-85.155,44.9969","0.2425962278867114","0.0909090909090909","0.5291674974167749","0.0739","0.75","0.41517557433580937","0.25374458366429314","0.2634730538922156","0.7181526079808993","0.2702309775449536","0.19769519511972686","0.0"
"0.32986655753366245","4","8","California, Plumas","-120.8395,40.0036","0.0","0.0","0.4669648089131324","0.2388","0.675","0.5528135213810501","0.45727737523935347","0.4131736526946108","0.7266232409599707","0.25294432772873465","0.15188456088841726","0.37570096273102316"
"0.32973380311932265","4","8","Texas, Blanco","-98.4,30.2664","0.0","0.0","0.5177663221839365","0.2069","0.675","0.7194085185102618","0.38599935729729","0.3532934131736527","0.6853345393682004","0.27934978090929014","0.2986206075489016","0.0"
"0.3295378194590479","4","8","Colorado, Archuleta","-107.0477,37.1947","0.0","0.0","0.47583696029965994","0.3413","0.5","0.903104230085054","0.4235720483660253","0.08383233532934134","0.6945753055071017","0.15403369853731635","0.24679029317948425","0.5923557438682308"
"0.329392412215977","2","3","Montana, Gallatin","-111.1693,45.5449","0.19196994535095688","0.0201342281879195","0.5623623767955924","0.4486","0.75","0.43215267570306487","0.27513723080735053","0.24550898203592814","0.42229651508178717","0.08709897270809111","0.10848892015757773","0.5915350038779366"
"0.3289899383117671","4","8","Kansas, Dickinson","-97.1553,38.866","0.0","0.0","0.46161359313150013","0.3231","0.675","0.535277945802919","0.35152380819250595","0.34730538922155696","0.5978576089534523","0.3656754218089222","0.2954665824366025","0.3191077586992599"
"0.32849891873807746","4","8","Hawaii, Hawaii","-155.521,19.6012","0.1285349934705188","0.0394736842105263","0.5579596606535687","0.5466","0.5","0.5641884335623826","0.26320543646458583","0.0","0.6056629582719985","0.24568500028360815","0.256227782574526","0.45126577326747613"
"0.3284670200369394","6","3","Massachusetts, Nantucket","-70.0877,41.2942","0.32099803999921567","0.0833333333333333","0.45177022560715896","0.0716","1.0","0.13189104157094694","0.48299101036921477","0.17964071856287425","0.4939129750014257","0.16946794431184972","0.029964328583967238","0.5008754795791986"
"0.328430493498136","4","8","Missouri, Putnam","-93.0204,40.4794","0.0","0.0","0.4490435438513545","0.2537","0.5","0.6713285985896172","0.051600115100370214","0.3652694610778443","0.6822026570079781","0.4281714539289907","0.49256360037985886","0.4230034775813715"
"0.32825244387000074","4","8","South Dakota, Gregory","-99.1888,43.1942","0.0","0.0","0.3609123124981881","0.2553","0.5","1.0","0.4562130203358204","0.17964071856287425","0.6915204375207985","0.271898050761619","0.24570330387824463","0.2839354096349283"
"0.32797830100400643","4","8","Iowa, Calhoun","-94.6405,42.3852","0.0","0.0","0.5339061460704421","0.3107","0.675","0.5306255646958271","0.352958615335643","0.34730538922155696","0.6661358670949733","0.3490300296329325","0.11013048595022425","0.44787332909696226"
"0.3279706836368384","4","8","Kansas, Sherman","-101.7198,39.3515","0.0","0.0","0.42073814906551765","0.3569","0.675","0.535277945802919","0.2981002188409898","0.2035928143712575","0.5938927650957907","0.4806139074078832","0.34225447757840827","0.38652653459542685"
"0.3276715008928512","4","8","Minnesota, Yellow Medicine","-95.8684,44.7171","0.0","0.0","0.49428287464126686","0.3464","0.575","0.7794980274392814","0.43255162576222805","0.2095808383233533","0.6151952376728468","0.3222345595831288","0.14524417655322291","0.3518128423706239"
"0.3272494817934495","1","10","Texas, Loving","-103.5819,31.8495","0.0","0.0","0.23072374846485094","0.5721","0.5","0.7194085185102618","0.4584601925288221","0.21556886227544908","0.6945753055071017","0.23334600527616894","0.46643588985546497","0.0"
"0.3269764784326881","4","10","Texas, Upton","-102.0423,31.3687","0.0","0.0","0.4016039891179936","0.411","0.5","0.7194085185102618","0.5154053282340839","0.25748502994011974","0.5117241638959221","0.21319826251020227","0.4282495620856194","0.2582622522287963"
"0.32697532706761206","4","8","California, Calaveras","-120.5529,38.2054","0.0","0.0","0.49278331633586203","0.063","0.75","0.5528135213810501","0.3984120254332568","0.3592814371257485","0.7307874385574278","0.26060863544649454","0.20032116749069942","0.5583680931492234"
"0.32621576378833006","4","8","Iowa, Dickinson","-95.151,43.3779","0.0","0.0","0.6397902593428079","0.263","1.0","0.5306255646958271","0.1388647449083008","0.29940119760479045","0.7006109322771243","0.2609731646132935","0.026835616091607943","0.43519113564074735"
"0.32593323065014984","2","8","Vermont, Franklin","-72.9125,44.8563","0.161478008545757","0.0101010101010101","0.5432462871685193","0.2598","0.675","0.458548176019114","0.31676754666749274","0.2035928143712575","0.5092312328105775","0.3344121949751127","0.10395069440752179","0.5217418205847593"
"0.3255432226207987","4","8","Texas, Schleicher","-100.5385,30.8974","0.0","0.0","0.4341163067299932","0.249","0.5","0.7194085185102618","0.38383857160866","0.25748502994011974","0.5310891329236117","0.14377035817085446","0.6654605425305911","0.3702436446917829"
"0.3254228677885586","1","8","Idaho, Lewis","-116.4341,46.2332","0.0","0.0","0.4635159555335959","0.3709","0.5","0.48916979685071754","0.46725346817606145","0.32934131736526945","0.6915204375207985","0.29652662678482394","0.45955824512571597","0.0"
"0.3254112562138239","4","8","Minnesota, Renville","-94.9455,44.7284","0.0","0.0","0.5041062988578792","0.3018","0.575","0.7794980274392814","0.3288698713732211","0.23353293413173656","0.6226493223021841","0.3074947055703815","0.13794190959615954","0.5534952668039091"
"0.3252873735511467","4","8","Wisconsin, Marquette","-89.4007,43.8191","0.0","0.0","0.49827525911176895","0.2174","0.75","0.5349291819271391","0.2979881760312126","0.3592814371257485","0.6806267907799217","0.4484972836703983","0.2790940407431447","0.0"
"0.32485890132252804","6","3","Utah, Millard","-113.102,39.0729","0.30603109037360904","0.166666666666667","0.3710271095409223","0.3442","0.675","0.04550202230851092","0.31525846032444693","0.155688622754491","0.5380992168517501","0.23540775955724982","0.3142910570998205","0.43570191765410415"
"0.324766800333344","4","8","Missouri, Gasconade","-91.5085,38.4395","0.0","0.0","0.5239553100684503","0.0443","0.75","0.6713285985896172","0.18971759285194248","0.4131736526946108","0.6510586369018438","0.3615082015526199","0.2024160592949939","0.5042539044254424"
"0.3245264669436094","4","8","Illinois, Edgar","-87.7476,39.6809","0.0","0.0","0.5486935373592103","0.2649","0.675","0.42780561490378566","0.18049777032537825","0.4970059880239522","0.6371246099900815","0.2989356886739046","0.266769943770861","0.5196953674958874"
"0.324127365139806","1","10","Vermont, Orleans","-72.2456,44.8296","0.0","0.0","0.5272286998181098","0.5263","0.575","0.458548176019114","0.280667461964503","0.17964071856287425","0.6493451083308717","0.31014884479005683","0.2578328933499388","0.5737603228242141"
"0.324077560921057","5","6","North Dakota, Grant","-101.639,46.3582","0.4902014116508851","0.5","0.32301292888621935","0.2124","0.32499999999999996","0.08543591436610563","0.25520335879662676","0.09580838323353291","0.7574196090175283","0.3003179308423345","0.09499971598998201","0.2517362825073397"
"0.3240571887750044","5","6","Colorado, Routt","-106.9906,40.486","0.3511034869950517","0.0508474576271186","0.5161384138023597","0.4546","0.07500000000000001","0.903104230085054","0.29748082632251677","0.05389221556886227","0.4833394486037307","0.08652775493094218","0.07759190025229053","0.3997152476412202"
"0.3234712695525826","4","8","Idaho, Lemhi","-113.931,44.9438","0.0","0.0","0.4054481826351761","0.4779","0.5","0.48916979685071754","0.2592026860245582","0.3592814371257485","0.7535440960260323","0.2628946723275076","0.3039300809725278","0.46403983489002887"
"0.32340947440977813","3","10","Alaska, Bethel","-159.8562,60.9098","0.0","0.0","0.2731697181420849","0.9478","0.0","0.31754265337554405","0.761455121714006","0.0","0.2329673074637463","0.5145675887910454","0.7564832704776976","0.47726554031620516"
"0.32308591078091947","4","8","Kansas, Cloud","-97.6493,39.4803","0.0","0.0","0.4651830317513578","0.1652","0.75","0.535277945802919","0.29687156922005203","0.3053892215568862","0.6317620454190964","0.4039814846194415","0.26747203591339985","0.43487310095668036"
"0.32294426529704773","4","8","Michigan, Benzie","-86.0161,44.639","0.0","0.0","0.5283685598888952","0.0767","0.825","0.41517557433580937","0.35202147192309463","0.2694610778443114","0.7006109322771243","0.36278354921150796","0.17516490445212654","0.6630344925604538"
"0.32289958749498177","4","10","West Virginia, Doddridge","-80.7067,39.2706","0.0","0.0","0.4483466466492063","0.4177","0.5","0.42782761630184035","0.33195397461725873","0.4131736526946108","0.6207997313712245","0.4534608649492288","0.42298235710390203","0.0"
"0.3228102394154615","1","10","Texas, Concho","-99.8647,31.3264","0.0","0.0","0.4615928335549997","0.4957","0.32499999999999996","0.7194085185102618","0.3734824418955385","0.2694610778443114","0.5755097168756041","0.19475263668598988","0.4192760566474634","0.4018894213582009"
"0.3224481065157486","1","8","Michigan, Emmet","-84.8908,45.5263","0.0","0.0","0.5962242908399475","0.2993","0.825","0.41517557433580937","0.4508989776488265","0.24550898203592814","0.6353456481032828","0.24776302306885203","0.13642642245115544","0.35791682592611374"
"0.32194854566254877","5","6","Idaho, Teton","-111.2057,43.753","0.3931020516085307","0.181818181818182","0.490809353912493","0.1452","0.575","0.48916979685071754","0.19463336190142858","0.14371257485029942","0.3679909167750092","0.10497966702085572","0.16366800936591158","0.5510578403494545"
"0.3218705423436462","2","3","Vermont, Addison","-73.1413,44.0322","0.19290018908898032","0.0161290322580645","0.5320086230684422","0.3295","0.575","0.458548176019114","0.2561886099008747","0.23353293413173656","0.5898852876912913","0.17746409171507335","0.07445458873593257","0.6129689583632592"
"0.3217569866091065","4","8","Texas, Foard","-99.7768,33.9731","0.0","0.0","0.3519300325985284","0.1051","0.5","0.7194085185102618","0.46424248570644705","0.2694610778443114","0.7294045360146626","0.36837426298439235","0.5140414189552283","0.0"
"0.3217494531131961","6","3","Utah, Box Elder","-113.0833,41.5211","0.36070254166555804","0.28","0.48211314536201705","0.0958","0.675","0.04550202230851092","0.2789643469429918","0.25748502994011974","0.4437744133187831","0.21951435006463793","0.20997423805077808","0.5439685275264338"
"0.3216800822558344","4","8","Oklahoma, Alfalfa","-98.3241,36.7309","0.0","0.0","0.33671730484541385","0.1808","0.675","0.6933119590201189","0.6291100622549911","0.3233532934131737","0.5938927650957907","0.3140677433350448","0.2747479002333969","0.0"
"0.32099561705834906","4","8","South Dakota, McPherson","-99.2212,45.7663","0.0","0.0","0.34412018501500796","0.1305","0.5","1.0","0.1795310416909043","0.1377245508982036","0.7612552360903706","0.2901435790994721","0.443168989836317","0.45200326119817663"
"0.32060177520456445","4","10","Montana, Powell","-112.9359,46.8554","0.0","0.0","0.4123713885117978","0.4998","0.5","0.43215267570306487","0.5256240954656439","0.23353293413173656","0.6095051758860066","0.3348313923381644","0.2286372690662465","0.46213451790878834"
"0.3204832715838722","4","8","Iowa, Cass","-94.9279,41.3315","0.0","0.0","0.6059906544596458","0.1799","0.75","0.5306255646958271","0.1988387701395375","0.34131736526946105","0.6561524538860896","0.3429648849659606","0.17570409959074704","0.4490942035822667"
"0.3197647966147818","4","8","Missouri, Shelby","-92.0763,39.7974","0.0","0.0","0.4605961320202412","0.3712","0.5","0.6713285985896172","0.2773771558317633","0.40119760479041916","0.626321192473144","0.3459456043267184","0.3430936696528695","0.0"
"0.3193786416648962","4","8","California, Nevada","-120.7627,39.3039","0.0","0.0","0.607097584254036","0.2076","0.75","0.5528135213810501","0.31005117060908566","0.3053892215568862","0.7080205562076126","0.13233377519906442","0.1716422113250115","0.49456996055691327"
"0.3191892524431883","4","8","Oklahoma, Dewey","-99.0073,35.9877","0.0","0.0","0.4298950447416381","0.0675","0.5","0.6933119590201189","0.4979441096657807","0.281437125748503","0.5918944128138512","0.402851839909283","0.3230248798831405","0.4040125675150759"
"0.3191283935384735","4","8","Iowa, Lucas","-93.3278,41.0296","0.0","0.0","0.5654491232910659","0.248","0.75","0.5306255646958271","0.1421870618216292","0.3592814371257485","0.6388951207196634","0.36353633246104305","0.174290226264544","0.43368010570279497"
"0.3189691167374113","4","8","Kansas, Harper","-98.0758,37.1918","0.0","0.0","0.44222762344075867","0.1184","0.675","0.535277945802919","0.3166270905577458","0.32934131736526945","0.6510586369018438","0.42710610483884215","0.3335814535281493","0.3169875735642254"
"0.31895808707470913","4","8","Montana, Sanders","-115.133,47.6766","0.0","0.0","0.3938486830338443","0.1016","0.5","0.43215267570306487","0.3709054553034522","0.38922155688622756","0.7561322439804544","0.325057614941813","0.5166688446823696","0.4027780278052759"
"0.3186957752723662","4","8","Minnesota, Lake of the Woods","-94.9027,48.7722","0.0","0.0","0.41409729568847087","0.4706","0.575","0.7794980274392814","0.28575312984201473","0.17365269461077848","0.6644904259777605","0.30614608391636305","0.11749936506502377","0.3939203367297697"
"0.31816707563593105","4","10","New Mexico, Union","-103.471,36.4813","0.0","0.0","0.4239427366155495","0.5014","0.675","0.2328984071594001","0.5285807207794541","0.11377245508982038","0.6075890184122873","0.2977513336565257","0.4250618675554102","0.3421838123613824"
"0.3180251973313","4","10","Hawaii, Maui","-156.5689,20.864","0.029497318921790812","0.00854700854700855","0.6221487078879622","0.6622","0.675","0.5641884335623826","0.26318882913296443","0.0","0.5561726637917245","0.184115370291939","0.10867107413073256","0.5232261725311277"
"0.317845322502152","4","8","Michigan, Iron","-88.5314,46.2097","0.0","0.0","0.4959249571940384","0.3594","0.575","0.41517557433580937","0.3091670117296523","0.21556886227544908","0.7637905642871493","0.3001150315279055","0.30657046579217423","0.4647081282694436"
"0.317734881847504","2","3","Montana, Jefferson","-112.0944,46.1491","0.31387650264745054","0.333333333333333","0.4471289284263394","0.1328","0.5","0.43215267570306487","0.3134143514304688","0.25748502994011974","0.6207997313712245","0.20761942810372394","0.10892795483356589","0.0"
"0.3169562765915373","3","10","Alaska, Yukon-Koyukuk","-151.3907,65.5082","0.0","0.0","0.2736880575909962","0.7762","0.0","0.31754265337554405","0.7326316099531194","0.0","0.4752076683887773","0.5899559175032318","0.7967275505825475","0.0"
"0.3165835008489171","4","8","North Carolina, Camden","-76.1557,36.338","0.0","0.0","0.49378452351126856","0.0341","0.575","0.751491911899152","0.528582337897792","0.3233532934131737","0.560557323866868","0.29938290589282807","0.3910414641303825","0.0"
"0.3164379334487776","4","8","Kentucky, Robertson","-84.0506,38.5192","0.0","0.0","0.33147650246274485","0.2744","0.32499999999999996","0.6498233878958141","0.24353647898066058","0.4251497005988024","0.6527643232093532","0.5518254253088309","0.5014983496535138","0.0"
"0.3163245429126032","4","8","Wisconsin, Rusk","-91.1333,45.475","0.0","0.0","0.48407549146826184","0.3015","0.575","0.5349291819271391","0.3330016915549583","0.23952095808383234","0.6726459331898672","0.2342015209222855","0.3319596291567955","0.4944447602088006"
"0.31620664332209275","1","8","Wisconsin, Iron","-90.243,46.263","0.0","0.0","0.471586417052759","0.5256","0.675","0.5349291819271391","0.23036564020992142","0.19760479041916168","0.7612552360903706","0.28063542654971235","0.27560634927709465","0.0"
"0.3160808413366382","4","8","Michigan, Montmorency","-84.127,45.0276","0.0","0.0","0.44506122310662627","0.1671","0.675","0.41517557433580937","0.25241711246397563","0.251497005988024","0.7786506778569082","0.47830397401243097","0.48780494894420334","0.0"
"0.3160477459136675","1","10","Vermont, Caledonia","-72.1031,44.4655","0.0","0.0","0.538681667246265","0.5791","0.575","0.458548176019114","0.26470672551546576","0.17365269461077848","0.6056629582719985","0.29042204106708075","0.17061226625339676","0.5884205898734917"
"0.31589911719486496","4","8","Texas, Baylor","-99.2135,33.6164","0.0","0.0","0.45710848941182713","0.0293","0.575","0.7194085185102618","0.4252730208986442","0.2874251497005988","0.6915204375207985","0.32419636311770617","0.31852928591403573","0.24195539972387775"
"0.315604275192541","4","8","Missouri, Mercer","-93.5683,40.4221","0.0","0.0","0.4571209381955022","0.4374","0.5","0.6713285985896172","0.2148565118832024","0.3652694610778443","0.6317620454190964","0.3118679609758435","0.3554479237656556","0.0"
"0.3154788343824004","1","10","Idaho, Clark","-112.3506,44.285","0.0","0.0","0.31686260356206275","0.5224","0.5","0.48916979685071754","0.4331684875690925","0.19161676646706588","0.37162696325125594","0.24908582610530247","0.8695549859745073","0.0"
"0.31485357514410417","4","8","Michigan, Cheboygan","-84.5012,45.4479","0.0","0.0","0.5217148483434044","0.1143","0.75","0.41517557433580937","0.41149513666330606","0.24550898203592814","0.7181526079808993","0.3845649627787341","0.3747575771632208","0.0"
"0.3146501755673526","4","10","Kentucky, Bracken","-84.0853,38.6916","0.0","0.0","0.4363487848377808","0.4884","0.32499999999999996","0.6498233878958141","0.20465607920451775","0.44910179640718567","0.5287228277828","0.4268673876746881","0.42420693078912036","0.0"
"0.31458308643551347","4","8","Texas, Kenedy","-97.6641,26.926","0.0","0.0","0.37822574117860613","0.2162","0.32499999999999996","0.7194085185102618","0.46431610795831596","0.3233532934131737","0.6694051144412375","0.25796354895979406","0.5784162559825287","0.0"
"0.31455648923159674","4","8","Kansas, Elk","-96.2437,37.4534","0.0","0.0","0.38398188835554176","0.1681","0.5","0.535277945802919","0.21977651020022318","0.3532934131736527","0.7522432506995606","0.5709341137151542","0.4483489934479071","0.0"
"0.3144400850590664","4","8","Kansas, Edwards","-99.3126,37.8874","0.0","0.0","0.45702843911289553","0.2754","0.5","0.535277945802919","0.3929472954091352","0.2694610778443114","0.6189409155096902","0.5153863843640143","0.20980698097835332","0.31250404843402124"
"0.31417964566710094","4","8","Oklahoma, Roger Mills","-99.6967,35.6871","0.0","0.0","0.385272962023618","0.0548","0.32499999999999996","0.6933119590201189","0.5049171520625713","0.251497005988024","0.6017807168377609","0.4517383686856804","0.4636647029806277","0.3905254064807203"
"0.31413710876586637","4","8","Tennessee, Stewart","-87.8392,36.5024","0.0","0.0","0.4885467818738924","0.1445","0.75","0.26145055415676854","0.37774659242431396","0.43712574850299407","0.613308186513927","0.3722200857027789","0.4818159103986544","0.0"
"0.31409003426767723","4","8","Kentucky, Hancock","-86.7828,37.8377","0.0","0.0","0.4993183902472151","0.127","0.5","0.6498233878958141","0.2902645410167639","0.5449101796407185","0.5494974081927578","0.4245988124433443","0.34071270890935196","0.0"
"0.31405768621401114","4","8","New Mexico, Quay","-103.5482,35.104","0.0","0.0","0.43548972817105647","0.1423","0.675","0.2328984071594001","0.4893391818822773","0.17365269461077848","0.6899835619092616","0.3538824474801659","0.5191975633030474","0.4279549863183037"
"0.3139818520498575","4","8","Wisconsin, Price","-90.361,45.6805","0.0","0.0","0.48624656299052","0.354","0.675","0.5349291819271391","0.2888005374125055","0.2275449101796407","0.6945753055071017","0.26723692121202935","0.1525775695549012","0.4877243236787617"
"0.31284072531309687","4","8","Missouri, Monroe","-92.0004,39.4959","0.0","0.0","0.4782026454346704","0.306","0.32499999999999996","0.6713285985896172","0.39770495366464076","0.40119760479041916","0.6544622387094758","0.3607479833942692","0.3158650418306184","0.0"
"0.31282031883406636","4","8","Virginia, Bath","-79.7391,38.0585","0.0","0.0","0.4212591678448329","0.3009","0.5","0.5881367906958894","0.3498278344627251","0.29940119760479045","0.613308186513927","0.26785981739921466","0.395916141833513","0.3472896981418746"
"0.31265650973026904","2","3","Wisconsin, Buffalo","-91.7533,44.3784","0.30504485285447563","0.2","0.4623125699278676","0.084","0.5","0.5349291819271391","0.2007630425963981","0.311377245508982","0.6406572602088578","0.21616269605436048","0.09539224326856897","0.0"
"0.3124523270649248","4","8","Texas, Stonewall","-100.2538,33.1791","0.0","0.0","0.3752181147301945","0.3629","0.32499999999999996","0.7194085185102618","0.5093139644160328","0.2634730538922156","0.7294045360146626","0.2197038150780176","0.28462672545169404","0.2332107204369639"
"0.3123202667974725","1","10","Montana, Custer","-105.5738,46.2532","0.0","0.0","0.4747128466588036","0.6593","0.675","0.43215267570306487","0.3631744640940283","0.16167664670658685","0.5938927650957907","0.29575488455487076","0.09245331486925062","0.31177147457202237"
"0.3120344702619119","4","8","Idaho, Boundary","-116.463,48.7668","0.0","0.0","0.4948429196910709","0.2604","0.5","0.48916979685071754","0.35992913207371885","0.24550898203592814","0.6388951207196634","0.2624152363822214","0.3987035578522351","0.5011322653366869"
"0.3120161270539352","5","6","North Dakota, Burke","-102.5182,48.7909","0.5785366345210319","0.4","0.3255062884589684","0.0707","0.5","0.08543591436610563","0.30220334600706916","0.1317365269461078","0.5215324091055006","0.27181004539618714","0.04493547159167088","0.0"
"0.31193041278931694","4","10","Montana, Chouteau","-110.4353,47.8808","0.0","0.0","0.33832981306315596","0.6173","0.5","0.43215267570306487","0.46706934972966185","0.16167664670658685","0.6056629582719985","0.31650883912584665","0.342073292509366","0.23671316951356225"
"0.31174176128802855","5","6","Nebraska, Gosper","-99.8302,40.5148","0.5840365286743919","0.153846153846154","0.4032074439843676","0.0315","0.25","0.25083837871869175","0.26633978031978106","0.23353293413173656","0.7050743605672205","0.1811589321540101","0.038105787615491854","0.0"
"0.3111803331627312","4","8","Missouri, Atchison","-95.4297,40.4324","0.0","0.0","0.46842691821054483","0.0742","0.5","0.6713285985896172","0.19369407137051528","0.3712574850299401","0.7021046890169179","0.5080367618127088","0.19530309197891518","0.41080509704996254"
"0.3110375516696046","4","8","Colorado, Custer","-105.3683,38.1088","0.0","0.0","0.4075870645738419","0.0449","0.5","0.903104230085054","0.3977226832369323","0.07185628742514971","0.8410970859936281","0.30775653499606226","0.41394550955938963","0.0"
"0.3110364824550021","4","8","Wyoming, Big Horn","-107.996,44.5241","0.0","0.0","0.46565287682388323","0.2283","0.675","0.3940368977735158","0.34504263021554804","0.14371257485029942","0.6299572389493907","0.36026112913027636","0.409538570316581","0.47290822525606296"
"0.3106047262870559","5","6","Colorado, San Miguel","-108.4021,38.0045","0.4750584087687351","0.136363636363636","0.440959420389602","0.2677","0.0","0.903104230085054","0.3287369808153869","0.09580838323353291","0.4437744133187831","0.06337122884869059","0.08327658179349237","0.0"
"0.31049868361623906","4","8","Kansas, Morris","-96.6513,38.6883","0.0","0.0","0.4483566883265055","0.1834","0.675","0.535277945802919","0.25738693061424195","0.34131736526946105","0.6868906660868291","0.3714654498812557","0.19296040294784228","0.37835619254786584"
"0.31023009504342497","4","8","Kansas, Woodson","-95.7401,37.8865","0.0","0.0","0.4417672378297217","0.0471","0.5","0.535277945802919","0.34511712061556604","0.3712574850299401","0.6758588134982833","0.37363705756002297","0.5878605277063581","0.0"
"0.30995521526551534","1","8","Montana, Beaverhead","-112.8985,45.1343","0.0","0.0","0.417490515260348","0.5094","0.675","0.43215267570306487","0.31165861459672983","0.25748502994011974","0.6406572602088578","0.2035817575620194","0.20498304962811645","0.4440625758393711"
"0.3097699048703398","1","10","Nebraska, Sheridan","-102.4127,42.5028","0.0","0.0","0.37633946970520993","0.7736","0.32499999999999996","0.25083837871869175","0.4919213631797576","0.09580838323353291","0.7035924826400836","0.3508588952328931","0.3188005790655429","0.37072851820707053"
"0.30964603346935476","4","8","Arkansas, Searcy","-92.6994,35.9109","0.0","0.0","0.4617905387688076","0.2623","0.32499999999999996","0.5574725952297617","0.3051743054722169","0.37724550898203596","0.6991111644276193","0.4590048072852033","0.4234764982012901","0.0"
"0.30960822630694823","4","8","Kansas, Russell","-98.7625,38.9146","0.0","0.0","0.4468588743414773","0.1315","0.575","0.535277945802919","0.3928809319142439","0.2694610778443114","0.6899835619092616","0.3639451314004286","0.29981550854567374","0.3307595941570733"
"0.30959494675243754","4","8","Texas, Sterling","-101.0501,31.8278","0.0","0.0","0.450116236235097","0.3578","0.5","0.7194085185102618","0.478990650468664","0.251497005988024","0.4833394486037307","0.27405028537386833","0.35473468922582263","0.0"
"0.30939501560531624","4","8","South Dakota, Marshall","-97.5986,45.7587","0.0","0.0","0.394974252467624","0.1433","0.5","1.0","0.502546285511226","0.14371257485029942","0.6189409155096902","0.26450218629384975","0.10126622445075552","0.39639051196601677"
"0.30938347775984254","4","8","Montana, Ravalli","-114.1189,46.0852","0.0","0.0","0.4953668155661312","0.1098","0.675","0.43215267570306487","0.27577581572426596","0.34131736526946105","0.6915204375207985","0.22078004375463542","0.3337180690080154","0.5837244989033195"
"0.30931231484499133","4","8","Michigan, Missaukee","-85.0926,44.3377","0.0","0.0","0.4513206857908158","0.2802","0.75","0.41517557433580937","0.27799104198050767","0.25748502994011974","0.6170727822364962","0.3916094738416173","0.42554934743702455","0.0"
"0.30912965392118086","4","8","Montana, Phillips","-107.9129,48.2594","0.0","0.0","0.38199187406770363","0.2945","0.5","0.43215267570306487","0.39940276823187393","0.10778443113772454","0.6458942336050534","0.3344326069232379","0.5094978642325535","0.5169284402270989"
"0.3090744174990801","4","8","Kansas, Pawnee","-99.2369,38.1811","0.0","0.0","0.47605461911668634","0.1656","0.575","0.535277945802919","0.5137025954876906","0.281437125748503","0.6441567395133083","0.40032173346112937","0.2718794596082648","0.0"
"0.3089846760433873","4","8","New Mexico, Lincoln","-105.4586,33.7453","0.0","0.0","0.48001570785844383","0.3301","0.575","0.2328984071594001","0.4422714402457284","0.155688622754491","0.7403266893073597","0.32479852419851907","0.314013587184596","0.5343909436676071"
"0.3087575498579577","4","8","Indiana, Martin","-86.8037,38.71","0.0","0.0","0.5581743033968282","0.2178","0.75","0.4061590902707796","0.14888386559805755","0.502994011976048","0.5898852876912913","0.4117613598828263","0.2738114544086409","0.0"
"0.3083360589570704","4","8","Missouri, Holt","-95.2164,40.098","0.0","0.0","0.4479698945696306","0.256","0.5","0.6713285985896172","0.2605455279452467","0.39520958083832336","0.6853345393682004","0.3753302948054543","0.262482300846907","0.0"
"0.30794717643962016","4","8","Minnesota, Kittson","-96.7832,48.7775","0.0","0.0","0.4322922056767109","0.4607","0.5","0.7794980274392814","0.18206779374376508","0.2035928143712575","0.6774549264631455","0.30840523280843735","0.10080805391854496","0.4090413021482179"
"0.307923437923709","4","8","Michigan, Ontonagon","-89.3139,46.6652","0.0","0.0","0.3951683097528911","0.1952","0.675","0.41517557433580937","0.28782233300152","0.17964071856287425","0.8199757516012611","0.3256656873635072","0.36322858712827844","0.3843320246004425"
"0.30759741031074717","4","8","Texas, McMullen","-98.5677,28.3525","0.0","0.0","0.43325297798360224","0.3091","0.32499999999999996","0.7194085185102618","0.3987593662486636","0.32934131736526945","0.6317620454190964","0.2555430815359457","0.4428003218215011","0.0"
"0.3074362396957302","4","8","West Virginia, Tyler","-80.8877,39.4681","0.0","0.0","0.5126708466629447","0.1032","0.5","0.42782761630184035","0.09899966995367984","0.44311377245508987","0.6406572602088578","0.4365571918392415","0.41709347902098537","0.5256663195079755"
"0.30670828260933775","1","10","Montana, Liberty","-111.0243,48.5608","0.0","0.0","0.3741625728737677","0.6154","0.5","0.43215267570306487","0.2616712049997571","0.17365269461077848","0.7006109322771243","0.3751903722918705","0.2624597738262908","0.2771066120681372"
"0.30619139374918053","1","8","Montana, Lewis and Clark","-112.3947,47.1261","0.0","0.0","0.5525178451725555","0.454","0.75","0.43215267570306487","0.35120459606778465","0.18562874251497005","0.5648909983668218","0.22816004983619453","0.08625148075798823","0.4451720668907525"
"0.3056281813979434","4","8","Oklahoma, Ellis","-99.7532,36.218","0.0","0.0","0.4156305844267375","0.0455","0.32499999999999996","0.6933119590201189","0.4172511735381045","0.251497005988024","0.6424111072462477","0.4116409432758203","0.4495557635200577","0.33710746091836497"
"0.3055597573718637","4","8","Texas, Throckmorton","-99.2123,33.1775","0.0","0.0","0.3820994654891243","0.0337","0.5","0.7194085185102618","0.36314979888754345","0.281437125748503","0.7006109322771243","0.25646356193226577","0.43745257668543","0.29034997523608547"
"0.3055116337689953","4","8","West Virginia, Tucker","-79.5705,39.1124","0.0","0.0","0.49224784592684034","0.411","0.5","0.42782761630184035","0.15979869238520766","0.311377245508982","0.6960934005090119","0.4575554191303849","0.36299520235017385","0.0"
"0.3053446526265992","4","8","South Dakota, Haakon","-101.5391,44.293","0.0","0.0","0.3178440109149859","0.4476","0.25","1.0","0.2971551682068688","0.11377245508982038","0.6884403224054082","0.26910703522294777","0.28866705560092587","0.28844422078306725"
"0.30523618443787115","4","8","South Dakota, McCook","-97.3686,43.6743","0.0","0.0","0.38432029521355315","0.1882","0.5","1.0","0.35972283522442355","0.251497005988024","0.5938927650957907","0.29487432785568546","0.24294507609591226","0.0"
"0.3049495550760687","4","8","Montana, Flathead","-114.0521,48.2958","0.0","0.0","0.5377802680074703","0.3098","0.75","0.43215267570306487","0.26118286763557746","0.3532934131736527","0.5837920978957992","0.19268196502486867","0.15920257253730916","0.4639671569462322"
"0.30474962009013423","4","10","Texas, Oldham","-102.6028,35.4043","0.0","0.0","0.4056951850684464","0.5215","0.5","0.7194085185102618","0.4662572476626273","0.18562874251497005","0.4886637078344629","0.17885334008770143","0.3433635094482079","0.0"
"0.3046218284221946","3","10","Alaska, Valdez-Cordova","-144.7127,61.475","0.0","0.0","0.2848546576109204","0.8513","0.5","0.31754265337554405","0.5931935697095307","0.0","0.4407808887294848","0.3467641319006287","0.2877731204441069","0.37112766701443334"
"0.3040362478761342","4","8","Iowa, Van Buren","-91.9502,40.7533","0.0","0.0","0.5369809286131606","0.2547","0.575","0.5306255646958271","0.10790346853666069","0.37724550898203596","0.6406572602088578","0.26052118723208284","0.3128235307083864","0.4079912989493324"
"0.30403121323953863","4","8","Montana, Wheatland","-109.8465,46.4665","0.0","0.0","0.401291453200443","0.3359","0.5","0.43215267570306487","0.42269700788231035","0.10179640718562875","0.6281436499318728","0.3348931443919206","0.5100950725049115","0.26684150938816265"
"0.3033539257915922","4","8","Kansas, Mitchell","-98.2091,39.3933","0.0","0.0","0.4660173230300315","0.3661","0.675","0.535277945802919","0.16660840334075716","0.2874251497005988","0.6742558355103007","0.2521812129717758","0.2409949143434264","0.25612657539018696"
"0.30300843717935666","4","8","Kansas, Marshall","-96.5228,39.7836","0.0","0.0","0.49439052635863107","0.1191","0.675","0.535277945802919","0.24630987473883043","0.34730538922155696","0.6424111072462477","0.3447807008348008","0.15894714519064462","0.44816555069665415"
"0.3026561760475964","1","10","Montana, Fergus","-109.2245,47.2633","0.0","0.0","0.4576828262210036","0.7291","0.5","0.43215267570306487","0.2673483826731557","0.10778443113772454","0.6661358670949733","0.2926494820724878","0.17703404159820252","0.30662898818868667"
"0.3018660931659449","4","8","Texas, Briscoe","-101.2085,34.5303","0.0","0.0","0.33647767241016063","0.0614","0.5","0.7194085185102618","0.4463402650078047","0.23353293413173656","0.6790442329554586","0.2138698795856745","0.5832526619732145","0.0"
"0.30183690348906933","4","8","Oregon, Gilliam","-120.2049,45.3716","0.0","0.0","0.39697056555784627","0.32","0.5","0.5704827129810713","0.31305031845623926","0.23952095808383234","0.7080205562076126","0.3798895489694066","0.34502663335735817","0.0"
"0.301745220461417","4","8","Montana, Musselshell","-108.395,46.4968","0.0","0.0","0.43606200699121134","0.3066","0.5","0.43215267570306487","0.39437448561081473","0.1317365269461078","0.6915204375207985","0.27405160595966327","0.42671736134467425","0.3572003113827552"
"0.3011914301854103","4","8","South Dakota, Perkins","-102.4756,45.4905","0.0","0.0","0.3074308625291186","0.3954","0.5","1.0","0.35614123504155004","0.11377245508982038","0.667774075480636","0.2877590115364197","0.13661523764008388","0.0"
"0.300966520968926","4","8","Missouri, Osage","-91.8614,38.4604","0.0","0.0","0.5072048760873028","0.1691","0.75","0.6713285985896172","0.17212500858575988","0.407185628742515","0.5517358041566147","0.3912420467517825","0.1421595491979836","0.0"
"0.300648387688328","6","6","Utah, Summit","-110.9536,40.8669","0.5278164206244836","0.0625","0.5410111150479935","0.1235","0.42500000000000004","0.04550202230851092","0.302187165985303","0.2275449101796407","0.39950476257029566","0.0","0.05299784382501059","0.5801319492522738"
"0.3005355731816414","5","6","Nebraska, Cedar","-97.2531,42.5989","0.4278340945753611","0.333333333333333","0.4340284709334946","0.0156","0.32499999999999996","0.25083837871869175","0.19806864961930717","0.3053892215568862","0.6388951207196634","0.2702516581040546","0.08237126201335127","0.0"
"0.3003503905956132","1","10","Montana, Teton","-112.2411,47.8374","0.0","0.0","0.3795626974011582","0.7383","0.5","0.43215267570306487","0.26616400365816245","0.17365269461077848","0.6644904259777605","0.21499441488766777","0.21810225353774143","0.33392143333766117"
"0.3000441028444669","3","10","Alaska, Wrangell City and Borough","-132.0584,56.3202","0.0","0.0","0.2457163900097439","0.8052","0.32499999999999996","0.31754265337554405","0.5488007989934198","0.0","0.6561524538860896","0.49720967145161277","0.3549293178394263","0.0"
"0.30001228004661856","3","10","Alaska, North Slope","-153.4836,69.3148","0.0","0.0","0.2757633226488363","0.9924","0.07500000000000001","0.31754265337554405","0.7622222059086202","0.0","0.19428309279710032","0.47230467191839215","0.37908676185099927","0.5631015841664804"
"0.2994153193891219","6","3","Utah, Juab","-112.7809,39.7021","0.3188400828043316","0.125","0.40746678767718075","0.1722","0.675","0.04550202230851092","0.2803286397270119","0.16167664670658685","0.41269877075759065","0.20566664942570875","0.287813935529847","0.46947566644151556"
"0.29870398359604855","4","8","Arkansas, Newton","-93.2161,35.9195","0.0","0.0","0.4306280352013126","0.1506","0.5","0.5574725952297617","0.31487986838695714","0.3532934131736527","0.6960934005090119","0.3775047631084895","0.3533277193414213","0.0"
"0.29850992674629856","4","8","Michigan, Presque Isle","-83.915,45.3402","0.0","0.0","0.4643876096107282","0.072","0.675","0.41517557433580937","0.30382734424182395","0.251497005988024","0.7688100584458099","0.3922250293819483","0.3884514623245875","0.0"
"0.29810689612111263","4","8","Wisconsin, Taylor","-90.5004,45.2118","0.0","0.0","0.4790951470651023","0.2063","0.675","0.5349291819271391","0.1991929412108434","0.25748502994011974","0.5837920978957992","0.2924377810989052","0.22826581545210703","0.539676413847783"
"0.29777701996522005","4","8","Minnesota, Big Stone","-96.414,45.4271","0.0","0.0","0.47910799253172776","0.4804","0.32499999999999996","0.7794980274392814","0.238688611131351","0.17365269461077848","0.7094849659803716","0.25729980086798926","0.12514619854710407","0.3078689169132937"
"0.29755850155462127","4","8","South Dakota, Hyde","-99.4857,44.5475","0.0","0.0","0.34684037235234044","0.1659","0.5","1.0","0.4993884223598527","0.155688622754491","0.7167219274997747","0.21979917642897345","0.11514274803733335","0.0"
"0.2974551813603726","4","8","Idaho, Butte","-113.1735,43.7259","0.0","0.0","0.4124908481355048","0.3365","0.5","0.48916979685071754","0.3061738218108391","0.16766467065868262","0.6510586369018438","0.28341669700204275","0.39296280098552083","0.3575049893190109"
"0.2973973670082862","4","8","Washington, Columbia","-117.9052,46.2944","0.0","0.0","0.46447984252639435","0.2372","0.5","0.5051412015799757","0.36137367913956203","0.24550898203592814","0.734905621980166","0.35225731509141855","0.14639874691631127","0.34040339666764197"
"0.29659026462602556","4","8","Texas, Kent","-100.7781,33.181","0.0","0.0","0.3122882287836773","0.2818","0.5","0.7194085185102618","0.4217357141737276","0.24550898203592814","0.7737628463865508","0.22269873470330698","0.23017528323186687","0.0"
"0.2965292073621871","4","8","Wisconsin, Washburn","-91.7905,45.8984","0.0","0.0","0.5069110373287185","0.0751","0.675","0.5349291819271391","0.2990913655103166","0.2095808383233533","0.7006109322771243","0.3150533351288265","0.17875372528492142","0.423169352493877"
"0.296133641155569","3","10","Alaska, Kusilvak","-163.3968,62.1543","0.0","0.0","0.215731106919958","0.6804","0.25","0.31754265337554405","0.6953577386320158","0.0","0.14451703670035246","0.6289877273417979","0.7691342514749446","0.0"
"0.29530692262248553","4","8","Kansas, Greenwood","-96.2325,37.8774","0.0","0.0","0.4138358424583703","0.1821","0.32499999999999996","0.535277945802919","0.3595997729806269","0.3532934131736527","0.6976053368935816","0.43487235098168747","0.19487846975160086","0.38974680147726054"
"0.2946522647571582","4","8","Nebraska, Box Butte","-103.0879,42.2208","0.0","0.0","0.46019051900304914","0.4744","0.575","0.25083837871869175","0.4842422991119637","0.10179640718562875","0.5627304600978258","0.32755960386062966","0.21598628806899955","0.4608187068353796"
"0.2944465178267817","4","8","Oregon, Wheeler","-120.0281,44.727","0.0","0.0","0.3186081352520153","0.1726","0.5","0.5704827129810713","0.3369577773154066","0.16766467065868262","0.8188875995650027","0.36678874959922325","0.42859182746336905","0.0"
"0.2943562527843056","4","8","West Virginia, Calhoun","-81.1193,38.8432","0.0","0.0","0.3654405884317082","0.1993","0.32499999999999996","0.42782761630184035","0.15018260357954455","0.40119760479041916","0.6661358670949733","0.4146394044951729","0.5557141059479691","0.34803073832438575"
"0.29432953160801717","1","8","North Dakota, Barnes","-98.0661,46.9358","0.0","0.0","0.47551629669086076","0.5798","0.675","0.08543591436610563","0.41053910709197505","0.16167664670658685","0.6406572602088578","0.31994602102649927","0.10146993654041403","0.45815592493783047"
"0.2941843253509003","1","8","Wyoming, Sheridan","-106.8862,44.7905","0.0","0.0","0.512424954263728","0.3664","0.675","0.3940368977735158","0.36237780691816984","0.16167664670658685","0.6114115319998742","0.27018415582569644","0.10735348565071177","0.43287717549594257"
"0.29416677967798227","4","8","Missouri, Clark","-91.7366,40.4104","0.0","0.0","0.45783558623585086","0.2986","0.32499999999999996","0.6713285985896172","0.1397388133357977","0.4251497005988024","0.626321192473144","0.3790293280005998","0.35408152674096627","0.0"
"0.29342257739323474","1","10","Wyoming, Weston","-104.5675,43.8396","0.0","0.0","0.43889955402813485","0.6581","0.32499999999999996","0.3940368977735158","0.3667065116194056","0.06586826347305387","0.5978576089534523","0.2891807319109499","0.2833279094888535","0.49760948033613583"
"0.29337215659473054","4","8","Oklahoma, Grant","-97.7864,36.7963","0.0","0.0","0.4039858006304829","0.0277","0.5","0.6933119590201189","0.49482712024307596","0.34730538922155696","0.6317620454190964","0.37809343829946773","0.1901662046003325","0.0"
"0.2932995961681298","4","8","Kansas, Graham","-99.8833,39.3499","0.0","0.0","0.43682636009387155","0.0484","0.5","0.535277945802919","0.45003288830432003","0.2275449101796407","0.7280164829849926","0.4055979988469433","0.19444088843178145","0.28021495491430604"
"0.29329937821783547","3","10","Alaska, Ketchikan Gateway","-130.9756,55.5745","0.0","0.0","0.2819839284812098","0.9242","0.25","0.31754265337554405","0.597320779930081","0.0","0.4886637078344629","0.3613009471385016","0.2465204533841459","0.39741951515799634"
"0.2932588281769763","4","8","Montana, Valley","-106.667,48.3644","0.0","0.0","0.4217451995527086","0.1","0.675","0.43215267570306487","0.49569098085835084","0.16167664670658685","0.6493451083308717","0.3293176659002358","0.19325180085968444","0.4151105486014017"
"0.2927792576839053","4","8","Arizona, Greenlee","-109.2405,33.215","0.0","0.0","0.3683664788713534","0.3537","0.575","0.6267102942890856","0.5366121047834547","0.16167664670658685","0.43472072581226856","0.2859295294197406","0.3170249411663256","0.0"
"0.29163513740870567","5","6","North Dakota, McHenry","-100.6325,48.231","0.39317649803954785","0.5","0.3983324640879447","0.0379","0.5","0.08543591436610563","0.2747752083693271","0.1317365269461078","0.6170727822364962","0.3010786146595946","0.06616646184437439","0.0"
"0.2916327482878994","4","8","Montana, Wibaux","-104.2511,46.9593","0.0","0.0","0.38554520097598927","0.0697","0.5","0.43215267570306487","0.8007650530499731","0.1377245508982036","0.6353456481032828","0.2942500904843766","0.3899261343838515","0.0"
"0.29125091539853704","4","8","Missouri, Chariton","-92.9629,39.515","0.0","0.0","0.43160649473102636","0.1767","0.32499999999999996","0.6713285985896172","0.3562569659702537","0.38323353293413176","0.6758588134982833","0.3695074884972254","0.25114454826117444","0.0"
"0.29091049771163696","4","8","Texas, Reagan","-101.5233,31.3661","0.0","0.0","0.44428341302095975","0.0659","0.32499999999999996","0.7194085185102618","0.45296107168821026","0.251497005988024","0.3335641371157166","0.2353795215940718","0.5646926981327158","0.4873897106910022"
"0.29089989627953766","4","8","Illinois, Gallatin","-88.2295,37.7643","0.0","0.0","0.46562285669599834","0.1608","0.5","0.42780561490378566","0.24028301133413657","0.502994011976048","0.6790442329554586","0.34079956834377223","0.3188994072850205","0.0"
"0.2908676865505616","4","8","Kansas, Republic","-97.6504,39.828","0.0","0.0","0.4362303300917216","0.2092","0.675","0.535277945802919","0.22662605384013115","0.29940119760479045","0.734905621980166","0.3095469691849579","0.08790067667052089","0.24351457341362562"
"0.2908389659615069","4","8","Illinois, Hamilton","-88.5388,38.0816","0.0","0.0","0.48550932884697034","0.1114","0.5","0.42780561490378566","0.2421222166494091","0.4970059880239522","0.6371246099900815","0.3450104171105344","0.17620780861624627","0.42660218075571177"
"0.2905060489298693","4","8","Kansas, Kingman","-98.1364,37.5591","0.0","0.0","0.48724139495448127","0.0312","0.575","0.535277945802919","0.2670386232466241","0.3233532934131737","0.6476236650502001","0.4487994941651175","0.10929843954359289","0.41298551089451613"
"0.2903686763381231","1","8","Wyoming, Johnson","-106.5845,44.0406","0.0","0.0","0.4417842448229566","0.4142","0.675","0.3940368977735158","0.36492441408651505","0.07185628742514971","0.6510586369018438","0.2212512000654948","0.17999113694963073","0.43101127240286424"
"0.28989549030187745","4","8","Iowa, Kossuth","-94.2069,43.2041","0.0","0.0","0.5611829543032796","0.0968","0.575","0.5306255646958271","0.2703893760055397","0.3173652694610779","0.6661358670949733","0.27491592152284333","0.08082416437167599","0.5009090226365016"
"0.28931941760817004","3","10","Alaska, Kodiak Island","-153.7494,57.6553","0.0","0.0","0.2770464177939135","0.9535","0.32499999999999996","0.31754265337554405","0.5963266705028962","0.0","0.32546182219766456","0.2667222778584374","0.311270619642036","0.48724451746326763"
"0.28924470194364477","4","8","Kansas, Stafford","-98.7176,38.031","0.0","0.0","0.4081918254811102","0.0605","0.5","0.535277945802919","0.31681161038615596","0.2874251497005988","0.6299572389493907","0.40586511866059866","0.29954566875033534","0.34396843312890213"
"0.28873137319223413","4","8","Alaska, Matanuska-Susitna","-149.5742,62.3131","0.0","0.0","0.443196969653076","0.262","0.675","0.31754265337554405","0.5480113140024907","0.0","0.38582646381517377","0.32402855163405947","0.34809200374336113","0.6108884173584427"
"0.2883686686605432","4","8","South Dakota, Jones","-100.694,43.9628","0.0","0.0","0.33032036625324757","0.0131","0.5","1.0","0.39011028267448505","0.1317365269461078","0.6945753055071017","0.27696271798199273","0.26780315889385553","0.0"
"0.2873402001597166","1","8","Montana, Dawson","-104.8944,47.2658","0.0","0.0","0.46777788699399","0.5285","0.675","0.43215267570306487","0.3588759241322231","0.155688622754491","0.5775976316230177","0.22110244629691778","0.0409665981207378","0.26818143274403217"
"0.2871728338153918","1","8","Montana, Richland","-104.5611,47.7867","0.0","0.0","0.49848414001280833","0.5167","0.575","0.43215267570306487","0.3722736906496045","0.19161676646706588","0.49129758316188105","0.26395828402060156","0.1126926317627842","0.2709693018291751"
"0.28651631204463734","3","10","Alaska, Lake and Peninsula","-156.2141,58.624","0.0","0.0","0.16447092690359916","0.7195","0.0","0.31754265337554405","0.7419046620733555","0.0","0.272758857225477","0.5674450630482067","0.7978317379317846","0.0"
"0.2863899740121994","4","8","Kansas, Wichita","-101.3472,38.4818","0.0","0.0","0.45760372119524767","0.2872","0.5","0.535277945802919","0.36266677450395857","0.2275449101796407","0.6424111072462477","0.3090360845744775","0.1526216546920211","0.21102495391596074"
"0.28576012748952545","4","8","South Dakota, Faulk","-99.1454,45.0708","0.0","0.0","0.3348270785037773","0.1827","0.32499999999999996","1.0","0.24424242201508917","0.14970059880239522","0.7080205562076126","0.3106880367826303","0.1355852925684691","0.3624752174781892"
"0.2856632836436438","4","8","Idaho, Valley","-115.5677,44.7673","0.0","0.0","0.42709844567030397","0.2448","0.675","0.48916979685071754","0.26920081065141416","0.21556886227544908","0.6774549264631455","0.16279520103643078","0.17777210430591892","0.4638617965843345"
"0.2851493672750052","4","8","South Dakota, Potter","-99.955,45.0658","0.0","0.0","0.37630516548548404","0.1611","0.25","1.0","0.3623057229943854","0.14371257485029942","0.743007936898218","0.21459806752103944","0.09268718409941151","0.44130087817745506"
"0.28490518863131","4","8","Washington, Lincoln","-118.4194,47.5771","0.0","0.0","0.45809237500258626","0.0863","0.5","0.5051412015799757","0.34923465324135794","0.34730538922155696","0.7050743605672205","0.2750511081041001","0.18038136308095035","0.309468814187254"
"0.28480175315686884","4","8","Colorado, Kiowa","-102.7392,38.4326","0.0","0.0","0.38553661137871786","0.2085","0.5","0.903104230085054","0.2626393662000839","0.16766467065868262","0.613308186513927","0.2777070401887064","0.16978070429882164","0.14356221027373461"
"0.284648858666046","3","10","Alaska, Aleutians West","-173.867,53.0246","0.0","0.0","0.2646048845211552","0.9955","0.5","0.31754265337554405","0.7614430915475634","0.0","0.15759528411403123","0.32317577967875205","0.2382490400885288","0.0"
"0.2842130217520433","4","8","Nebraska, Kimball","-103.7148,41.1977","0.0","0.0","0.4123595687579835","0.2423","0.5","0.25083837871869175","0.3104612121552355","0.10778443113772454","0.6930510015104033","0.39517778494553857","0.43230709028284864","0.4167666087842323"
"0.28363135322725486","4","8","Wyoming, Niobrara","-104.4759,43.0561","0.0","0.0","0.4024315118933903","0.4833","0.5","0.3940368977735158","0.36491764624444134","0.017964071856287414","0.6017807168377609","0.23418426061685602","0.4067808269863049","0.27999196626425743"
"0.28318727879910843","4","8","Colorado, Grand","-106.1178,40.106","0.0","0.0","0.4944108442842812","0.4104","0.25","0.903104230085054","0.3335706686895883","0.06586826347305387","0.5380992168517501","0.11313909342975008","0.21316520263236716","0.43616693108602017"
"0.2825669908100658","1","8","Wyoming, Converse","-105.5082,42.9727","0.0","0.0","0.4541780857805233","0.4155","0.675","0.3940368977735158","0.3063371589787188","0.023952095808383228","0.5239446622367122","0.3070954313905185","0.18707200931698195","0.4899420876809373"
"0.28251683368949665","4","8","Kansas, Barber","-98.6846,37.2289","0.0","0.0","0.42296903039236583","0.2365","0.32499999999999996","0.535277945802919","0.3631613587898273","0.2874251497005988","0.6458942336050534","0.3278452636280116","0.23196436467564543","0.3108461490485734"
"0.28234296898236516","4","8","Texas, Armstrong","-101.3575,34.9651","0.0","0.0","0.4369701263242533","0.2735","0.5","0.7194085185102618","0.37544325743795776","0.2275449101796407","0.6353456481032828","0.2331271091617239","0.12794754256244376","0.0"
"0.2822228085623065","4","8","South Dakota, Deuel","-96.6694,44.7599","0.0","0.0","0.3968974630203304","0.0748","0.32499999999999996","1.0","0.2839021557358738","0.16167664670658685","0.6406572602088578","0.2733746798441099","0.1406651357174269","0.4616235315912907"
"0.28195296190506897","1","8","Idaho, Lincoln","-114.1359,43.0012","0.0","0.0","0.4512102316664093","0.2856","0.5","0.48916979685071754","0.29158693156275534","0.21556886227544908","0.4407808887294848","0.2787927144547212","0.5717025982738247","0.0"
"0.28158957934740947","3","10","Alaska, Hoonah-Angoon","-135.6424,58.2931","0.0","0.0","0.14689983636744924","0.7794","0.07500000000000001","0.31754265337554405","0.7557650519103664","0.0","0.6095051758860066","0.37813707185464357","0.4576199524486084","0.0"
"0.2814525115565814","4","8","South Dakota, Kingsbury","-97.4914,44.3696","0.0","0.0","0.41607991183068327","0.0669","0.32499999999999996","1.0","0.2875838231612922","0.19161676646706588","0.6611775880966219","0.23610876063900477","0.0635985026071393","0.5401820833109219"
"0.28136015927139973","4","8","Wisconsin, Florence","-88.398,45.8496","0.0","0.0","0.4404843614826558","0.2935","0.5","0.5349291819271391","0.2694854913054619","0.21556886227544908","0.7021046890169179","0.38872547140062397","0.17220393348424826","0.0"
"0.2810718374480736","4","8","Montana, Park","-110.5264,45.4897","0.0","0.0","0.48857622060433686","0.2557","0.675","0.43215267570306487","0.26106183635217045","0.14371257485029942","0.6371246099900815","0.21339549748865877","0.1490850335682886","0.5151790390880391"
"0.2809575743725594","3","10","Alaska, Sitka City and Borough","-135.3207,57.2412","0.0","0.0","0.29023497452933467","0.9417","0.25","0.31754265337554405","0.6104900350612611","0.0","0.49908933331939354","0.23289575025428225","0.20066851961503984","0.33869682700427417"
"0.28091509699516753","4","8","Wisconsin, Bayfield","-91.1972,46.5287","0.0","0.0","0.46001743508366033","0.0732","0.575","0.5349291819271391","0.5310313266942289","0.19161676646706588","0.7167219274997747","0.2742146117474638","0.15470746302026062","0.0"
"0.28077384067260747","4","8","Washington, San Juan","-122.9674,48.6018","0.0","0.0","0.417092000361189","0.2343","0.575","0.5051412015799757","0.31641171728769224","0.25748502994011974","0.7929409322173139","0.08116271445865673","0.07112167970185851","0.5180354657215762"
"0.28041879778003315","4","8","Texas, Jeff Davis","-104.14,30.7149","0.0","0.0","0.26862677034336396","0.1522","0.5","0.7194085185102618","0.3366728675158105","0.155688622754491","0.7894194086217464","0.17918807072882642","0.40403071377591504","0.0"
"0.27954786022255046","4","8","Hawaii, Kauai","-159.5967,22.0394","0.0","0.0","0.6109794820847115","0.397","0.575","0.5641884335623826","0.2367551909675368","0.0","0.595880459448231","0.18243837093030849","0.10042800128040678","0.46335662901660674"
"0.2795420580097054","4","8","Kansas, Clay","-97.1652,39.3495","0.0","0.0","0.4829413253601903","0.0532","0.575","0.535277945802919","0.29122321784826855","0.3173652694610779","0.667774075480636","0.27721403151412394","0.08224615226982139","0.4240674147685593"
"0.27907622545584887","4","8","New Mexico, Mora","-104.9498,36.011","0.0","0.0","0.34386588366370546","0.4785","0.5","0.2328984071594001","0.3594888450691724","0.0778443113772455","0.7050743605672205","0.34891035203583437","0.44187065832553263","0.0"
"0.27891762973588113","4","8","Washington, Skamania","-121.9164,46.0241","0.0","0.0","0.44588783059525605","0.4069","0.5","0.5051412015799757","0.36193547393974945","0.19161676646706588","0.6037268925796017","0.29204740400739576","0.17921480252946953","0.0"
"0.2781606022633857","4","8","Montana, Treasure","-107.2667,46.2097","0.0","0.0","0.2241145925430162","0.0729","0.5","0.43215267570306487","0.901342555714668","0.155688622754491","0.6806267907799217","0.3418245433005952","0.16835774749656376","0.0"
"0.2781082070122777","4","8","Utah, Duchesne","-110.4252,40.2977","0.0","0.0","0.4500512496336047","0.3808","0.675","0.04550202230851092","0.39055431843596733","0.19161676646706588","0.39950476257029566","0.25437291903984677","0.46199346449953493","0.4539141693972892"
"0.27731253833750036","4","8","Iowa, Pocahontas","-94.6786,42.7342","0.0","0.0","0.5479596485767441","0.077","0.32499999999999996","0.5306255646958271","0.2861243911760402","0.32934131736526945","0.6644904259777605","0.35341674908484894","0.15096385975548982","0.40296954517354855"
"0.2772996957247135","4","8","Oklahoma, Cimarron","-102.5174,36.7482","0.0","0.0","0.3852748507427376","0.0946","0.32499999999999996","0.6933119590201189","0.3247202758003614","0.155688622754491","0.6930510015104033","0.2939993591302829","0.3695127780891056","0.262174699022836"
"0.27688880890746764","4","8","Montana, Madison","-111.9173,45.3008","0.0","0.0","0.3932853683724185","0.3954","0.5","0.43215267570306487","0.25061176380776234","0.2275449101796407","0.7416697243018653","0.16861608626307137","0.1203529087894258","0.46295334785219394"
"0.2766448690327592","4","8","Kansas, Decatur","-100.4594,39.7847","0.0","0.0","0.4230480895301988","0.0583","0.5","0.535277945802919","0.27011672615981674","0.21556886227544908","0.7403266893073597","0.3672231939570267","0.25438347359633345","0.18763176456077318"
"0.27640343419444796","4","8","Iowa, Hancock","-93.7345,43.0818","0.0","0.0","0.5353741320422327","0.1162","0.575","0.5306255646958271","0.2215984389475736","0.3233532934131737","0.6458942336050534","0.23072785505015567","0.04620461486606535","0.4601295896210362"
"0.27639601429993116","4","8","West Virginia, Wirt","-81.3747,39.0278","0.0","0.0","0.25637960458308084","0.1388","0.5","0.42782761630184035","0.14460847425046877","0.4131736526946108","0.5998243249034969","0.512738838846073","0.4615976671695683","0.0"
"0.27616962418189256","4","8","Tennessee, Moore","-86.3623,35.2772","0.0","0.0","0.514053617056198","0.107","0.575","0.26145055415676854","0.3455172362195621","0.43113772455089816","0.6441567395133083","0.31939794570791624","0.254406485069006","0.0"
"0.27593459649125723","4","8","Texas, Edwards","-100.3043,29.982","0.0","0.0","0.0","0.1812","0.5","0.7194085185102618","0.35595074099089086","0.25748502994011974","0.7403266893073597","0.2879348500116525","0.4068766273804309","0.0"
"0.27587406024993555","4","8","South Dakota, Harding","-103.4959,45.5802","0.0","0.0","0.281152874817153","0.3025","0.32499999999999996","1.0","0.42154443686104126","0.11377245508982038","0.5755097168756041","0.3441086620487896","0.08483760743178523","0.0"
"0.27534671161370367","4","8","Idaho, Adams","-116.4545,44.8933","0.0","0.0","0.42601676099954666","0.1137","0.5","0.48916979685071754","0.2569562249886205","0.21556886227544908","0.7456700325571273","0.25916877796048127","0.43558343953935397","0.0"
"0.2746558526712947","3","10","Alaska, Petersburg","-132.9541,57.1398","0.0","0.0","0.384357212932159","0.93","0.07500000000000001","0.31754265337554405","0.6509811647744406","0.0","0.6458942336050534","0.2500677211912151","0.1793551725127717","0.0"
"0.27429994348764614","4","8","New Mexico, De Baca","-104.4118,34.3427","0.0","0.0","0.40509235367981494","0.2668","0.5","0.2328984071594001","0.3301274510517601","0.17365269461077848","0.6353456481032828","0.5161619385752194","0.36867080041532074","0.0"
"0.27415679068098053","4","8","Idaho, Franklin","-111.815,42.1833","0.0","0.0","0.5008272340202747","0.0583","0.675","0.48916979685071754","0.22715168098866106","0.17365269461077848","0.4752076683887773","0.292678588434488","0.2758483330791979","0.518247774278723"
"0.27337632538718754","4","8","South Dakota, Hamlin","-97.1883,44.6739","0.0","0.0","0.3925542347546709","0.2273","0.5","1.0","0.2692311288952635","0.16167664670658685","0.5380992168517501","0.20974837119336667","0.11859446893820583","0.0"
"0.27304149572035497","4","8","Virginia, Highland","-79.5612,38.358","0.0","0.0","0.3889143319587726","0.056","0.5","0.5881367906958894","0.23223654181213205","0.281437125748503","0.8461955486466325","0.2854989371198352","0.23459942052267294","0.0"
"0.2729045909367491","4","8","Oklahoma, Harper","-99.668,36.7884","0.0","0.0","0.41261763268935336","0.0961","0.32499999999999996","0.6933119590201189","0.2632065361831997","0.2634730538922156","0.5691748594129424","0.2788415059970427","0.3434962493116239","0.33217118040573385"
"0.2729031496834963","4","8","Kansas, Lincoln","-98.2076,39.0455","0.0","0.0","0.40496210236761676","0.1146","0.5","0.535277945802919","0.27296673429870394","0.281437125748503","0.6694051144412375","0.23063718184531967","0.2142124668649933","0.37558139934882157"
"0.2726127491182107","4","8","Iowa, Ringgold","-94.2437,40.7352","0.0","0.0","0.5206163740182993","0.142","0.32499999999999996","0.5306255646958271","0.21272680996390844","0.3532934131736527","0.6884403224054082","0.29698790969497485","0.1277712020139641","0.4203955360231974"
"0.2721929637551361","4","8","Kansas, Hodgeman","-99.8983,38.0878","0.0","0.0","0.4086530772001716","0.0576","0.5","0.535277945802919","0.32928307052091843","0.251497005988024","0.6694051144412375","0.35683190035305495","0.19903858067174363","0.18965070392226283"
"0.2721621512339539","4","8","South Dakota, Miner","-97.6099,44.022","0.0","0.0","0.37739845316095555","0.092","0.32499999999999996","1.0","0.3275431097254123","0.2095808383233533","0.6388951207196634","0.25717392772663045","0.1744354407684088","0.0"
"0.2716988149898648","4","8","Texas, Lipscomb","-100.2733,36.2778","0.0","0.0","0.3742211872759249","0.0965","0.32499999999999996","0.7194085185102618","0.4064545293318838","0.23952095808383234","0.5191044408593759","0.21992206175706003","0.49610349155497124","0.0"
"0.27038387931492314","4","8","Montana, Sheridan","-104.5038,48.7209","0.0","0.0","0.429141733902015","0.34","0.5","0.43215267570306487","0.3590349886061759","0.19161676646706588","0.6527643232093532","0.26494950427272346","0.13406932097140872","0.1521383566094638"
"0.26997016323269096","4","8","Kansas, Greeley","-101.8061,38.4808","0.0","0.0","0.40760001132105905","0.4855","0.32499999999999996","0.535277945802919","0.2029117291663249","0.21556886227544908","0.6226493223021841","0.3179917037486186","0.20848466909078403","0.1072855934025971"
"0.26956744019912593","4","8","South Dakota, Edmunds","-99.2155,45.4185","0.0","0.0","0.38340483617543974","0.1041","0.32499999999999996","1.0","0.25018032210899555","0.16167664670658685","0.6189409155096902","0.2425390914414071","0.07113463879436355","0.4252331035051835"
"0.26938740371857955","4","8","Louisiana, Cameron","-93.1931,29.8759","0.0","0.0","0.2061669979976851","0.227","0.5","0.17214552458425092","0.4620881674321776","0.3652694610778443","0.5287228277828","0.447282473629283","0.29664222646413824","0.32404973502813034"
"0.2693565434009636","4","8","Idaho, Custer","-114.2855,44.2419","0.0","0.0","0.3347827501005115","0.226","0.5","0.48916979685071754","0.2593743743302058","0.17365269461077848","0.7700544395940567","0.21275561935442924","0.4011671176713456","0.0"
"0.26906937347393467","4","8","Utah, Garfield","-111.4419,37.8545","0.0","0.0","0.3462973151526828","0.3696","0.675","0.04550202230851092","0.34942273266528423","0.08982035928143713","0.6299572389493907","0.23148609860623162","0.4107271734366218","0.4311084560480486"
"0.2690466847765431","4","8","Texas, King","-100.2558,33.6164","0.0","0.0","0.29419965075722804","0.0118","0.25","0.7194085185102618","0.8212870261637237","0.251497005988024","0.49908933331939354","0.25308004146641433","0.262721983501743","0.0"
"0.2682463115625801","3","10","Alaska, Bristol Bay","-156.7011,58.7451","0.0","0.0","0.2787665606745943","0.887","0.07500000000000001","0.31754265337554405","0.6604063558860104","0.0","0.3453966168814669","0.46559823021059027","0.3233684775040449","0.0"
"0.26823647095427927","4","8","Nebraska, Pawnee","-96.2371,40.1314","0.0","0.0","0.4067901947994684","0.3212","0.32499999999999996","0.25083837871869175","0.145630081645615","0.34131736526946105","0.736268299211825","0.27346657930920526","0.3583216933634066","0.388246589221637"
"0.26790827180946003","4","8","Kansas, Comanche","-99.2711,37.1911","0.0","0.0","0.37308717625356014","0.1398","0.5","0.535277945802919","0.2712009460820062","0.251497005988024","0.712396635537302","0.29423617071913044","0.10784859565221237","0.3270178431661918"
"0.26759068140495146","4","8","Kansas, Lane","-100.4661,38.4812","0.0","0.0","0.41099446607698314","0.0025","0.5","0.535277945802919","0.39622016504602303","0.23952095808383234","0.5978576089534523","0.3395309244577801","0.18797781354917936","0.2700072711834472"
"0.2669493802141752","4","8","Kansas, Ottawa","-97.6502,39.1324","0.0","0.0","0.37709348387708114","0.0239","0.5","0.535277945802919","0.3383472428816055","0.311377245508982","0.6056629582719985","0.3682149176339658","0.11675597338468849","0.3204749706318986"
"0.266270000418269","4","8","Kansas, Thomas","-101.0554,39.3511","0.0","0.0","0.3863304912180134","0.0952","0.675","0.535277945802919","0.3494836182831728","0.21556886227544908","0.5334405085950897","0.261058722037693","0.14485879494246587","0.264312124147119"
"0.266248402443777","4","8","Kansas, Nemaha","-96.0139,39.7835","0.0","0.0","0.4554782513020492","0.2041","0.32499999999999996","0.535277945802919","0.27367349333159363","0.3712574850299401","0.6114115319998742","0.2884590470707458","0.07818862407259225","0.37051730387499826"
"0.26605031753996217","4","8","Texas, Irion","-100.9824,31.3038","0.0","0.0","0.4212748482197578","0.0694","0.32499999999999996","0.7194085185102618","0.37482219762279634","0.25748502994011974","0.5998243249034969","0.21013129331257951","0.3482827567405145","0.0"
"0.26583436824581136","4","8","Montana, Carbon","-109.0274,45.2285","0.0","0.0","0.4312517436261134","0.022","0.675","0.43215267570306487","0.31983766362397276","0.14371257485029942","0.6899835619092616","0.21784946739626534","0.10454208925520463","0.5731996534169204"
"0.26494680793973285","4","8","Montana, Granite","-113.4414,46.4061","0.0","0.0","0.4156658939414778","0.1299","0.5","0.43215267570306487","0.2706904599553141","0.22155688622754494","0.7522432506995606","0.2098045617461695","0.15792579914302854","0.44379114366099986"
"0.26390267973466464","4","8","Kansas, Rush","-99.3086,38.5228","0.0","0.0","0.44151415090505025","0.0258","0.32499999999999996","0.535277945802919","0.2926989993880234","0.2694610778443114","0.6884403224054082","0.3847310943847678","0.20491837527860537","0.2618830613484452"
"0.26388448583965857","4","8","Kansas, Logan","-101.1485,38.9174","0.0","0.0","0.3907486813282826","0.0993","0.675","0.535277945802919","0.2624937011755216","0.22155688622754494","0.6353456481032828","0.2805643848510468","0.1144003252611106","0.16773700049204898"
"0.26334946719251556","4","8","Iowa, Adams","-94.6993,41.029","0.0","0.0","0.5106272113156003","0.085","0.32499999999999996","0.5306255646958271","0.18888174650578687","0.34131736526946105","0.6644904259777605","0.348432533640269","0.12604243485119027","0.34290211530109915"
"0.2632646312945508","4","8","Colorado, Dolores","-108.5212,37.7521","0.0","0.0","0.4164653104597467","0.0446","0.32499999999999996","0.903104230085054","0.36249687575501194","0.08383233532934134","0.7109436441933698","0.25170508934735936","0.19266040601200154","0.0"
"0.26311191882763435","4","8","Wyoming, Platte","-104.9663,42.133","0.0","0.0","0.45668128733706265","0.036","0.675","0.3940368977735158","0.3063576191998722","0.035928143712574856","0.6774549264631455","0.32352136495758343","0.16764499740878708","0.43254749698577616"
"0.2622957500839634","4","8","Illinois, Calhoun","-90.6633,39.1684","0.0","0.0","0.39964600610897794","0.2378","0.5","0.42780561490378566","0.14462757775360122","0.4670658682634731","0.6694051144412375","0.245873225776998","0.18647346880146928","0.0"
"0.2622300701863315","4","8","Wyoming, Park","-109.5853,44.5216","0.0","0.0","0.46908284923654514","0.1684","0.575","0.3940368977735158","0.31309600548235594","0.1377245508982036","0.6441567395133083","0.2006222264682599","0.12632850379041347","0.498856208333084"
"0.26219217146566587","4","8","Oregon, Sherman","-120.6828,45.415","0.0","0.0","0.43581019396148823","0.0923","0.5","0.5704827129810713","0.3398838775752192","0.22155688622754494","0.712396635537302","0.21516364250744338","0.18980819453075432","0.0"
"0.26179564282748685","4","8","Kansas, Jewell","-98.2182,39.7847","0.0","0.0","0.394891410342362","0.0535","0.32499999999999996","0.535277945802919","0.21856035492624287","0.2754491017964072","0.7587025424966539","0.3482433094873097","0.2146280056162527","0.29638572975087724"
"0.2613102278874336","4","8","South Dakota, Jerauld","-98.6297,44.0664","0.0","0.0","0.29991820153150756","0.1407","0.25","1.0","0.13875978640447598","0.18562874251497005","0.7307874385574278","0.2601323288555605","0.10506880975337636","0.31076508195120367"
"0.2611142601863874","4","8","Illinois, Scott","-90.4781,39.6429","0.0","0.0","0.46255727945739655","0.0777","0.5","0.42780561490378566","0.1536053548899307","0.4550898203592814","0.6075890184122873","0.3505589980822131","0.2290221662249473","0.0"
"0.2598206570797777","4","8","Idaho, Bear Lake","-111.3289,42.2827","0.0","0.0","0.46625661175806776","0.1226","0.5","0.48916979685071754","0.24318514733123153","0.14371257485029942","0.6281436499318728","0.21930828574695269","0.22980431406978363","0.4111556659165911"
"0.25924506866085634","4","8","Kansas, Trego","-99.8728,38.9147","0.0","0.0","0.39005348416204655","0.0796","0.575","0.535277945802919","0.23115775506249367","0.23353293413173656","0.6899835619092616","0.3319033709659273","0.08294061429247412","0.18222738386769136"
"0.25857174787655035","4","8","Idaho, Oneida","-112.5408,42.1949","0.0","0.0","0.39344441934529156","0.0618","0.5","0.48916979685071754","0.2098185623675917","0.17964071856287425","0.6037268925796017","0.2343537155121498","0.3331492011809488","0.4540870841154085"
"0.25842666402023895","4","8","South Dakota, Hand","-99.0039,44.5471","0.0","0.0","0.40062653050265523","0.1665","0.25","1.0","0.10149747701116923","0.16167664670658685","0.6868906660868291","0.21588012140221205","0.03990068248394556","0.4147223521191779"
"0.25807222942105107","4","8","Nebraska, Cherry","-101.1244,42.545","0.0","0.0","0.3656760723772958","0.2929","0.575","0.25083837871869175","0.43322784413572035","0.11976047904191617","0.6388951207196634","0.2214641859573168","0.13633776772485937","0.3836060381753494"
"0.2580317850652874","4","8","South Dakota, Sully","-100.1278,44.7157","0.0","0.0","0.25208088121115546","0.0573","0.5","1.0","0.35920978903627365","0.14371257485029942","0.6628376879802886","0.21753382387177644","0.032722556366299525","0.0"
"0.2564630560118889","4","8","Kansas, Smith","-98.7857,39.7852","0.0","0.0","0.41309788947650783","0.0223","0.5","0.535277945802919","0.12431237532957123","0.25748502994011974","0.736268299211825","0.3283144938172155","0.17223457507680687","0.23299518298729163"
"0.2561994645055254","4","8","Nebraska, Hooker","-101.1354,41.9159","0.0","0.0","0.3431487542604801","0.1557","0.32499999999999996","0.25083837871869175","0.7096731799517556","0.1377245508982036","0.8021721609862106","0.24272621222829266","0.23551006927543292","0.0"
"0.25583536776715937","4","8","Iowa, Taylor","-94.6978,40.7371","0.0","0.0","0.5180172164364542","0.1417","0.32499999999999996","0.5306255646958271","0.14631441046662438","0.3592814371257485","0.6527643232093532","0.32245190462952034","0.20178724052596478","0.0"
"0.25550469785034435","4","8","Kansas, Ness","-99.9155,38.4797","0.0","0.0","0.43574455381260524","0.0544","0.32499999999999996","0.535277945802919","0.3536104548448512","0.24550898203592814","0.6960934005090119","0.3754714286377099","0.11536365817498916","0.11467659862257942"
"0.25549261282917074","4","8","Texas, Glasscock","-101.5208,31.8694","0.0","0.0","0.4157934658354079","0.0774","0.32499999999999996","0.7194085185102618","0.31450744446884804","0.251497005988024","0.43165328621112686","0.2668418660238179","0.39155607332714776","0.0"
"0.25529833236782074","4","8","Colorado, Jackson","-106.3409,40.6659","0.0","0.0","0.3540580506403684","0.0102","0.5","0.903104230085054","0.1979680464184538","0.023952095808383228","0.6578350382684304","0.26746243993585467","0.2766492534412144","0.0"
"0.25525947221357337","4","8","Kansas, Rawlins","-101.0762,39.7853","0.0","0.0","0.3932886049057355","0.0621","0.5","0.535277945802919","0.2458450735729235","0.2035928143712575","0.7224119892866149","0.2715811747625566","0.11362532308410414","0.2860409537671114"
"0.2546294098900646","4","8","Kansas, Osborne","-98.7675,39.3503","0.0","0.0","0.4107435472400722","0.0264","0.32499999999999996","0.535277945802919","0.24873492654803664","0.25748502994011974","0.6915204375207985","0.3513298952651488","0.17575678375186563","0.321238115113693"
"0.2531793607814359","4","8","Nebraska, McPherson","-101.0599,41.568","0.0","0.0","0.2436728233451094","0.0643","0.5","0.25083837871869175","0.7022634418591894","0.155688622754491","0.6544622387094758","0.3603802501812461","0.23313625419974518","0.0"
"0.2530305236114335","4","8","Idaho, Boise","-115.7309,43.9883","0.0","0.0","0.410503025718609","0.0401","0.5","0.48916979685071754","0.29029030444235415","0.17365269461077848","0.6945753055071017","0.28513122153280585","0.27945919648055273","0.0"
"0.25293403151951227","4","8","Montana, Broadwater","-111.4956,46.3328","0.0","0.0","0.4468744903354778","0.0232","0.5","0.43215267570306487","0.3115271230393608","0.17964071856287425","0.6726459331898672","0.28840533389595446","0.14692352960625799","0.32061117932209154"
"0.25289002691977125","4","8","South Dakota, Hanson","-97.7872,43.6746","0.0","0.0","0.3736085526514273","0.0","0.5","1.0","0.189078795975668","0.2275449101796407","0.504194780386106","0.24046607836006773","0.12623221894423126","0.0"
"0.2528126406407436","4","8","North Dakota, Sheridan","-100.3426,47.577","0.0","0.0","0.34450058883170365","0.0592","0.5","0.08543591436610563","0.8138669789311705","0.10179640718562875","0.7443413616038496","0.30340725063969126","0.20760950645114523","0.0"
"0.2526429235721671","4","8","Washington, Garfield","-117.5454,46.432","0.0","0.0","0.45237661612742014","0.0201","0.5","0.5051412015799757","0.09535280114497434","0.2694610778443114","0.6510586369018438","0.30443978338700656","0.26264192779944556","0.19492899973422317"
"0.2522919316622728","4","8","Kansas, Washington","-97.0875,39.7842","0.0","0.0","0.3989227651467439","0.0735","0.32499999999999996","0.535277945802919","0.24011795169257405","0.3233532934131737","0.6899835619092616","0.25297995477766577","0.16923291013620248","0.29056152579973976"
"0.25149803683379024","4","8","North Dakota, Dickey","-98.5049,46.1102","0.0","0.0","0.4244429044898699","0.4438","0.5","0.08543591436610563","0.3073606394864853","0.16167664670658685","0.6388951207196634","0.31550508047803244","0.07098893983844251","0.3912404286743841"
"0.250640296173331","4","8","Texas, Borden","-101.4317,32.7436","0.0","0.0","0.27847950975506497","0.0073","0.5","0.7194085185102618","0.32280527183899793","0.24550898203592814","0.7167219274997747","0.2955674596095464","0.04721203291706386","0.0"
"0.2504882256510736","4","8","California, Sierra","-120.5201,39.5771","0.0","0.0","0.387654544801907","0.0882","0.32499999999999996","0.5528135213810501","0.37614512724355553","0.22155688622754494","0.7587025424966539","0.15302558656375617","0.1441518582793644","0.24770550728917495"
"0.24987666930926214","4","8","Kansas, Gove","-100.4829,38.9159","0.0","0.0","0.37859872528009947","0.0589","0.5","0.535277945802919","0.0699755918025763","0.23353293413173656","0.7266232409599707","0.3178745889634906","0.22318112778258667","0.15898842328479468"
"0.24987545596431196","4","8","Nebraska, Polk","-97.5663,41.1881","0.0","0.0","0.45014351809727066","0.2464","0.32499999999999996","0.25083837871869175","0.141298272637974","0.311377245508982","0.6388951207196634","0.3183514392845717","0.22720752993520096","0.42786338930308976"
"0.24974884356997895","4","8","Wyoming, Crook","-104.5698,44.5886","0.0","0.0","0.42297363338649463","0.1668","0.5","0.3940368977735158","0.37188626376610845","0.11377245508982038","0.5898852876912913","0.21764720986232283","0.10966553308922602","0.47038652793191554"
"0.24954414524008872","4","8","Montana, McCone","-105.7945,47.6447","0.0","0.0","0.33976095229674097","0.155","0.5","0.43215267570306487","0.3216516769388896","0.14970059880239522","0.712396635537302","0.2928812762981033","0.10015719258095589","0.2312016146873145"
"0.2485728257039009","4","8","Texas, Roberts","-100.8132,35.8381","0.0","0.0","0.3756835523680876","0.0022","0.5","0.7194085185102618","0.25059683266906163","0.2275449101796407","0.6644904259777605","0.18917161047207567","0.17806447112187349","0.0"
"0.2479968745490508","4","8","Nebraska, Brown","-99.929,42.4302","0.0","0.0","0.4161607849383822","0.1636","0.32499999999999996","0.25083837871869175","0.271076384765002","0.155688622754491","0.7238210337160854","0.3972975404299798","0.24034017738938718","0.3122760183022317"
"0.247314743424384","4","8","Nebraska, Dundy","-101.6877,40.1764","0.0","0.0","0.3372051558712599","0.0509","0.5","0.25083837871869175","0.3261716116707477","0.19161676646706588","0.6170727822364962","0.3022394341196216","0.3606188439011907","0.3095426396394512"
"0.2473010207733291","4","8","Utah, Daggett","-109.5121,40.888","0.0","0.0","0.28733132357491287","0.5578","0.5","0.04550202230851092","0.8385060756886434","0.08383233532934134","0.542700408721451","0.2146299280384452","0.020960666005308864","0.0"
"0.2468817060159607","4","8","Illinois, Jasper","-88.1544,39.0105","0.0","0.0","0.4791771972712875","0.163","0.32499999999999996","0.42780561490378566","0.09118158179319749","0.5149700598802395","0.5938927650957907","0.22382206727764875","0.2671720389775591","0.0"
"0.24659858037624238","4","8","Montana, Daniels","-105.5476,48.7842","0.0","0.0","0.3700863347278452","0.0869","0.5","0.43215267570306487","0.35462278990427565","0.17964071856287425","0.7294045360146626","0.3320478145739941","0.026936261006296553","0.1413822484200329"
"0.24592953781716018","4","8","Kansas, Cheyenne","-101.7318,39.7858","0.0","0.0","0.38172195158083216","0.0134","0.5","0.535277945802919","0.15086919070015914","0.19161676646706588","0.7195778173951984","0.2676133324216633","0.14237997488358317","0.34332448692616246"
"0.24589461450164923","3","10","Alaska, Skagway","-135.3338,59.5615","0.0","0.0","0.42270046637511666","0.8115","0.07500000000000001","0.31754265337554405","0.47416683720769603","0.0","0.4061601502796258","0.28932457055523586","0.27728800347739685","0.0"
"0.24506655028714858","4","8","North Dakota, Dunn","-102.616,47.3542","0.0","0.0","0.41630243720119264","0.4435","0.25","0.08543591436610563","0.5950771994325073","0.08383233532934134","0.5380992168517501","0.396193838283191","0.2548909371252688","0.0"
"0.2444105926644214","4","8","Idaho, Caribou","-111.5598,42.7715","0.0","0.0","0.42769095529441664","0.3378","0.32499999999999996","0.48916979685071754","0.12474150657526134","0.17365269461077848","0.5472454870957077","0.28428245939754293","0.14120336195193484","0.4086922930578161"
"0.24351386080829826","4","8","North Dakota, McLean","-101.3182,47.6077","0.0","0.0","0.42586834058507417","0.2295","0.5","0.08543591436610563","0.4375749796495566","0.11377245508982038","0.6611775880966219","0.3518407809421417","0.05477118057696061","0.36796404159489493"
"0.2428163652285784","4","8","Nevada, Eureka","-116.2683,39.981","0.0","0.0","0.37833464145963996","0.1824","0.5","0.5573731273809973","0.4408801674796955","0.10179640718562875","0.5239446622367122","0.25087100571678256","0.09960455389777409","0.0"
"0.24274318008483978","4","8","New Mexico, Harding","-103.8221,35.8575","0.0","0.0","0.24108519990500124","0.1837","0.5","0.2328984071594001","0.31430936130128917","0.11976047904191617","0.8610853507579601","0.2347540499605919","0.34669690293433825","0.0"
"0.2426724393413802","4","8","North Dakota, Divide","-103.4874,48.8149","0.0","0.0","0.3542001148655148","0.1391","0.5","0.08543591436610563","0.4056674747578785","0.16766467065868262","0.7280164829849926","0.35902609649551914","0.12807931352174723","0.3324308482336234"
"0.24150755390480647","4","8","Montana, Carter","-104.5396,45.5198","0.0","0.0","0.21197245476716395","0.2165","0.5","0.43215267570306487","0.10702943926287925","0.1317365269461078","0.7080205562076126","0.3400796469139959","0.2876710221732495","0.16736420367201374"
"0.24148257633136544","4","8","Nebraska, Boyd","-98.7649,42.8997","0.0","0.0","0.36308087727010174","0.0847","0.5","0.25083837871869175","0.1773353069371988","0.19760479041916168","0.7469939835325977","0.3665595142218811","0.19251797710746035","0.27780275186994957"
"0.24143758095171952","4","8","Nebraska, Wheeler","-98.528,41.9148","0.0","0.0","0.30168927870047435","0.0086","0.5","0.25083837871869175","0.5909485089580898","0.23353293413173656","0.6806267907799217","0.30216765503440873","0.14956621557317162","0.0"
"0.2410437112225675","4","8","Vermont, Essex","-71.7358,44.7274","0.0","0.0","0.42432331151523667","0.0207","0.32499999999999996","0.458548176019114","0.2533547154194166","0.16766467065868262","0.6960934005090119","0.3496748079203812","0.317687308240251","0.0"
"0.24078557107041834","4","8","Nebraska, Arthur","-101.696,41.569","0.0","0.0","0.25316759804411565","0.0013","0.5","0.25083837871869175","0.7075630648779583","0.1377245508982036","0.7080205562076126","0.2698670915155495","0.18133839811809757","0.0"
"0.24068750865603242","4","8","North Dakota, Nelson","-98.1904,47.9226","0.0","0.0","0.37733887847727887","0.1694","0.5","0.08543591436610563","0.3894606970566879","0.14970059880239522","0.7389787970328645","0.33295588612107097","0.09959595487377543","0.33145426294045294"
"0.24033788975190348","4","8","Illinois, Stark","-89.7975,41.0931","0.0","0.0","0.46435680713130933","0.014","0.32499999999999996","0.42780561490378566","0.20260992931084312","0.47904191616766467","0.6458942336050534","0.2468211066334108","0.19869401414672674","0.0"
"0.23941215350317543","4","8","Nebraska, Deuel","-102.3333,41.1117","0.0","0.0","0.4114332832979363","0.0137","0.575","0.25083837871869175","0.2553412098579482","0.155688622754491","0.6960934005090119","0.30571036229534887","0.3288466613562648","0.0"
"0.23807371587624737","4","8","Alaska, Haines","-135.468,59.0989","0.0","0.0","0.33117787777542873","0.482","0.25","0.31754265337554405","0.52790074123524","0.0","0.6930510015104033","0.2138623589676324","0.16038681558884363","0.0"
"0.23749274250300206","4","8","Kansas, Sheridan","-100.4418,39.3502","0.0","0.0","0.4289716290761053","0.0153","0.5","0.535277945802919","0.22686311127747943","0.22155688622754494","0.6661358670949733","0.17231540259532493","0.10747714203807286","0.189522594350212"
"0.23714356435272466","3","10","Alaska, Denali","-150.0076,63.6726","0.0","0.0","0.2524559238604613","0.5536","0.5","0.31754265337554405","0.5821624932083521","0.0","0.24332052342685195","0.23266538219862049","0.28254757833922817","0.0"
"0.2370362436093138","4","8","Idaho, Camas","-114.8066,43.4667","0.0","0.0","0.3214390453764684","0.0127","0.5","0.48916979685071754","0.3109726255718816","0.14371257485029942","0.6790442329554586","0.22125255794678164","0.28466221156481525","0.0"
"0.23698009934183129","4","8","New Mexico, Los Alamos","-106.3135,35.8663","0.0","0.0","0.6354353160618655","0.057","0.575","0.2328984071594001","0.41258645065964605","0.11976047904191617","0.5648909983668218","0.12440965863300786","0.013468130503148273","0.4536036026941703"
"0.23656141029294805","4","8","Montana, Stillwater","-109.395,45.6707","0.0","0.0","0.4448091563411301","0.0926","0.5","0.43215267570306487","0.23073606482641396","0.1377245508982036","0.6388951207196634","0.176055505482963","0.07602276004205527","0.45604358929671346"
"0.2354354922679271","4","8","Montana, Prairie","-105.3794,46.8605","0.0","0.0","0.30887265659680674","0.0322","0.5","0.43215267570306487","0.2047105493978927","0.14371257485029942","0.7469939835325977","0.32272182223142315","0.15476596060605438","0.1936268608618988"
"0.23513232201872025","4","8","Nebraska, Pierce","-97.6012,42.2643","0.0","0.0","0.4496377615511482","0.0385","0.575","0.25083837871869175","0.1846757132237834","0.29341317365269465","0.5898852876912913","0.33108815703298783","0.05005031640169359","0.3521304739234246"
"0.23470491123141","4","8","South Dakota, Campbell","-100.051,45.7707","0.0","0.0","0.3362258676894231","0.028","0.25","1.0","0.23985838958754024","0.1317365269461078","0.7006109322771243","0.23145379699484564","0.01592587689758357","0.0"
"0.23454119879180246","4","8","Wyoming, Sublette","-109.9131,42.7656","0.0","0.0","0.4174495313305912","0.015","0.675","0.3940368977735158","0.34565203616479967","0.12574850299401197","0.5517358041566147","0.24661018238528867","0.16053203009270836","0.0"
"0.2343233860735852","4","8","Montana, Golden Valley","-109.1769,46.3816","0.0","0.0","0.3572681174722482","0.0054","0.5","0.43215267570306487","0.35678533247145433","0.10778443113772454","0.7021046890169179","0.23752282481507875","0.23002425530332696","0.0"
"0.23325707117432512","4","8","Nebraska, Chase","-101.6978,40.5237","0.0","0.0","0.4014834778136428","0.0901","0.5","0.25083837871869175","0.21058324784202045","0.19161676646706588","0.6611775880966219","0.26757948291358946","0.1655060204673727","0.35365685472011765"
"0.23190820669268053","4","8","Montana, Meagher","-110.8899,46.5991","0.0","0.0","0.34185131285822096","0.0124","0.5","0.43215267570306487","0.23533597802148898","0.10179640718562875","0.667774075480636","0.1999234142687102","0.285356673587468","0.2445240931065775"
"0.23119357455205605","4","8","Montana, Sweet Grass","-109.9426,45.8137","0.0","0.0","0.41983331023186166","0.0099","0.5","0.43215267570306487","0.2745179066844736","0.10778443113772454","0.7663087617572133","0.1979320961914892","0.05959317411897247","0.2437946521518027"
"0.23062416881336606","4","8","Utah, Kane","-111.8862,37.2851","0.0","0.0","0.3825228698609235","0.0468","0.675","0.04550202230851092","0.35147519489722","0.08383233532934134","0.6611775880966219","0.14931644507652156","0.2774045141969281","0.41954228080201694"
"0.22974988106132846","4","8","North Dakota, Adams","-102.5285,46.0969","0.0","0.0","0.412107080850335","0.2178","0.5","0.08543591436610563","0.2903149137572622","0.10778443113772454","0.6774549264631455","0.3450369186597718","0.10093885597373592","0.2700009441170503"
"0.2294788513885924","4","8","Colorado, Mineral","-106.9282,37.6695","0.0","0.0","0.3512699838889453","0.0216","0.25","0.903104230085054","0.24098890334568215","0.047904191616766456","0.774990827094404","0.17497353880349228","0.10365396752306082","0.0"
"0.22895020109028968","4","8","Nebraska, Webster","-98.5002,40.1764","0.0","0.0","0.4113632738088738","0.0611","0.32499999999999996","0.25083837871869175","0.20414001277277283","0.2694610778443114","0.6595100604482558","0.32196118034336035","0.1565244004572743","0.40395825847016165"
"0.2286875772579129","4","8","Nebraska, Harlan","-99.4044,40.1766","0.0","0.0","0.40634786828093816","0.0662","0.32499999999999996","0.25083837871869175","0.1686379063694433","0.24550898203592814","0.7021046890169179","0.3465317492313383","0.17120463000519212","0.3524410241309237"
"0.22853061509212552","4","8","Nebraska, Rock","-99.4483,42.4225","0.0","0.0","0.367544035340701","0.0713","0.5","0.25083837871869175","0.17014891491129264","0.17365269461077848","0.7335379440869121","0.400124581589349","0.08421835659086728","0.21053556560595266"
"0.2279518438053658","4","8","Montana, Powder River","-105.6367,45.3962","0.0","0.0","0.34754986321409626","0.12","0.5","0.43215267570306487","0.24913710892780416","0.14970059880239522","0.6915204375207985","0.27568884353922546","0.08364851985968816","0.0"
"0.22785787062829355","4","8","North Dakota, Bottineau","-100.8378,48.7911","0.0","0.0","0.41409749569597665","0.1363","0.32499999999999996","0.08543591436610563","0.4284394429807034","0.16167664670658685","0.6611775880966219","0.35414786149364447","0.08355078165733713","0.3967953037133862"
"0.22640974877215467","4","8","North Dakota, Towner","-99.2456,48.6857","0.0","0.0","0.377475899512477","0.1716","0.25","0.08543591436610563","0.42560916926392156","0.155688622754491","0.6758588134982833","0.34303179454430816","0.19946174954288923","0.2919197923389154"
"0.22631948555226963","4","8","Colorado, Hinsdale","-107.3004,37.8225","0.0","0.0","0.3340084606439415","0.0395","0.07500000000000001","0.903104230085054","0.33758275362640383","0.047904191616766456","0.736268299211825","0.1904915518182033","0.16513408240117697","0.0"
"0.22578299013479514","4","8","Montana, Petroleum","-108.2509,47.1182","0.0","0.0","0.19751803139103702","0.0363","0.32499999999999996","0.43215267570306487","0.78437504947492","0.12574850299401197","0.6075890184122873","0.22189369106864634","0.09171040764097162","0.0"
"0.22563810762749123","4","8","North Dakota, Emmons","-100.239,46.284","0.0","0.0","0.3729825003040776","0.1531","0.5","0.08543591436610563","0.23729066861710355","0.11976047904191617","0.7663087617572133","0.23916300106914612","0.15332956025923516","0.3862109198576858"
"0.2255207790157365","4","8","Nebraska, Hitchcock","-101.0416,40.1761","0.0","0.0","0.39208811746941447","0.1372","0.32499999999999996","0.25083837871869175","0.15072767147262117","0.19760479041916168","0.6991111644276193","0.41741733027349665","0.24902228491570114","0.0"
"0.22531619130458905","4","8","Montana, Garfield","-107.0002,47.2755","0.0","0.0","0.2978391378292397","0.1054","0.5","0.43215267570306487","0.2112133989657295","0.1317365269461078","0.6151952376728468","0.2859949883024188","0.13597345977854972","0.2018939322188115"
"0.22372922277637203","4","8","North Dakota, Golden Valley","-103.8465,46.9402","0.0","0.0","0.25552929826636667","0.3785","0.5","0.08543591436610563","0.3306273922987751","0.1317365269461078","0.6476236650502001","0.3672655670633662","0.09989692071372867","0.0"
"0.22332609794075967","4","8","Nebraska, Frontier","-100.3925,40.5299","0.0","0.0","0.363847150006331","0.2222","0.32499999999999996","0.25083837871869175","0.22307533602651874","0.2095808383233533","0.7006109322771243","0.3338349387229186","0.16258865018455806","0.0"
"0.2232194712361447","4","8","Utah, Beaver","-113.2342,38.3566","0.0","0.0","0.4145802058895403","0.1258","0.675","0.04550202230851092","0.27196479993816797","0.10179640718562875","0.49129758316188105","0.19135829705794552","0.3131815407779646","0.3195250682643383"
"0.22264160021950435","4","8","Nebraska, Garden","-102.3314,41.617","0.0","0.0","0.3517975129038522","0.0287","0.5","0.25083837871869175","0.282851512534603","0.11976047904191617","0.7167219274997747","0.24329872353902196","0.10924950988591034","0.35960391724006874"
"0.2222549293723504","4","8","Utah, Emery","-110.7014,38.9962","0.0","0.0","0.3913068437982619","0.1999","0.675","0.04550202230851092","0.25223668822075307","0.14970059880239522","0.5357771420024626","0.2722130154910131","0.256550306530983","0.0"
"0.22194475592832752","4","8","Nebraska, Thayer","-97.595,40.1763","0.0","0.0","0.3826689380569082","0.0608","0.32499999999999996","0.25083837871869175","0.19000819061985513","0.3053892215568862","0.7035924826400836","0.2806038335136341","0.07493625519287188","0.40094429761032646"
"0.22107038836213228","4","8","Nebraska, Franklin","-98.953,40.1764","0.0","0.0","0.3784836543091581","0.0481","0.32499999999999996","0.25083837871869175","0.1313721133652272","0.25748502994011974","0.7238210337160854","0.315593210391204","0.14489573441175593","0.37558139934882157"
"0.22106522343292348","4","8","Michigan, Keweenaw","-88.4143,47.632","0.0","0.0","0.38385763729834277","0.0347","0.32499999999999996","0.41517557433580937","0.14690733146971","0.16167664670658685","0.8100660798547494","0.2978156564090744","0.18811636683727048","0.0"
"0.2208930449865086","4","8","North Dakota, McIntosh","-99.4415,46.1118","0.0","0.0","0.39955950537712875","0.1127","0.5","0.08543591436610563","0.26092869937560126","0.1377245508982036","0.7858642928791282","0.19956557171670178","0.17188952409973365","0.214990007237509"
"0.2208342149611772","4","8","North Dakota, Bowman","-103.5203,46.1129","0.0","0.0","0.4304482293220014","0.4753","0.32499999999999996","0.08543591436610563","0.2870663433931379","0.12574850299401197","0.6207997313712245","0.17881103686430297","0.07357894164423755","0.31647797411938644"
"0.22049346060399744","4","8","North Dakota, Wells","-99.659,47.5861","0.0","0.0","0.425987227736638","0.0879","0.5","0.08543591436610563","0.2397696901675419","0.12574850299401197","0.7294045360146626","0.28652469302895167","0.10676596641947904","0.3372634536451553"
"0.2196404391035292","4","8","Kansas, Wallace","-101.7639,38.9169","0.0","0.0","0.39912847862541445","0.0169","0.25","0.535277945802919","0.2569064783769403","0.2095808383233533","0.6493451083308717","0.3107580303309058","0.11760860900371103","0.0"
"0.21956129452353476","6","3","Utah, Morgan","-111.5728,41.0883","0.31434296688814245","0.1","0.44233046611728316","3.0E-4","0.5","0.04550202230851092","0.17562893959593381","0.24550898203592814","0.4061601502796258","0.041732403761978815","0.05149580022456776","0.0"
"0.21948157072751454","4","8","North Dakota, Griggs","-98.2385,47.4579","0.0","0.0","0.3858895872141798","0.135","0.5","0.08543591436610563","0.2534231114373055","0.14371257485029942","0.7561322439804544","0.29834386017114073","0.03200750513125562","0.3071496738863809"
"0.21939598980468356","4","8","North Dakota, Foster","-98.8828,47.4571","0.0","0.0","0.44895756334784487","0.1165","0.5","0.08543591436610563","0.25785725936750764","0.1377245508982036","0.6595100604482558","0.3381769280150603","0.04244659915262069","0.31168199392589147"
"0.21777801168995403","4","8","Nebraska, Keya Paha","-99.7134,42.8799","0.0","0.0","0.29147917345627294","0.0032","0.25","0.25083837871869175","0.7414871801828841","0.155688622754491","0.6742558355103007","0.3007525721516029","0.05452338335018218","0.0"
"0.21487847520387637","4","8","Nebraska, Perkins","-101.6503,40.8508","0.0","0.0","0.408304103899395","0.0439","0.5","0.25083837871869175","0.20238809210123426","0.18562874251497005","0.6661358670949733","0.19694055292033266","0.06800544184994801","0.32767952189781846"
"0.21299604498828917","4","8","Montana, Fallon","-104.4184,46.3348","0.0","0.0","0.4229519221626915","0.1471","0.25","0.43215267570306487","0.1777770524811506","0.1317365269461078","0.5712984652022484","0.29417948617392886","0.11436290133976428","0.24178306468931582"
"0.2121271304614251","4","8","Hawaii, Kalawao","-156.9584,21.1788","0.0","0.0","0.3231166874825335","0.4963","0.5","0.5641884335623826","0.0","0.0","0.5357771420024626","0.18571848506241376","0.04648838265802129","0.0"
"0.20996558982521968","4","8","North Dakota, Oliver","-101.3406,47.1153","0.0","0.0","0.32674215890636465","0.1178","0.5","0.08543591436610563","0.36616559520025815","0.10778443113772454","0.6868906660868291","0.2743002529018199","0.15945085421614386","0.0"
"0.20818282482616313","4","8","North Dakota, Cavalier","-98.4669,48.7729","0.0","0.0","0.40717810567509766","0.0366","0.32499999999999996","0.08543591436610563","0.30515821802395365","0.17365269461077848","0.7294045360146626","0.3010037628770814","0.05848365779711657","0.3607368419244847"
"0.2070468505033267","4","8","Utah, Wayne","-110.9097,38.3234","0.0","0.0","0.34444829342498884","0.233","0.5","0.04550202230851092","0.27893083232581983","0.10179640718562875","0.6170727822364962","0.1413264314864474","0.3260088623236913","0.0"
"0.2056708587823435","4","8","Utah, Rich","-111.2445,41.6314","0.0","0.0","0.3570852857864996","0.1474","0.575","0.04550202230851092","0.20820795189526667","0.14970059880239522","0.5938927650957907","0.20877204780003414","0.28532506309079686","0.0"
"0.20149262409576618","4","8","Nebraska, Sherman","-98.9759,41.2205","0.0","0.0","0.36851030840676224","0.0627","0.25","0.25083837871869175","0.12933139087633222","0.24550898203592814","0.7181526079808993","0.3267091984773932","0.16690693470107068","0.0"
"0.19928057409620215","4","8","North Dakota, Slope","-103.4602,46.4474","0.0","0.0","0.28948614232768166","0.0045","0.5","0.08543591436610563","0.4493061261443867","0.11976047904191617","0.734905621980166","0.2956563733676765","0.011956518974594245","0.0"
"0.19903677746624934","4","8","North Dakota, Hettinger","-102.4632,46.4338","0.0","0.0","0.366891933957491","0.0411","0.32499999999999996","0.08543591436610563","0.44887232141988403","0.11377245508982038","0.6868906660868291","0.24724566866523143","0.17275075874275492","0.0"
"0.1964358969244266","4","8","North Dakota, Kidder","-99.7751,46.9783","0.0","0.0","0.3487324998778126","0.0831","0.5","0.08543591436610563","0.2203373747597562","0.11377245508982038","0.6114115319998742","0.3081026856731542","0.1845562497888092","0.0"
"0.19499131157085253","4","8","North Dakota, Steele","-97.7273,47.4561","0.0","0.0","0.3474274460824099","0.0105","0.5","0.08543591436610563","0.30321080969177494","0.155688622754491","0.6774549264631455","0.32453606461222667","0.03313761066550269","0.0"
"0.19499048550819212","4","8","Nebraska, Hayes","-101.0604,40.5245","0.0","0.0","0.2417241466211987","6.0E-4","0.5","0.25083837871869175","0.19272164391491173","0.19161676646706588","0.5817386943120182","0.239165720645592","0.238975718172923","0.0"
"0.1886926515992115","4","8","Nebraska, Greeley","-98.5215,41.5674","0.0","0.0","0.3612442572549119","0.0175","0.25","0.25083837871869175","0.12452883702723244","0.24550898203592814","0.7021046890169179","0.2892572953229582","0.11767570561350343","0.0"
"0.1886394190390147","4","8","Nebraska, Garfield","-98.9911,41.9143","0.0","0.0","0.34725412033591485","0.086","0.32499999999999996","0.25083837871869175","0.07431408422910894","0.2095808383233533","0.7483132479461376","0.2647232007769687","0.05196886765750838","0.0"
"0.18809082707349442","4","8","Nebraska, Loup","-99.4544,41.9137","0.0","0.0","0.32499193820957323","0.0067","0.25","0.25083837871869175","0.2601450110403092","0.18562874251497005","0.7561322439804544","0.2593593996884298","0.05733962426625194","0.0"
"0.18696161273769127","4","8","Nebraska, Blaine","-99.9768,41.9131","0.0","0.0","0.2996065079099435","0.1261","0.25","0.25083837871869175","0.12645854427716485","0.16766467065868262","0.7109436441933698","0.28692464181993854","0.11848377164334979","0.0"
"0.18534097974887095","4","8","Nebraska, Sioux","-103.7577,42.4893","0.0","0.0","0.2474372718640329","0.0325","0.5","0.25083837871869175","0.22625503882354586","0.047904191616766456","0.6510586369018438","0.21453009342428947","0.14623863551171645","0.0"
"0.1842219838182955","4","8","Montana, Judith Basin","-110.2661,47.0458","0.0","0.0","0.3405830805372269","0.0226","0.32499999999999996","0.43215267570306487","0.07283518928326227","0.08982035928143713","0.6335581539925471","0.22946706924372","0.1567582696874352","0.0"
"0.18318684550216843","4","8","North Dakota, Logan","-99.4772,46.4573","0.0","0.0","0.3759030671367718","0.1344","0.32499999999999996","0.08543591436610563","0.15856890412190008","0.12574850299401197","0.7675615085087122","0.24393872694120697","0.0732789447083968","0.0"
"0.18257345809304978","4","8","North Dakota, LaMoure","-98.5354,46.4568","0.0","0.0","0.3795049943348182","0.0213","0.32499999999999996","0.08543591436610563","0.17830956883382484","0.14970059880239522","0.6945753055071017","0.3054974010263517","0.14284444329252513","0.0"
"0.17949739471382747","4","8","Nebraska, Banner","-103.7114,41.5463","0.0","0.0","0.18131102647245068","0.001","0.5","0.25083837871869175","0.2939509228603918","0.09580838323353291","0.6056629582719985","0.28384664925379266","0.03129911511198533","0.0"
"0.17746802184621324","4","8","North Dakota, Renville","-101.6604,48.7198","0.0","0.0","0.3800123930622948","0.049","0.5","0.08543591436610563","0.21371694894553112","0.1317365269461078","0.5775976316230177","0.2619549267930918","0.01889593134151678","0.0"
"0.17415498772245444","4","8","Nebraska, Logan","-100.4818,41.5665","0.0","0.0","0.313748468656916","0.1009","0.07500000000000001","0.25083837871869175","0.15895795887983283","0.16766467065868262","0.6075890184122873","0.3445613337400763","0.15767751746419384","0.0"
"0.1734993640780225","4","8","North Dakota, Billings","-103.3763,47.0237","0.0","0.0","0.3218561833976863","0.1675","0.5","0.08543591436610563","0.1441430299819674","0.11377245508982038","0.5334405085950897","0.2247398496168692","0.07785410992774278","0.0"
"0.1728663665981727","4","8","Nebraska, Grant","-101.7407,41.9153","0.0","0.0","0.31207854141077085","0.1363","0.0","0.25083837871869175","0.0","0.12574850299401197","0.6561524538860896","0.31335828146340705","0.36635342400418763","0.0"
