"ToxPi Score","HClust Group","KMeans Group","Name","Source","Infection Rate: Transmissible Cases!25!0xcc3333ff","Infection Rate: Disease Spread!5!0xe64d4dff","Pop Concentration: Pop Mobility!10!0x57b757ff","Pop Concentration: Residential Density!10!0x5ced5cff","Intervention: Social Distancing!10!0x4258c9ff","Intervention: Testing!10!0x6079f7ff","Health & Environment: Pop Demographics!10!0x6b0b9eff","Health & Environment: Air Pollution!10!0x8e26c4ff","Health & Environment: Age Distribution!10!0x9a42c8ff","Health & Environment: Co-morbidities!10!0xb460e0ff","Health & Environment: Health Disparities!10!0xc885ecff","Health & Environment: Hospital Beds!5!0xdeb9f1ff"
"0.6779356470303836","10","5","Oklahoma, Okfuskee","-96.3264,35.4649","0.7969894523057343","0.369718309859155","0.42699131862009554","0.9137","0.5","0.9523454485741492","0.8292342977019945","0.38323353293413176","0.5648909983668218","0.691890445677054","0.7944879287264447","0.4801776631703816"
"0.6755412916591805","10","5","Mississippi, Neshoba","-89.1173,32.7534","0.7378639125722797","0.08859357696567","0.5404065469824364","0.8316","0.825","1.0","0.9079795552428814","0.44311377245508987","0.5215324091055006","0.6072142978867505","0.6484228481638843","0.4600802919793608"
"0.6751079743571884","10","5","North Carolina, Scotland","-79.4758,34.8386","0.767230909149425","0.156148340923878","0.5942342207762943","0.9965","0.75","0.7283659930549282","0.9335712223392009","0.43113772455089816","0.5561726637917245","0.5829923183214187","0.6548945220704852","0.42965914244880454"
"0.6725383803526701","10","4","Oklahoma, Ottawa","-94.8101,36.8353","0.7585631984080026","0.177718832891247","0.5499215543058749","0.9166","1.0","0.9523454485741492","0.6333439423503682","0.4131736526946108","0.579673914473061","0.5346833758940509","0.64095998535017","0.40152093660092114"
"0.6723646324450212","10","5","Mississippi, Leake","-89.524,32.7537","0.7542972324405691","0.126559714795009","0.45100231942438607","0.922","0.75","1.0","0.881903907530112","0.4251497005988024","0.5117241638959221","0.5367340782201216","0.7004578435270726","0.5531259077348442"
"0.6705266089234753","10","5","North Carolina, Robeson","-79.1025,34.6424","0.7551765602360594","0.147383410466358","0.5853089601519642","0.9698","0.75","0.7283659930549282","1.0","0.4251497005988024","0.49129758316188105","0.5810636510878822","0.6826268589182356","0.41267351749283776"
"0.6659261570844797","6","5","Texas, Falls","-96.9363,31.2535","0.8981397525905179","0.518110236220472","0.49636447172271764","0.9987","0.5","0.8066953714640763","0.6619556681929663","0.4191616766467066","0.5627304600978258","0.4451703337774771","0.6916295525927814","0.4745298589498279"
"0.6657418278206627","10","5","Oklahoma, Muskogee","-95.378,35.6132","0.6675484198297318","0.100183823529412","0.5432766023059175","0.9529","1.0","0.9523454485741492","0.8557885949620264","0.43113772455089816","0.540406913436432","0.5460418242973885","0.6018984949406856","0.35802856670349964"
"0.65546034724015","10","5","Oklahoma, Seminole","-96.6169,35.1648","0.753177423443536","0.224519940915805","0.492871906192129","0.7841","0.75","0.9523454485741492","0.7712982766673198","0.38323353293413176","0.5670390838965326","0.5438866971377391","0.687208685353355","0.5321343613595505"
"0.6534354761889146","10","4","Oklahoma, Bryan","-96.259,33.9647","0.7571666415544095","0.221323529411765","0.5294200743992774","0.8465","1.0","0.9523454485741492","0.6607061284863217","0.4131736526946108","0.5691748594129424","0.42683959544924505","0.5543676925706008","0.4236752643647573"
"0.653074869608325","10","4","Virginia, Petersburg City","-77.3937,37.2053","0.6573106084300989","0.107266435986159","0.7585121005887018","0.8898","1.0","0.7697111946822568","0.6958177327180848","0.3712574850299401","0.5449798764246452","0.6525530991509025","0.6404486462047846","0.2868919924728384"
"0.6505273235855349","10","5","Mississippi, Leflore","-90.299,33.5555","0.7187181531303843","0.085625","0.5736604802412227","0.9376","0.75","1.0","0.6841439811849159","0.43113772455089816","0.46968620728685795","0.5890703733331614","0.6960509042842639","0.32126798222380676"
"0.6500398246814635","10","4","Mississippi, Pike","-90.4039,31.1751","0.6425738463635455","0.0762463343108504","0.5851397377195666","0.9659","1.0","1.0","0.642340505489927","0.3712574850299401","0.542700408721451","0.5292903398023141","0.6609932890067777","0.366636519368056"
"0.6499794571958003","10","4","North Carolina, Lenoir","-77.6425,35.2403","0.7003182086652968","0.179127725856698","0.5960858195732576","0.9672","1.0","0.7283659930549282","0.661191602341477","0.43712574850299407","0.6017807168377609","0.46663038404511664","0.6386317087677708","0.37474371446521143"
"0.6498381288997002","10","4","Mississippi, Tippah","-88.9099,34.7687","0.7314697114062745","0.135135135135135","0.5334351212036578","0.6068","1.0","1.0","0.5394398517777792","0.4131736526946108","0.5380992168517501","0.6937112312328926","0.6276299236830564","0.5488915354385024"
"0.6492530189356737","10","4","Georgia, Toombs","-82.3296,32.1206","0.6664276114728489","0.0588235294117647","0.56395776524687","0.9223","1.0","0.7922333288990623","0.6431084214766375","0.4610778443113772","0.540406913436432","0.5652367670639868","0.6958677814069966","0.47198624293310953"
"0.6474614547770311","6","5","Montana, Roosevelt","-105.0079,48.2961","0.9657175007611627","0.4609375","0.4635867880700294","0.9131","0.5","0.6163905315403087","0.6394543384893159","0.19760479041916168","0.38929338935206537","0.7397876140884466","0.8180692381301071","0.3424379854410938"
"0.6466400667561357","10","4","Virginia, Danville City","-79.404,36.5802","0.7032207079239856","0.152270703472841","0.702972127357475","0.8841","1.0","0.7697111946822568","0.6539689534213116","0.4191616766467066","0.6207997313712245","0.440853882118605","0.5868881113164246","0.3407160719826151"
"0.6465367392319249","10","4","North Carolina, Wayne","-78.0003,35.3644","0.7297739404981045","0.152481419323903","0.6046589947962611","0.9427","1.0","0.7283659930549282","0.6604949644963835","0.4610778443113772","0.526341402378779","0.4600731664642781","0.5730571262231354","0.44852837553341424"
"0.6449069232340318","10","5","South Carolina, Dillon","-79.3774,34.3901","0.7104707660183026","0.108366533864542","0.5102578595448183","0.7851","0.825","0.7732051260133426","0.8193959856481328","0.4251497005988024","0.526341402378779","0.648040993831076","0.6946490211464534","0.44767253857192935"
"0.6448412164933184","10","4","Mississippi, Forrest","-89.2583,31.1896","0.6972136663813916","0.101999322263639","0.6307642537608229","0.9599","1.0","1.0","0.6004794401615862","0.43113772455089816","0.45839165180163993","0.3988606254546785","0.6230638419397655","0.32776768282358176"
"0.6445577234843235","10","5","North Carolina, Edgecombe","-77.5944,35.9123","0.7572841863062252","0.184752365052866","0.5759854423565465","0.9089","0.75","0.7283659930549282","0.7109065462602644","0.43113772455089816","0.5878652729484978","0.532676103550438","0.6132205028345896","0.46465461941177205"
"0.6428719164775621","10","5","Georgia, Colquitt","-83.7678,31.1881","0.675824294668851","0.0748792270531401","0.5758263324986739","0.9491","0.825","0.7922333288990623","0.6701970292344505","0.47904191616766467","0.504194780386106","0.5274228850505384","0.7513684256676749","0.46902781573331914"
"0.6422975058873015","10","5","North Carolina, Richmond","-79.7449,35.0042","0.7213382830031122","0.167309175019275","0.5893251167144115","0.9102","0.75","0.7283659930549282","0.7874476391306519","0.43113772455089816","0.558371441896005","0.5451531352989174","0.6389240755837253","0.40558680468862746"
"0.642155852482219","10","4","Oklahoma, Pottawatomie","-96.9492,35.2061","0.7140123941065684","0.175940646528882","0.5481538368767928","0.7826","1.0","0.9523454485741492","0.7003507662172933","0.38922155688622756","0.5310891329236117","0.4705289341592349","0.5144790002750477","0.5303563431690318"
"0.6417179533587593","10","5","Oklahoma, Cherokee","-94.9998,35.9069","0.6405854867422542","0.0966999232540292","0.5282109781128398","0.9761","0.75","0.9523454485741492","0.7159105431778136","0.4191616766467066","0.5357771420024626","0.5575544031222016","0.6974239625247267","0.4783531686818802"
"0.6416146933174692","10","4","Texas, Wichita","-98.7041,33.9884","0.7701058994257802","0.325410695560993","0.6531197891126818","0.8883","1.0","0.8066953714640763","0.6048098769101452","0.34730538922155696","0.49129758316188105","0.4194193426647399","0.5058774329030874","0.4307775693705013"
"0.6405836571433776","10","4","Texas, Potter","-101.894,35.4013","0.7925003817097744","0.140673211781206","0.6549458485849775","0.985","1.0","0.8066953714640763","0.5983391704097168","0.2694610778443114","0.42544161229202965","0.4086973220646494","0.6486374604248089","0.31698058208522395"
"0.6405187894002566","10","5","North Carolina, Halifax","-77.6556,36.2567","0.6852909010144671","0.145440251572327","0.5487756681610488","0.8918","0.75","0.7283659930549282","0.8577586033392686","0.407185628742515","0.6095051758860066","0.6045199403860707","0.651327259354194","0.3425984405136909"
"0.6405157577191737","6","5","South Dakota, Oglala Lakota","-102.5555,43.3375","0.8760978422839307","0.403169014084507","0.4328932790968659","0.9882","0.5","0.7704699034685317","0.6643819600215002","0.08982035928143713","0.21687739269064263","0.9798304729616701","0.9721444912169448","0.0"
"0.6404425403387883","10","4","Mississippi, Prentiss","-88.5199,34.6181","0.718797341284452","0.118110236220472","0.5270691075621904","0.8109","1.0","1.0","0.4827056331834798","0.4251497005988024","0.5691748594129424","0.5146886810950186","0.6302769697184765","0.37903666268515396"
"0.6397879974756254","10","4","North Carolina, Nash","-77.9842,35.9658","0.7483220402942571","0.18058690744921","0.6086092606996699","0.8688","1.0","0.7283659930549282","0.7016427854746085","0.44910179640718567","0.5648909983668218","0.49348283042207125","0.4206247711720991","0.40146595677536884"
"0.6393703814785935","10","5","Mississippi, Attala","-89.5784,33.0866","0.6977923446781717","0.0967320261437909","0.4839444678079876","0.9239","0.75","1.0","0.6072472494138926","0.4131736526946108","0.5938927650957907","0.5294560432397817","0.6343493948164357","0.5266386412931904"
"0.6392572526006274","10","4","Mississippi, Jones","-89.169,31.6226","0.6840299373204708","0.0876015542211233","0.6054995271570012","0.766","1.0","1.0","0.6378051782329782","0.4251497005988024","0.5380992168517501","0.519275828433956","0.5558319489106551","0.37835727382192114"
"0.6390782682667026","10","5","Tennessee, Lauderdale","-89.6302,35.7589","0.8090213651237732","0.190402476780186","0.5078562017852954","0.9465","0.75","0.4911779531988354","0.6642998087938113","0.43113772455089816","0.5166605513962695","0.6562136705945486","0.6225294913217075","0.5686966009857818"
"0.6390350652091762","10","5","Oklahoma, Okmulgee","-95.9643,35.6466","0.7175690345072486","0.167753960857409","0.5237206883722006","0.7434","0.75","0.9523454485741492","0.8186492738902342","0.40119760479041916","0.5755097168756041","0.489591686481906","0.6366987450632823","0.43805116874016276"
"0.6385793276481704","10","4","Georgia, Crisp","-83.7681,31.9229","0.609497535649898","0.0729001584786054","0.5792013921834247","0.9475","1.0","0.7922333288990623","0.6040134819263561","0.47904191616766467","0.5712984652022484","0.5423985091231329","0.6963413332919934","0.4200385008884034"
"0.6381341890523744","10","4","Mississippi, Lauderdale","-88.6623,32.4042","0.6567895574184706","0.0942832764505119","0.5960859334190018","0.9688","1.0","1.0","0.6045687026250952","0.44311377245508987","0.542700408721451","0.456393711219886","0.5309014405303006","0.2899957248248454"
"0.6380141140973914","10","5","Mississippi, Claiborne","-90.907,31.9706","0.7516076517294991","0.103383458646617","0.496766504587649","1.0","0.5","1.0","0.635315076467998","0.3712574850299401","0.5191044408593759","0.6011947221586201","0.7167192034736182","0.4082162699862731"
"0.6380000879558332","10","5","Oklahoma, McCurtain","-94.7722,34.1166","0.7388274798631268","0.118300653594771","0.47535880854344503","0.6345","0.675","0.9523454485741492","0.8148898172058556","0.4131736526946108","0.5712984652022484","0.5195272751491358","0.7137744616496247","0.5978282879472856"
"0.637958840320257","10","5","Oklahoma, Caddo","-98.3753,35.1736","0.7493667663594993","0.165242165242165","0.4903194547352778","0.8357","0.675","0.9523454485741492","0.7520008167123645","0.3532934131736527","0.5449798764246452","0.5217902541073609","0.6335690636668104","0.518898356178241"
"0.6375342047412279","10","5","Mississippi, Simpson","-89.9172,31.9128","0.6827824058702079","0.0812870448772227","0.5209002868581619","0.8437","0.825","1.0","0.5925891759484382","0.4131736526946108","0.5494974081927578","0.605627527677214","0.669449157422817","0.4032816267144372"
"0.6371367680687648","10","4","Mississippi, Harrison","-89.1247,30.5136","0.6814854374430184","0.15256703388069","0.6575437610044575","0.8637","1.0","1.0","0.5892054384249623","0.407185628742515","0.48601108590571473","0.42962773853850844","0.5904155278510881","0.3210466196888457"
"0.6370639403594188","10","5","Mississippi, Washington","-90.942,33.2839","0.7083317774196289","0.0783611774065235","0.58920235398011","0.7883","0.75","1.0","0.6315606333889499","0.4251497005988024","0.5067215141840639","0.5935818391604589","0.7081171516496018","0.3213120585568308"
"0.6365360240624526","6","5","South Dakota, Todd","-100.7196,43.1934","0.8666749252219507","0.491961414790997","0.4439185911680459","0.9472","0.32499999999999996","0.7704699034685317","0.7135560264983531","0.1317365269461078","0.2533938881977874","0.8594911641041051","0.8924787728248073","0.41357481424508513"
"0.6363055063778748","10","5","Mississippi, Yazoo","-90.3966,32.7789","0.6659887500414412","0.075938566552901","0.5170101176610407","0.9405","0.675","1.0","0.6688548696948388","0.4131736526946108","0.45839165180163993","0.6120445373720291","0.6760224451482187","0.5797607939420073"
"0.6352914300612492","10","4","Texas, El Paso","-106.2363,31.7698","0.7950610139088017","0.219457842359118","0.726099686531283","0.859","1.0","0.8066953714640763","0.4632047554558343","0.38922155688622756","0.4159255598121659","0.23883612012246283","0.711679085393274","0.4661985682974573"
"0.6345626951869981","10","4","North Carolina, Wilson","-77.918,35.7063","0.706100425049672","0.129677658391997","0.6302507702623684","0.8644","1.0","0.7283659930549282","0.6538680981926205","0.4610778443113772","0.558371441896005","0.41386583654236786","0.5932222008390468","0.39704322583716745"
"0.634280830132798","10","5","Oklahoma, Choctaw","-95.5477,34.0281","0.6761684263625459","0.124378109452736","0.47674890748220555","0.8243","0.575","0.9523454485741492","0.8465124031479393","0.39520958083832336","0.6170727822364962","0.4985030164410888","0.759722680264913","0.4609708740842531"
"0.6340018630998991","10","4","Georgia, Peach","-83.8294,32.5693","0.5958712429828081","0.0681198910081744","0.6156751374318926","0.9513","1.0","0.7922333288990623","0.645637724810429","0.5089820359281437","0.5142005305328247","0.4759379585348932","0.6095506573953847","0.5755357245100039"
"0.6321992937584578","10","5","Mississippi, Adams","-91.3533,31.4767","0.6327582459320876","0.0728667305848514","0.5879328131862639","0.9742","0.75","1.0","0.6609942129585932","0.3592814371257485","0.5734100391661536","0.50220042050166","0.701579350037321","0.3491278377646766"
"0.6321933857845995","10","5","Oklahoma, Le Flore","-94.7039,34.8985","0.7262613957720622","0.163624511082138","0.4943522105622033","0.6428","0.75","0.9523454485741492","0.6671770552756603","0.44910179640718567","0.5691748594129424","0.5388705481361572","0.6495049929445614","0.5832493320468195"
"0.6321615771220267","10","5","Mississippi, Copiah","-90.4457,31.8698","0.6847816604940736","0.0772659732540862","0.5014476445134404","0.8736","0.75","1.0","0.5971939096808984","0.40119760479041916","0.5449798764246452","0.5250498344495428","0.6674424358927623","0.5810425408227995"
"0.6312560034708604","10","5","Georgia, Candler","-82.077,32.4021","0.7016927549592171","0.0865384615384615","0.5044181368524152","0.9408","0.75","0.7922333288990623","0.5362943534529274","0.44910179640718567","0.558371441896005","0.5740729000952175","0.7571321940070617","0.4615495472172134"
"0.6304934209193717","10","4","Texas, Lamar","-95.574,33.6698","0.7669087889532413","0.214689265536723","0.5639272621024375","0.6902","1.0","0.8066953714640763","0.6530377492771542","0.4131736526946108","0.5918944128138512","0.42676486145509723","0.5519804339503518","0.31775482516620146"
"0.6301668944744052","10","4","Mississippi, Lincoln","-90.4539,31.5329","0.7446276444497462","0.146884272997033","0.546516169267769","0.6033","1.0","1.0","0.5409561869611084","0.38922155688622756","0.542700408721451","0.506815996173735","0.5957772009837768","0.4335748286262328"
"0.6291560693160834","10","4","Mississippi, Tate","-89.9449,34.6513","0.6592380908136136","0.0763087843833185","0.5507175539138468","0.8768","1.0","1.0","0.5584089280428979","0.4191616766467066","0.5287228277828","0.4436291931814807","0.5783622395782555","0.44479765615872363"
"0.6288855371303604","6","5","Montana, Glacier","-112.9934,48.7051","0.9308425788751002","0.432432432432432","0.42629266614818956","0.9596","0.25","0.6163905315403087","0.6173587656327505","0.21556886227544908","0.40944379978250145","0.6983556947855971","0.9067146387241182","0.43604318367325207"
"0.6286799608067719","10","5","Mississippi, Sunflower","-90.5888,33.6019","0.6270596860109214","0.0381194409148666","0.5309085115598416","0.9328","0.675","1.0","0.6523238683504716","0.43712574850299407","0.4407808887294848","0.7206749550847561","0.7043165041552059","0.3557201964343139"
"0.6283752308746403","10","4","North Carolina, Avery","-81.9231,36.0757","0.8312307035932652","0.347368421052632","0.5380270104356842","0.8071","1.0","0.7283659930549282","0.4476128465360002","0.32934131736526945","0.6388951207196634","0.3693723836518631","0.5266123442501779","0.4352048008198743"
"0.6283589608029188","10","5","Oklahoma, Sequoyah","-94.7546,35.4945","0.6906430040280149","0.138938053097345","0.5117690699218835","0.603","0.75","0.9523454485741492","0.698534573456548","0.43113772455089816","0.579673914473061","0.5333822393830809","0.7159532847726667","0.5652284365709763"
"0.6278734318092909","10","5","Oklahoma, Atoka","-96.038,34.3737","0.7271982648621014","0.175879396984925","0.4874392518503585","0.6705","0.75","0.9523454485741492","0.7307252817679869","0.38922155688622756","0.5938927650957907","0.4938522242568751","0.6286459407580537","0.4917201355579565"
"0.6274762178012331","10","4","Georgia, Richmond","-82.0703,33.3578","0.6179672568190981","0.0568240788790867","0.7170668328967399","0.9261","1.0","0.7922333288990623","0.654749997272397","0.4970059880239522","0.46408171358848016","0.45212157955859555","0.630556377441926","0.2724134466939474"
"0.6260487558153746","10","4","Texas, Bowie","-94.4183,33.4463","0.6322947304327322","0.137290167865707","0.6105900161474453","0.9806","1.0","0.8066953714640763","0.6616427198627293","0.4191616766467066","0.5357771420024626","0.5070572738771738","0.49439349690937756","0.32061968153505105"
"0.6259526706173775","10","5","Mississippi, Newton","-89.1184,32.4002","0.604536285645648","0.0498812351543943","0.48133218968687985","0.8383","0.825","1.0","0.8385791347300329","0.43712574850299407","0.5334405085950897","0.47718693634313586","0.5842846659660683","0.5457557344034042"
"0.6257601132571305","10","4","North Carolina, Cleveland","-81.552,35.3355","0.7104731608498269","0.152334152334152","0.6145753779929953","0.7654","1.0","0.7283659930549282","0.5470325807539635","0.4550898203592814","0.5775976316230177","0.4735443876361998","0.6032036087802575","0.40968407444368976"
"0.6257169799574551","10","4","Virginia, Emporia City","-77.5341,36.6946","0.6476430661038571","0.0509090909090909","0.7057924439353598","0.8656","1.0","0.7697111946822568","0.7224578504312635","0.3712574850299401","0.542700408721451","0.39758524404656015","0.6890084247423715","0.22557397432959575"
"0.6256248354161477","10","4","Georgia, Baldwin","-83.247,33.0688","0.6213656788065303","0.044543429844098","0.6063864403336762","0.9494","1.0","0.7922333288990623","0.601738822203654","0.502994011976048","0.5117241638959221","0.4409560541036734","0.6271032031848848","0.42417701233310184"
"0.625524848070579","10","4","Mississippi, Grenada","-89.8025,33.7704","0.6869266281951069","0.0649458784346378","0.5750993627545057","0.6008","1.0","1.0","0.5944645688555387","0.38922155688622756","0.560557323866868","0.5820742135495528","0.6082508725284316","0.3176063854720561"
"0.6254698471382456","10","4","Georgia, Floyd","-85.2158,34.2627","0.6610626645045727","0.0822714681440443","0.6336789318504142","0.9389","1.0","0.7922333288990623","0.5804702350361431","0.4730538922155689","0.5380992168517501","0.4339520066496708","0.5541252243164412","0.3601357161511341"
"0.6247494792856827","10","5","Georgia, Clinch","-82.7043,30.914","0.7207785908042491","0.0758293838862559","0.477390695013792","0.9637","0.5","0.7922333288990623","0.6500866200557273","0.39520958083832336","0.5166605513962695","0.7304738107220571","0.7431157848892379","0.40127390060562457"
"0.6246143111948955","10","5","Arkansas, Jefferson","-91.9262,34.2677","0.7432144501133046","0.099160945842868","0.5798570622038836","0.9812","0.825","0.610486779204959","0.6511529324791452","0.44311377245508987","0.542700408721451","0.5599848038692407","0.5469428592433029","0.31924734710885416"
"0.6242641644869704","10","5","North Carolina, Columbus","-78.658,34.2674","0.6475139153083618","0.096569250317662","0.5344238274483578","0.9007","0.75","0.7283659930549282","0.7969459943566238","0.40119760479041916","0.6037268925796017","0.5934310984729191","0.6078799033663483","0.4391226571763956"
"0.6242296032605671","10","4","South Carolina, Darlington","-79.9603,34.3336","0.67346439630077","0.0953398888413852","0.5227193431977164","0.8341","1.0","0.7732051260133426","0.6108464435222997","0.43712574850299407","0.5734100391661536","0.4946191938788595","0.606996141702711","0.43703413920078404"
"0.6240381656311447","10","4","Georgia, Lowndes","-83.2706,30.8357","0.6455929347498973","0.0727906976744186","0.6257183421499444","0.9398","1.0","0.7922333288990623","0.6185469146023642","0.44311377245508987","0.41269877075759065","0.48245512578516947","0.6175114158099234","0.43604342843642446"
"0.6239662271193145","10","5","Texas, Terry","-102.3355,33.174","0.8444987975699443","0.35","0.5231316452873107","0.95","0.675","0.8066953714640763","0.5081982031954149","0.25748502994011974","0.5166605513962695","0.3156283853015262","0.7582637528974776","0.4045358111687495"
"0.623450791295714","10","5","Texas, Dawson","-101.9477,32.7426","0.8811489092890727","0.2945301542777","0.5249735925293944","0.8752","0.675","0.8066953714640763","0.527454254175536","0.25748502994011974","0.4939129750014257","0.383277159152321","0.6509418777434368","0.4961145616571645"
"0.6230748591572163","10","5","Mississippi, Chickasaw","-88.9482,33.9198","0.7479702806163783","0.124390243902439","0.4869173896337864","0.7163","0.75","1.0","0.6135098179539875","0.4251497005988024","0.540406913436432","0.529238823887433","0.6103812504458473","0.3688220400334995"
"0.6225722231899729","10","4","Georgia, Clayton","-84.3559,33.5419","0.6248925665852478","0.0846722774802346","0.7491096797949353","0.7746","1.0","0.7922333288990623","0.7020310850022745","0.5089820359281437","0.3087088081983978","0.40289115408689796","0.6790226567326544","0.520012972058116"
"0.6223113732507207","10","4","Missouri, Butler","-90.4042,36.7146","0.765469770158826","0.285152409046214","0.5560489996297562","0.5998","1.0","0.6898109656793697","0.48478669305691807","0.4670658682634731","0.5817386943120182","0.5174635308097177","0.617794699149823","0.41626416962552"
"0.621639917778974","10","5","Mississippi, Calhoun","-89.3369,33.9368","0.7101437433439025","0.105090311986864","0.46972980175143614","0.7727","0.675","1.0","0.5691167434726889","0.4131736526946108","0.579673914473061","0.5754924931750138","0.6392380005161837","0.49693970360198503"
"0.6208531730581488","10","4","Oklahoma, Comanche","-98.472,34.6597","0.6483422842164236","0.157319391634981","0.6010166046032063","0.9163","1.0","0.9523454485741492","0.7961562554643344","0.3532934131736527","0.42544161229202965","0.3681596912334738","0.4526629178959133","0.3915466272631039"
"0.6206771004879053","10","4","Georgia, Bibb","-83.7049,32.809","0.6137438366087452","0.0498606379684113","0.7158685861352855","0.865","1.0","0.7922333288990623","0.6119945855099477","0.4970059880239522","0.5067215141840639","0.4611791734829718","0.587569129794516","0.3232030791258961"
"0.620132724669348","10","4","Kentucky, Christian","-87.4906,36.8927","0.6852055870694899","0.154208357857563","0.5988010142476997","0.9306","1.0","0.7986013047908057","0.6139090809187124","0.4730538922155689","0.41912465076501093","0.4552397509085493","0.5375988690951199","0.26922469764575513"
"0.6199583451992451","10","5","Arkansas, Crittenden","-90.3084,35.2125","0.6854112313268599","0.081043956043956","0.6105246694755192","0.8504","0.825","0.610486779204959","0.6386531145970625","0.4251497005988024","0.46689449529952165","0.6212102652000956","0.5734425078338925","0.7473354528831625"
"0.6198788757568982","10","4","Mississippi, Warren","-90.8335,32.3581","0.6067414256155584","0.0604865220249836","0.5868989391391064","0.8354","1.0","1.0","0.6188924608468047","0.407185628742515","0.5310891329236117","0.5318534497993089","0.5345789160893917","0.3109811887382036"
"0.6198782776155145","10","4","Kentucky, Henderson","-87.5739,37.7934","0.7504188052470385","0.231543624161074","0.6125598648397464","0.7714","1.0","0.7986013047908057","0.44668521376378756","0.5389221556886228","0.5539608364828539","0.4879872599927654","0.35289062247365827","0.3873047739271171"
"0.6198041904057479","10","4","Texas, McLennan","-97.2022,31.5526","0.6962821669760632","0.107883817427386","0.6692071953476314","0.8984","1.0","0.8066953714640763","0.6140399178453214","0.44311377245508987","0.4833394486037307","0.3097131952387128","0.5008526961755296","0.4550869135758082"
"0.6194559674135421","10","4","Mississippi, Marshall","-89.503,34.7622","0.7400020384858877","0.149321266968326","0.5233520584261223","0.5368","0.75","1.0","0.6370132925537914","0.4191616766467066","0.5449798764246452","0.5457019874773811","0.5866268705450849","0.5497962017933247"
"0.6194363818974645","10","4","Georgia, Laurens","-82.9222,32.4633","0.688159998488957","0.0933544303797468","0.5501899903677694","0.7622","1.0","0.7922333288990623","0.5972779430275671","0.49101796407185627","0.5539608364828539","0.5346707528316157","0.5385046733273173","0.31164414659599815"
"0.6191520178992607","10","5","Georgia, Ware","-82.4222,31.0545","0.731780157111183","0.109420713867759","0.5709254033851727","0.9029","0.825","0.7922333288990623","0.6051961342712863","0.4251497005988024","0.5494974081927578","0.4427466309794294","0.5744666394808321","0.3342484564431532"
"0.6190150222698277","10","4","Mississippi, Hinds","-90.4444,32.2656","0.6038736973039841","0.0596052122306799","0.6708971046359709","0.872","1.0","1.0","0.5489572562650358","0.4610778443113772","0.46124754169706367","0.46541955999952234","0.5799433699768832","0.27731650422338855"
"0.6185754597625093","10","4","North Carolina, Alamance","-79.3998,36.0435","0.6974762275226587","0.139665970772443","0.660293531057498","0.802","1.0","0.7283659930549282","0.6684730566603848","0.44910179640718567","0.5449798764246452","0.35909151129344635","0.446081515598569","0.5205648246836766"
"0.6184936670164893","10","4","Georgia, Whitfield","-84.9609,34.8099","0.6830091927921734","0.0733908948194662","0.6720670300730048","0.8577","1.0","0.7922333288990623","0.507414228231396","0.4730538922155689","0.47245716285929296","0.3636201430682659","0.6275584670047578","0.44169631192920283"
"0.6184247352583625","10","5","Oklahoma, Pittsburg","-95.7513,34.9207","0.6919605090004066","0.14419795221843","0.5104028452235154","0.7698","0.75","0.9523454485741492","0.7201797511041752","0.38922155688622756","0.6037268925796017","0.4866871489288683","0.5390160124727027","0.41385857270011783"
"0.6182853120847741","10","4","Mississippi, Lee","-88.6815,34.2919","0.7085142301006422","0.109288016407852","0.6115966046444041","0.7663","1.0","1.0","0.5535565884353952","0.44910179640718567","0.49129758316188105","0.3924202255671683","0.4813639166301612","0.31400020551589497"
"0.6182825530119354","10","4","Virginia, Roanoke City","-79.9619,37.2779","0.7147360878506277","0.19523606975755","0.7676863805478356","0.7431","1.0","0.7697111946822568","0.5900286210558274","0.3592814371257485","0.5334405085950897","0.43372989685226515","0.5003403881260317","0.2935104623175886"
"0.6181784556049793","10","5","Mississippi, Scott","-89.5379,32.4067","0.5859880739842009","0.038961038961039","0.511291950664052","0.7711","0.75","1.0","0.6652825357182343","0.43113772455089816","0.5016507991249867","0.668779319283212","0.7075774720589249","0.4719203784418221"
"0.6180529872098921","10","5","Georgia, Dodge","-83.1695,32.1727","0.6955591048685469","0.157389635316699","0.5151868590749432","0.9602","0.75","0.7922333288990623","0.5990367492188454","0.48502994011976047","0.5561726637917245","0.46483982804844287","0.5963528511396311","0.3780350800030537"
"0.6176512850491013","10","5","Oklahoma, Craig","-95.2092,36.7627","0.7210381380376819","0.116161616161616","0.4773915000931935","0.7243","0.75","0.9523454485741492","0.7446579764574849","0.407185628742515","0.6075890184122873","0.4362899184880338","0.5609314123678915","0.3985480136063984"
"0.6176503957166746","10","4","Alabama, Talladega","-86.1689,33.3782","0.681238523434757","0.111593059936909","0.5783318833445583","0.7985","1.0","0.5802035115828437","0.5973574269857527","0.5089820359281437","0.560557323866868","0.5608920953394482","0.5730715386718093","0.40768258436731897"
"0.6175871079353991","10","5","North Carolina, Sampson","-78.3691,34.9882","0.6809160505652517","0.0883739198743126","0.5456402479651437","0.7902","0.75","0.7283659930549282","0.7774557707446468","0.4610778443113772","0.560557323866868","0.4490443571442791","0.6799112629168544","0.46221792567620856"
"0.6174785938129771","10","4","Georgia, Stephens","-83.2941,34.5515","0.7107889054424049","0.0936238902340597","0.586348611734011","0.7781","1.0","0.7922333288990623","0.5129973965085649","0.407185628742515","0.6017807168377609","0.42508699030562813","0.5891162274361913","0.40369862695087577"
"0.617219729920039","10","6","Pennsylvania, Philadelphia","-75.1379,40.0034","0.5804805622527373","0.0726616269886043","0.8421449071556667","0.8949","1.0","0.7607330979588356","0.689941601455808","0.49101796407185627","0.46408171358848016","0.3704321335660465","0.5262385894887711","0.3764487951777609"
"0.6168309166836936","10","5","South Carolina, Lee","-80.2569,34.1639","0.6271702508418752","0.0526315789473684","0.4593003399173551","0.9771","0.75","0.7732051260133426","0.6667235168467193","0.43113772455089816","0.5670390838965326","0.5758775549646384","0.6429284351677798","0.5456665212210694"
"0.6164500000156453","10","5","South Carolina, Chesterfield","-80.1564,34.6414","0.6753657425222356","0.108924806746311","0.5079753628586768","0.866","0.75","0.7732051260133426","0.6539485299997656","0.4191616766467066","0.5627304600978258","0.5237490182224035","0.6393170873143686","0.5333219587274647"
"0.6162660542309033","10","4","Oklahoma, Pontotoc","-96.6834,34.7296","0.6862962567336813","0.225239616613419","0.5329016527322609","0.6402","1.0","0.9523454485741492","0.7130674538648143","0.38922155688622756","0.5357771420024626","0.4519368640603247","0.45895146892524674","0.40112728139978304"
"0.6162406532880138","10","4","Oklahoma, Carter","-97.2855,34.251","0.6408848553481558","0.170998632010944","0.5367535621770686","0.7335","1.0","0.9523454485741492","0.7472537801813335","0.38922155688622756","0.5380992168517501","0.4430272502975049","0.48415278600505207","0.38188622150245255"
"0.6161560899631437","10","4","Missouri, St. Francois","-90.476,37.8121","0.7514579151731374","0.15546218487395","0.5974944279754254","0.9112","1.0","0.6898109656793697","0.41924264371473485","0.43712574850299407","0.5310891329236117","0.45218594700738446","0.46766143244479585","0.47952989184232103"
"0.6160336541623185","6","5","South Dakota, Buffalo","-99.2081,44.0766","0.9314560617540352","0.247524752475248","0.3866183374125377","0.8835","0.0","0.7704699034685317","0.7441346740817982","0.16766467065868262","0.29563056078471917","1.0","1.0","0.0"
"0.6159185479421049","10","4","Missouri, Scott","-89.5647,37.0559","0.7756530044385834","0.227491961414791","0.5635120498026353","0.6017","1.0","0.6898109656793697","0.499226090450253","0.5089820359281437","0.5691748594129424","0.5098634615072236","0.502930874383883","0.4018060406160097"
"0.6156757759917654","10","5","Arkansas, Jackson","-91.2149,35.598","0.819010817621191","0.281758957654723","0.48227306876574416","0.7084","0.75","0.610486779204959","0.5929945875521268","0.43113772455089816","0.5648909983668218","0.6455054156373431","0.5670954592187654","0.3095132874401378"
"0.6155777613917196","10","4","Georgia, Spalding","-84.2801,33.2631","0.5869473860089215","0.0765064319566689","0.6471125231935764","0.724","1.0","0.7922333288990623","0.6191339561438748","0.4970059880239522","0.560557323866868","0.5025205988144655","0.6187230304026367","0.45562717410283965"
"0.6152876953676375","10","5","Mississippi, Jefferson","-91.0376,31.734","0.6303926929660814","0.064638783269962","0.44131394302470994","0.9962","0.5","1.0","0.636989453622038","0.3532934131736527","0.5092312328105775","0.7438586317912047","0.7084085495614437","0.3869996881233196"
"0.6151056677019273","10","5","North Carolina, Bertie","-76.9655,36.0688","0.6822894004927474","0.0982658959537572","0.4890340295377214","0.923","0.5","0.7283659930549282","0.7049105940503322","0.3652694610778443","0.6371246099900815","0.5829665267521141","0.6497576346919025","0.7070710958208386"
"0.6150900649625742","10","5","South Carolina, Barnwell","-81.4358,33.2668","0.713420820784288","0.112676056338028","0.495747088196118","0.9758","0.75","0.7732051260133426","0.6671112353723813","0.44311377245508987","0.560557323866868","0.5490995884089875","0.6341015975896572","0.0"
"0.6150163450431907","10","4","Kentucky, Whitley","-84.1454,36.757","0.7390932838368581","0.292576419213974","0.5755211213028518","0.8946","1.0","0.7986013047908057","0.22676769807610905","0.4131736526946108","0.5310891329236117","0.5266156392784819","0.5695311630446407","0.31556636345927674"
"0.6146593071593771","10","5","North Carolina, Greene","-77.6758,35.4854","0.7909186235764681","0.206405693950178","0.5211321051483333","0.9793","0.575","0.7283659930549282","0.7670338106644852","0.44311377245508987","0.5166605513962695","0.352950151964795","0.7191855488920522","0.0"
"0.6143041698728647","10","4","Kansas, Wyandotte","-94.7638,39.1173","0.6938200617952235","0.081596564355185","0.7132492112934719","0.6686","1.0","0.6813178638986801","0.6747129674931698","0.4251497005988024","0.41912465076501093","0.47493283449097784","0.6839913181346998","0.3247502801406921"
"0.6141650253544992","10","4","Texas, Lubbock","-101.8205,33.6101","0.8041952389709341","0.183169924030907","0.6950567386599165","0.8555","1.0","0.8066953714640763","0.5480983418084203","0.311377245508982","0.42856039038869453","0.3075705673217615","0.42661041855325427","0.3910413675666912"
"0.6140688982957053","10","5","Texas, Limestone","-96.581,31.5455","0.6586291932111812","0.106221547799697","0.508824890143487","0.9099","0.75","0.8066953714640763","0.6368677729418177","0.4131736526946108","0.5837920978957992","0.4596295321998785","0.6996914403740648","0.41520542810956385"
"0.6139281894677593","6","5","South Dakota, Jackson","-101.6255,43.6932","0.829821030050508","0.493333333333333","0.300759601484831","0.9981","0.5","0.7704699034685317","0.731273872697798","0.10778443113772454","0.49129758316188105","0.6199090717866427","0.8332886628166455","0.0"
"0.6136012276183493","10","4","Arkansas, Craighead","-90.6324,35.8302","0.77005659416375","0.190014903129657","0.6165202735210171","0.9058","1.0","0.610486779204959","0.5571524871570954","0.4670658682634731","0.46689449529952165","0.45433923608681537","0.3950328646219318","0.3531488082007001"
"0.6135500842012758","10","5","Mississippi, Bolivar","-90.8737,33.797","0.6355332870034132","0.0393939393939394","0.5505761179941897","0.8386","0.75","1.0","0.5719289354048858","0.43712574850299407","0.49908933331939354","0.5391339041864256","0.6945258492111486","0.35973195338281294"
"0.6133267343784997","10","5","Alabama, Barbour","-85.3871,31.8683","0.631422573966496","0.0611620795107034","0.5432794017173901","0.9889","0.75","0.5802035115828437","0.6787939698681912","0.5089820359281437","0.579673914473061","0.5562758217660607","0.6562293085985033","0.4302174822509245"
"0.61312634823657","10","5","Georgia, Appling","-82.2891,31.7485","0.6877523036209829","0.0610619469026549","0.5163242433545093","0.894","0.75","0.7922333288990623","0.5761073539659265","0.4550898203592814","0.5472454870957077","0.5089438851170708","0.651941181222493","0.4445646408785765"
"0.6127619316881706","10","5","North Carolina, Anson","-80.0995,34.974","0.6078727495297674","0.0720461095100865","0.550797515463639","0.9682","0.675","0.7283659930549282","0.7145380855469134","0.43113772455089816","0.5627304600978258","0.5394470389605265","0.6200497023587123","0.6271053949784581"
"0.6127392167613358","10","4","Virginia, Martinsville City","-79.8635,36.6821","0.7002863144018058","0.116483516483516","0.6963575378099248","0.5597","1.0","0.7697111946822568","0.6460232478983577","0.38922155688622756","0.6037268925796017","0.48341427545425386","0.5955783334146809","0.21309925309024086"
"0.6126830082994864","10","4","Georgia, Tift","-83.5236,31.4574","0.6085949614837585","0.0430446194225722","0.6254560607824974","0.9561","1.0","0.7922333288990623","0.6018530988277457","0.4730538922155689","0.4939129750014257","0.4103747827702627","0.590109233038516","0.344869037575639"
"0.6125801492979297","10","5","North Carolina, Duplin","-77.9314,34.9345","0.6802110585399874","0.0774700598802395","0.5179321021977036","0.767","0.75","0.7283659930549282","0.6848615404637928","0.4131736526946108","0.5648909983668218","0.5239396788871992","0.7187925371614089","0.49806537421513747"
"0.6122666844360602","10","4","Mississippi, Pontotoc","-89.0364,34.226","0.674354698372911","0.0745644599303136","0.5299510041934896","0.5123","1.0","1.0","0.559701106670188","0.43113772455089816","0.4965101409658336","0.4411448215660817","0.6621689330343133","0.5945016971450312"
"0.6122613639246539","10","4","Indiana, LaPorte","-86.7407,41.5437","0.6953597545292962","0.207934990439771","0.6383240915318789","0.9051","1.0","0.5484650550776322","0.5098223932958055","0.562874251497006","0.5539608364828539","0.4752658001988642","0.4281408025989884","0.3778938736640361"
"0.6119765257299827","10","5","South Carolina, Newberry","-81.5994,34.2863","0.695088382353774","0.0985732814526589","0.4802128499848318","0.9236","0.825","0.7732051260133426","0.6529912139999239","0.43113772455089816","0.5938927650957907","0.4225788683537515","0.5300847754764556","0.4599913030780518"
"0.6119181758563229","10","9","Oklahoma, Delaware","-94.8033,36.4082","0.7515640249463669","0.23015873015873","0.49673783944606276","0.4117","0.75","0.9523454485741492","0.5718384626144565","0.4191616766467066","0.6899835619092616","0.4528054773187476","0.6469135377825976","0.5270035329335462"
"0.6118526054390238","10","4","Missouri, Buchanan","-94.8014,39.6582","0.7457062551225574","0.188961988304094","0.6425091932495344","0.8571","1.0","0.6898109656793697","0.48834049077904923","0.43113772455089816","0.5239446622367122","0.4557853563010153","0.4035548607436509","0.3944553649782495"
"0.6117445335867192","10","4","North Carolina, Pitt","-77.3735,35.5954","0.6990441853562193","0.125600549073439","0.6317855958321373","0.9647","1.0","0.7283659930549282","0.62688003493712","0.407185628742515","0.4407808887294848","0.3491812434594535","0.5050962539623637","0.36484058637744077"
"0.6116291222297284","10","4","Oklahoma, Murray","-97.0683,34.4812","0.7512288997765407","0.334645669291339","0.49989234714208","0.6262","0.825","0.9523454485741492","0.6481351900952019","0.37724550898203596","0.5978576089534523","0.4174493143199405","0.4094729270629574","0.4927411973095336"
"0.611576195487064","10","5","Arkansas, St. Francis","-90.7483,35.022","0.6795294829895439","0.0538740920096852","0.509142944524598","0.9908","0.75","0.610486779204959","0.7033118845195946","0.43113772455089816","0.5166605513962695","0.6140125686927993","0.6056968412878142","0.37538479186532797"
"0.6114571822890739","10","4","Texas, Grimes","-95.989,30.5458","0.6145029659818494","0.0520833333333333","0.5226437658312084","0.9147","1.0","0.8066953714640763","0.6069848195886851","0.43113772455089816","0.5472454870957077","0.419259411923144","0.542124620204727","0.5802489926673734"
"0.6113428158033096","10","4","South Carolina, Florence","-79.7019,34.0236","0.628213818644118","0.0606682844875863","0.572291217475043","0.9344","1.0","0.7732051260133426","0.6245026155144832","0.43113772455089816","0.5334405085950897","0.48447216199319937","0.5191261066247487","0.33668209584095554"
"0.6110981265901982","10","4","Oklahoma, Payne","-96.9758,36.077","0.658535420315717","0.091044776119403","0.5827046797138146","0.9573","1.0","0.9523454485741492","0.6345415173313069","0.38922155688622756","0.42229651508178717","0.34619580110113163","0.43963236871258443","0.4452555122549611"
"0.6108854250691121","10","4","Georgia, Gordon","-84.873,34.5049","0.7030052081404194","0.112349117920149","0.6353087387210476","0.7545","1.0","0.7922333288990623","0.4340732426667752","0.47904191616766467","0.4886637078344629","0.38701921994100075","0.5802433669127239","0.542593425820085"
"0.6107675953377603","10","6","Georgia, Dougherty","-84.2172,31.5333","0.5186929056295324","0.0282035561005518","0.6620645153928169","0.9204","1.0","0.7922333288990623","0.6320737720547778","0.4610778443113772","0.5016507991249867","0.5163126398586393","0.6994134860067841","0.277069027898903"
"0.6107650015347209","10","4","Oklahoma, Oklahoma","-97.4072,35.5514","0.6767538229999979","0.124187791708612","0.7009292610602543","0.6765","1.0","0.9523454485741492","0.7471881977382515","0.4191616766467066","0.45839165180163993","0.35028730876022873","0.3925156517375903","0.36652973902178326"
"0.6107580215443451","10","4","Virginia, Hopewell City","-77.2975,37.2919","0.6438763598758765","0.125523012552301","0.7304967166315459","0.6523","1.0","0.7697111946822568","0.6670479451189931","0.3712574850299401","0.526341402378779","0.5023013546589213","0.5757406272757892","0.33365227512449014"
"0.6107506426593543","10","4","Oklahoma, Custer","-99.0017,35.6385","0.7664596432568366","0.200807265388496","0.5132648617968958","0.8427","0.825","0.9523454485741492","0.6477284972945296","0.311377245508982","0.47245716285929296","0.4122556339666042","0.4216417571512088","0.4381193705078529"
"0.610543285202409","10","4","Indiana, Elkhart","-85.8588,41.5976","0.7526410199975933","0.151182230714115","0.6710227164832427","0.7966","1.0","0.5484650550776322","0.4757853408143649","0.6047904191616766","0.48601108590571473","0.38913113702568264","0.4599512568563592","0.4856807767087958"
"0.6104859556995911","10","5","Oklahoma, Beckham","-99.6813,35.2686","0.7866997870033721","0.214022140221402","0.49407143306294865","0.9468","0.75","0.9523454485741492","0.602833676885424","0.2874251497005988","0.46124754169706367","0.45758098450358736","0.41241137101021946","0.38519660638353337"
"0.6103733484476843","10","4","Kentucky, Knox","-83.854,36.8923","0.7521070719676022","0.263374485596708","0.5680869622421494","0.8173","0.75","0.7986013047908057","0.25126579218262585","0.4131736526946108","0.558371441896005","0.5894668583449472","0.5752288036783476","0.592434234098409"
"0.6103652612853033","10","4","Ohio, Scioto","-82.9891,38.8027","0.6492548710545163","0.271428571428571","0.5823414301187011","0.9436","1.0","0.7247088387345686","0.38404149707381824","0.43113772455089816","0.5648909983668218","0.5624842439055986","0.5047306137728993","0.3455579123848199"
"0.6102921093258163","10","4","North Carolina, Rockingham","-79.775,36.3959","0.6896043601161116","0.19758064516129","0.5738881046320947","0.7351","1.0","0.7283659930549282","0.581529962241144","0.43712574850299407","0.6075890184122873","0.4345661856700308","0.5089989997276169","0.3973722629213724"
"0.6093107781714614","10","5","Mississippi, Marion","-89.8209,31.2313","0.595096328776043","0.0482832618025751","0.5071838425996134","0.9179","0.75","1.0","0.5558486930495563","0.38323353293413176","0.5648909983668218","0.5058224402562788","0.6794966930697075","0.4802521480515245"
"0.6090994964421013","10","5","Mississippi, Sharkey","-90.816,32.8815","0.6108179770038481","0.0324909747292419","0.4819915083265605","0.9284","0.5","1.0","0.5940875990573228","0.40119760479041916","0.5670390838965326","0.6925997349211133","0.7394387937822032","0.33139790175574374"
"0.6089979281057314","10","5","Mississippi, Coahoma","-90.6042,34.2277","0.5975823136593759","0.0341186027619821","0.5580375221163156","0.8188","0.675","1.0","0.5990967518794953","0.43113772455089816","0.4886637078344629","0.6969664477753541","0.679678362590806","0.30815699808975877"
"0.6088058054620847","10","5","North Carolina, Bladen","-78.5618,34.613","0.6549334442533429","0.0927536231884058","0.49517612882285594","0.7555","0.675","0.7283659930549282","0.7880612097296624","0.4191616766467066","0.6189409155096902","0.5629550169678148","0.6352892318055856","0.4958239470225135"
"0.608739999506844","10","5","Arkansas, Mississippi","-90.0519,35.7627","0.7679901962444203","0.138902379796017","0.5517472688059775","0.7574","0.75","0.610486779204959","0.6140633913275167","0.4610778443113772","0.4886637078344629","0.6132929514292984","0.5859482743272747","0.3742861921712489"
"0.608437303420359","10","4","Kentucky, Adair","-85.2813,37.1046","0.7384031369616926","0.239819004524887","0.5302505005339895","0.9303","0.75","0.7986013047908057","0.3349595052604667","0.44311377245508987","0.5712984652022484","0.5558517883973924","0.5260056891627227","0.3983358445701903"
"0.6083440578022772","10","5","Arkansas, Miller","-93.8929,33.314","0.7509573412001154","0.225531914893617","0.5919527748125217","0.9822","0.825","0.610486779204959","0.639870450386207","0.4251497005988024","0.5357771420024626","0.4674409669613705","0.5362635981150455","0.0"
"0.6082452798271777","10","6","Texas, Jefferson","-94.1643,29.8833","0.5857759824218909","0.0538854933266808","0.6702411380050683","0.8762","1.0","0.8066953714640763","0.6847725631793917","0.4191616766467066","0.4833394486037307","0.4075288220261789","0.580048253847064","0.3673920426988725"
"0.607857398185821","10","6","South Carolina, Sumter","-80.3794,33.9183","0.5501676455273836","0.040223135642983","0.5669412922173417","0.9624","1.0","0.7732051260133426","0.6611159073552837","0.44910179640718567","0.5239446622367122","0.4443420031660332","0.5995707028103429","0.444130610953138"
"0.607798190899562","10","5","Mississippi, Noxubee","-88.5695,33.1101","0.6240678981235871","0.0403361344537815","0.4707424745373141","0.9685","0.5","1.0","0.6467090394746566","0.4251497005988024","0.526341402378779","0.545301045021162","0.7053589238672693","0.4580739756613655"
"0.6077760228601959","10","5","South Carolina, Williamsburg","-79.7277,33.6219","0.5810790711686716","0.0359195402298851","0.47104705901374555","0.9717","0.675","0.7732051260133426","0.6821185503399628","0.407185628742515","0.6037268925796017","0.6422844575781382","0.6054490440610356","0.5896521587749732"
"0.6075064488525498","10","5","Georgia, Tattnall","-82.0554,32.0479","0.6077889148651192","0.0566037735849057","0.5215642822709412","0.9608","0.75","0.7922333288990623","0.6332732987183465","0.4550898203592814","0.47245716285929296","0.5869863340454665","0.5903494001454084","0.5666056188076414"
"0.6075001879728518","10","5","South Carolina, Marlboro","-79.6756,34.5991","0.6776185005511465","0.0858490566037736","0.49556580643860154","0.9847","0.5","0.7732051260133426","0.8716036822765244","0.43712574850299407","0.5517358041566147","0.5775549027339745","0.6652904998588428","0.0"
"0.6072487917614263","10","5","Georgia, Jeff Davis","-82.6372,31.8041","0.6564988234847186","0.0568475452196382","0.5289400261715153","0.8344","0.75","0.7922333288990623","0.5878358570589018","0.4550898203592814","0.5191044408593759","0.5405270116024065","0.6826114775654493","0.4603942063604408"
"0.6071810753305414","10","4","South Carolina, Greenwood","-82.1272,34.1527","0.6021262655675369","0.0554649265905383","0.5642942565668884","0.8787","1.0","0.7732051260133426","0.6154372747577336","0.44910179640718567","0.5734100391661536","0.4394200593478701","0.580134607426093","0.3660243094647828"
"0.6071796223352021","10","4","North Carolina, Lee","-79.1757,35.4762","0.6899273959266937","0.119364754098361","0.6216216926178469","0.6447","1.0","0.7283659930549282","0.6541692610589525","0.44910179640718567","0.5310891329236117","0.37624142628442653","0.5623903397353269","0.47512954048366585"
"0.6071645612564935","10","5","North Carolina, Hertford","-76.981,36.3608","0.6169227311188076","0.0603550295857988","0.4869427506420327","0.9828","0.675","0.7283659930549282","0.7627602469462551","0.3652694610778443","0.595880459448231","0.5869133114724673","0.6477954827510239","0.370689935446938"
"0.6069306455953308","10","5","Georgia, McDuffie","-82.4825,33.4785","0.6185480194033394","0.0709969788519638","0.5614188949636156","0.8854","0.825","0.7922333288990623","0.6246076108166382","0.4730538922155689","0.5517358041566147","0.433544475384319","0.6235814789618822","0.46837809321920515"
"0.6069204573629318","10","4","Kentucky, Fayette","-84.4558,38.0368","0.7980375322121894","0.286537878021645","0.7416720852659398","0.7701","1.0","0.7986013047908057","0.4890206717988517","0.4670658682634731","0.44674408486908573","0.3122134190789658","0.26869709405067443","0.30805683875511025"
"0.6068153346401555","10","5","Mississippi, Tallahatchie","-90.1729,33.9534","0.6162746501632863","0.0366748166259169","0.49511381171328533","0.9548","0.5","1.0","0.6498354767770188","0.4191616766467066","0.4939129750014257","0.5672831441138158","0.6792752984799955","0.5335705330970432"
"0.6066902648715979","10","5","Oklahoma, Hughes","-96.2492,35.0491","0.6984353176821315","0.150837988826816","0.44441801919489093","0.5514","0.5","0.9523454485741492","0.7999713056951805","0.38323353293413176","0.5918944128138512","0.5799688419807179","0.7153134447193575","0.48715203272791574"
"0.6064806814159239","10","5","Georgia, Decatur","-84.5762,30.8797","0.6068697487102434","0.0420969023034154","0.5566868257670159","0.9806","0.75","0.7922333288990623","0.6870659337382767","0.4730538922155689","0.5287228277828","0.40139294451815116","0.6586673135716458","0.4287252565584269"
"0.6063964248517276","10","4","Georgia, Clarke","-83.3712,33.9544","0.6494501891427469","0.0635921455593587","0.7197716913352145","0.9551","1.0","0.7922333288990623","0.5799544355671894","0.47904191616766467","0.37162696325125594","0.26325590377700264","0.5773404090785831","0.3724182338681534"
"0.6061920165412784","10","4","Virginia, Lynchburg City","-79.1989,37.4002","0.6700456080551294","0.147107438016529","0.7471336276246651","0.893","1.0","0.7697111946822568","0.5858033414057148","0.3652694610778443","0.48601108590571473","0.352508677845276","0.47689133413372886","0.3048074898893847"
"0.6058082801490635","10","4","South Carolina, Pickens","-82.7279,34.8881","0.7122525685307994","0.144470105209135","0.5673941585860083","0.9175","1.0","0.7732051260133426","0.4154696678098606","0.44311377245508987","0.5334405085950897","0.34490224274900777","0.4591485197991317","0.5311260638483917"
"0.6056442916611766","10","5","Oklahoma, McIntosh","-95.666,35.3724","0.7028062234949406","0.186516853932584","0.46655726244652895","0.582","0.75","0.9523454485741492","0.7303335443613419","0.40119760479041916","0.6960934005090119","0.4926639140904223","0.6490884852891895","0.0"
"0.6054078255468182","10","5","Georgia, Emanuel","-82.3024,32.5922","0.6459217654203514","0.0524505588993981","0.5034699516998568","0.8771","0.75","0.7922333288990623","0.6144680699163466","0.4610778443113772","0.5239446622367122","0.47673546632515107","0.7166386633192644","0.42180027925375513"
"0.605401479019443","10","4","Mississippi, Lafayette","-89.4849,34.3569","0.6486785753713941","0.0624741414977244","0.5809558610449015","0.8214","1.0","1.0","0.5498868861914368","0.4131736526946108","0.4159255598121659","0.35023291237388066","0.44711582073869005","0.6717885714200107"
"0.6052602026460396","10","4","Virginia, Lexington City","-79.4426,37.7826","0.8316852901977997","0.395121951219512","0.766071620040714","0.6692","0.75","0.7697111946822568","0.40399682964710304","0.3233532934131737","0.5287228277828","0.48098584226726165","0.39193007031458266","0.4100133076466976"
"0.6051952354417345","10","5","Mississippi, Holmes","-90.0892,33.1235","0.5402972195638612","0.0185512367491166","0.4783419315115618","0.9729","0.5","1.0","0.604931398410728","0.4131736526946108","0.4886637078344629","0.7605046660316123","0.7256346957780366","0.5215434469529122"
"0.6049469340566372","10","4","North Carolina, Burke","-81.7076,35.7499","0.6614784471172045","0.110220440881764","0.6082745098269694","0.7924","1.0","0.7283659930549282","0.5244198995806958","0.4251497005988024","0.6037268925796017","0.3781775727454603","0.5871885927043216","0.4106543527665872"
"0.6047468946657353","10","5","Mississippi, Winston","-89.0339,33.0875","0.6535950669066475","0.0638036809815951","0.49364289538818923","0.7861","0.75","1.0","0.7347895690767996","0.4251497005988024","0.6037268925796017","0.487896474267646","0.612141143653236","0.0"
"0.6044708307438322","10","5","South Carolina, Jasper","-81.0249,32.4317","0.5907367546885038","0.0581527936145952","0.5143987071140352","0.9226","0.75","0.7732051260133426","0.6892877168542497","0.43113772455089816","0.560557323866868","0.4970268893608641","0.6508306959965245","0.5218458340251276"
"0.6039018266086587","10","4","North Carolina, Craven","-77.084,35.1183","0.6622505641086163","0.148936170212766","0.6083961503098304","0.9054","1.0","0.7283659930549282","0.5992871437001615","0.38323353293413176","0.579673914473061","0.38209481882223495","0.4253902049365423","0.41367315799884097"
"0.6038036893984013","10","5","Oklahoma, Latimer","-95.2522,34.8784","0.656701417404071","0.168539325842697","0.4603700883415461","0.8797","0.5","0.9523454485741492","0.6655889327932828","0.37724550898203596","0.6371246099900815","0.5087411733374417","0.6303027667904725","0.4202087644789623"
"0.603790776981849","10","6","North Carolina, Cumberland","-78.8262,35.0476","0.6186472704585393","0.111179173047473","0.6740987200810862","0.8567","1.0","0.7283659930549282","0.7512898271753541","0.4550898203592814","0.40284731239848715","0.3869382851246069","0.47104751009204476","0.43759896263447895"
"0.6037520442059042","10","4","Mississippi, Oktibbeha","-88.8791,33.4249","0.6029986439145543","0.0493319630010277","0.6013098248003335","0.886","1.0","1.0","0.5569641681237898","0.43712574850299407","0.38582646381517377","0.37036856691078357","0.535534618883384","0.4832171405008892"
"0.6037192337302343","10","4","North Carolina, Rowan","-80.5245,35.64","0.6363921770154793","0.0903752872095992","0.625651459970441","0.8144","1.0","0.7283659930549282","0.5728030057328527","0.4550898203592814","0.5539608364828539","0.43382701107108196","0.5121152375795275","0.4282179424669274"
"0.6036200603953832","10","4","Kentucky, Johnson","-82.8264,37.8511","0.6721962300352305","0.312236286919831","0.5129912979069761","0.9459","1.0","0.7986013047908057","0.12501404229093566","0.407185628742515","0.5627304600978258","0.6022123495738757","0.54372646092876","0.4205609841252108"
"0.6035599510243347","10","4","North Carolina, Jackson","-83.1409,35.2881","0.6848902378009378","0.187203791469194","0.5845449533912112","0.8733","1.0","0.7283659930549282","0.6311530622538284","0.3233532934131737","0.5978576089534523","0.3028936089564807","0.4571489439369069","0.4801088672145185"
"0.603494903445872","10","6","Texas, Hunt","-96.0855,33.1235","0.5813761096307977","0.0848094471282877","0.5942475279297503","0.9545","1.0","0.8066953714640763","0.5643542160286464","0.44311377245508987","0.5310891329236117","0.3846682702847873","0.5292699271178215","0.47980615445695574"
"0.6032875877621691","10","5","Mississippi, Kemper","-88.6411,32.7546","0.6304571430564282","0.0754716981132075","0.4120619390742283","0.9446","0.5","1.0","0.8580507033989828","0.4191616766467066","0.5938927650957907","0.5745327906238308","0.6249162654899004","0.0"
"0.6031118691182216","10","6","Texas, Nacogdoches","-94.618,31.6202","0.559717577756294","0.052479815455594","0.5479801879555175","0.999","1.0","0.8066953714640763","0.612304704994637","0.4131736526946108","0.47793802351369025","0.4054628171726078","0.6749075998537439","0.3518043084207069"
"0.6030869481931478","10","4","Ohio, Ross","-83.06,39.3371","0.7070507835899279","0.255172413793103","0.5420500593043991","0.8446","1.0","0.7247088387345686","0.41188699816659663","0.4730538922155689","0.5287228277828","0.4823775519775363","0.45563067119257933","0.36068569433785425"
"0.6027321828532893","10","5","Texas, Nolan","-100.406,32.3037","0.7485229594377526","0.243767313019391","0.5256401580466398","0.8848","0.75","0.8066953714640763","0.5103446445587961","0.2754491017964072","0.5734100391661536","0.44475235463505647","0.5955595608975007","0.34861999999482196"
"0.6025931270246736","10","5","Georgia, Coffee","-82.8549,31.5489","0.6128332107802129","0.0411710887465691","0.5572392675557096","0.9462","0.825","0.7922333288990623","0.6116232975337019","0.4670658682634731","0.46689449529952165","0.4225087750790923","0.6526782750260969","0.4766044176558891"
"0.602535180890015","10","5","South Carolina, Marion","-79.364,34.0786","0.7017935110242284","0.122159090909091","0.5085101284693931","0.5014","0.75","0.7732051260133426","0.7009078974373968","0.4131736526946108","0.5858342498966352","0.6301855628798501","0.6560035539402849","0.39381253355711515"
"0.6017652070443517","10","5","South Carolina, Allendale","-81.3532,32.9884","0.6561756577543422","0.0607476635514019","0.4798341939207929","0.9978","0.5","0.7732051260133426","0.6633620063052044","0.43113772455089816","0.5878652729484978","0.5675997751232914","0.6317939102196494","0.4373082056223255"
"0.6017334101627664","10","4","Virginia, Galax City","-80.917,36.666","0.5748571733154632","0.0232018561484919","0.7034837461964067","0.9188","1.0","0.7697111946822568","0.4413399224589495","0.33532934131736525","0.6661358670949733","0.4737576781950569","0.6725649108226711","0.1836022098079947"
"0.6016661880408211","10","5","Texas, Hale","-101.8268,34.0704","0.8077097632924319","0.141212926073484","0.5512065143472252","0.8628","0.675","0.8066953714640763","0.5566692005596108","0.2754491017964072","0.46408171358848016","0.2900502409254848","0.7097164490003393","0.47855577512163683"
"0.6015657459912664","10","6","Illinois, Cook","-87.8166,41.8414","0.6595666268588768","0.0947520620820928","0.8223579570945715","0.8758","1.0","0.48583792883850596","0.6204805193272244","0.718562874251497","0.4833394486037307","0.24747306287389803","0.3611072926869177","0.4166402860524928"
"0.6015356721231605","10","4","Mississippi, Pearl River","-89.5868,30.7709","0.6279254657185338","0.120147874306839","0.538742625211461","0.5154","1.0","1.0","0.5555263377365111","0.37724550898203596","0.5817386943120182","0.4872665627217076","0.5767341173301701","0.513308907591693"
"0.6015049449348677","10","4","Missouri, Phelps","-91.7935,37.8774","0.7400868748049546","0.329380764163373","0.5985490259102145","0.8265","1.0","0.6898109656793697","0.40859246873363286","0.40119760479041916","0.5215324091055006","0.4215919839526426","0.45792782173036345","0.35640392537926124"
"0.6014349862730263","10","4","Alabama, Calhoun","-85.8263,33.7748","0.6811983384042808","0.0991674828599412","0.6179997020686236","0.6492","1.0","0.5802035115828437","0.5817020624544216","0.5269461077844312","0.5539608364828539","0.5430519957701405","0.5271007930359048","0.3703854635858774"
"0.6013965724515641","10","4","Oklahoma, Tulsa","-95.9401,36.1194","0.6853614808859045","0.116770002952465","0.6983667110842445","0.5963","1.0","0.9523454485741492","0.7545238528684098","0.37724550898203596","0.4752076683887773","0.3404017725745727","0.365375194189579","0.371804590583576"
"0.6013441842821395","10","6","Alabama, Russell","-85.1842,32.2873","0.556415194074814","0.0410742496050553","0.6080550132713158","0.7768","1.0","0.5802035115828437","0.6666124394005838","0.5449101796407185","0.46968620728685795","0.6053300512514289","0.5831181054145875","0.541023371377693"
"0.6008983592305441","10","5","North Carolina, Vance","-78.4067,36.3688","0.5643664667112234","0.0557977332170881","0.6149459266384973","0.9172","0.825","0.7283659930549282","0.7127248188796065","0.4191616766467066","0.5670390838965326","0.44991516693370304","0.6067713559486049","0.4625808699932369"
"0.6008882573241832","10","5","North Carolina, Chowan","-76.6012,36.1291","0.7635378771761177","0.191836734693878","0.5738452779549122","0.7173","0.675","0.7283659930549282","0.6087986240533184","0.33532934131736525","0.6774549264631455","0.47380648049205026","0.54806194349327","0.33675513887213143"
"0.6007625578438769","10","4","Alabama, Bibb","-87.1251,32.9964","0.7097430896663862","0.126114649681529","0.49893092215234486","0.7189","1.0","0.5802035115828437","0.563161735048562","0.49101796407185627","0.542700408721451","0.49039775038460054","0.5319893987356529","0.5096304666888399"
"0.6002095999943271","10","5","Kentucky, Clay","-83.7126,37.1645","0.7070127757295739","0.202325581395349","0.4935022568286303","0.9898","0.675","0.7986013047908057","0.34099524666438763","0.407185628742515","0.4939129750014257","0.5918008468064484","0.6157357779107061","0.45478246632512015"
"0.6001821754726648","10","4","Georgia, Dade","-85.5049,34.8549","0.6132593877680363","0.104938271604938","0.5885532800716373","0.9118","1.0","0.7922333288990623","0.319419268779149","0.44910179640718567","0.5817386943120182","0.5167636495360645","0.46103013158565637","0.5920388771899561"
"0.599986571116576","10","4","Indiana, Wayne","-85.0104,39.8633","0.7277631099843025","0.218383311603651","0.6277974985105438","0.6915","1.0","0.5484650550776322","0.40819514631633586","0.5089820359281437","0.5918944128138512","0.5387199936028786","0.4479425381727026","0.4154720555450598"
"0.5998971389911478","10","4","Georgia, Butts","-83.9544,33.2831","0.5793559405882784","0.0539419087136929","0.5410957643976465","0.8319","1.0","0.7922333288990623","0.5732649966661342","0.4970059880239522","0.5142005305328247","0.4292784715715709","0.5640529791924209","0.5606427445563879"
"0.599769379706384","7","4","Illinois, Vermilion","-87.7338,40.1842","0.7685560029894447","0.353602115003305","0.6012995518436448","0.7587","0.825","0.48583792883850596","0.5107172911253018","0.5149700598802395","0.5858342498966352","0.49930653628176935","0.44356345492312904","0.3473942171306194"
"0.5996925626086602","10","5","Arkansas, Columbia","-93.2264,33.2123","0.7033420673526976","0.151376146788991","0.4986171821530764","0.9538","0.75","0.610486779204959","0.6403495602786824","0.407185628742515","0.5561726637917245","0.4700013954955712","0.5603894316299475","0.43022229907107373"
"0.5996321994757674","10","4","Oklahoma, Jackson","-99.4114,34.5878","0.7679708627429196","0.169941060903733","0.5143097137975837","0.6893","0.75","0.9523454485741492","0.6310135188637845","0.311377245508982","0.5016507991249867","0.38970514537678824","0.5100955569569678","0.48141475586936927"
"0.599451395578991","10","6","Alabama, Pike","-85.9408,31.804","0.5999035823781478","0.048424289008455","0.5521566555085942","0.9233","1.0","0.5802035115828437","0.6617875551628772","0.47904191616766467","0.5016507991249867","0.45343703665464397","0.6011312439965792","0.43292525217920147"
"0.5991656659689986","10","5","Oklahoma, Adair","-94.6586,35.8849","0.6489880312186633","0.0850767085076709","0.4858522278204531","0.5571","0.5","0.9523454485741492","0.6543375282452771","0.407185628742515","0.5191044408593759","0.7467578957952883","0.7880023268232262","0.4277537909034034"
"0.5990575373228256","10","5","Florida, Jackson","-85.215,30.7955","0.6779917952997904","0.0548980933596318","0.5174167887720768","0.9784","0.75","0.4454391386730797","0.649471227972814","0.44910179640718567","0.5898852876912913","0.5168251671605023","0.6232009418716878","0.49210066611477965"
"0.5989789749514175","10","9","Mississippi, Covington","-89.5539,31.6323","0.6890516183788755","0.0775109170305677","0.5413204600812725","0.2579","1.0","1.0","0.5394766696161096","0.4131736526946108","0.540406913436432","0.525540831525254","0.6638531306079111","0.4883620489373094"
"0.5987869534564638","10","4","North Carolina, Gaston","-81.1748,35.2937","0.7308979506671577","0.173548773189707","0.6760791703879456","0.5661","1.0","0.7283659930549282","0.5705400732739403","0.4730538922155689","0.526341402378779","0.3292294147575384","0.4600227135346579","0.4821699906793805"
"0.5983959334045823","10","4","Mississippi, Lowndes","-88.4419,33.4739","0.5793595968642387","0.0546290971822887","0.5735919569961184","0.6562","1.0","1.0","0.5947456236505428","0.4550898203592814","0.5117241638959221","0.4679816603464506","0.5659585713557307","0.3578876604029821"
"0.5983741237510206","10","4","Kentucky, Jefferson","-85.6593,38.1866","0.6771235335729087","0.136673553719008","0.7758351442473156","0.7128","1.0","0.7986013047908057","0.49183578271849077","0.592814371257485","0.5191044408593759","0.40777499877450957","0.2476928273603019","0.3441441321753956"
"0.5978428970893924","10","4","Oklahoma, Marshall","-96.7686,34.0231","0.670899274503633","0.219123505976096","0.5194181952239186","0.4887","0.825","0.9523454485741492","0.6233503460041506","0.39520958083832336","0.6493451083308717","0.44974551746693153","0.5252650830817109","0.5156939897004397"
"0.5978060749415258","10","4","Georgia, Troup","-85.0281,33.0335","0.5828608678112139","0.0391099123398517","0.6077421628644586","0.7838","1.0","0.7922333288990623","0.605267921946711","0.49101796407185627","0.49129758316188105","0.43659149277808035","0.5901720906928162","0.3954925333124948"
"0.5976755011607483","10","5","Missouri, Mississippi","-89.2951,36.8252","0.7076638690696007","0.152230971128609","0.527206439500244","0.8746","0.575","0.6898109656793697","0.5679525522545614","0.502994011976048","0.560557323866868","0.6440687873608092","0.6834785256331455","0.0"
"0.5976577486705011","10","5","North Carolina, Swain","-83.4875,35.4867","0.7118656448008345","0.286995515695067","0.48866847029580474","0.5498","0.825","0.7283659930549282","0.6793339085055836","0.3233532934131737","0.6037268925796017","0.46456162707064547","0.7056890779436125","0.3581214513365897"
"0.5976177750483916","10","4","Oklahoma, Mayes","-95.2318,36.3018","0.6805898900911631","0.166475315729047","0.5291650030503071","0.6135","0.75","0.9523454485741492","0.5977806712217342","0.43113772455089816","0.5775976316230177","0.448326392637565","0.5128743739516912","0.5455651188062028"
"0.5975020804816251","10","6","Missouri, St. Louis City","-90.2435,38.6356","0.5682503521724573","0.0586771447282253","0.8242153034590445","0.7985","1.0","0.6898109656793697","0.602618024529475","0.5089820359281437","0.44674408486908573","0.5132880228892721","0.5010693673576931","0.26716749702594483"
"0.597395180348422","10","6","Georgia, Thomas","-83.9185,30.8639","0.5585489770456311","0.0388287714831318","0.5759889773044112","0.8093","1.0","0.7922333288990623","0.6432532501580688","0.49101796407185627","0.5627304600978258","0.4060733464819049","0.5986140311122378","0.3448831357485249"
"0.5972534554619237","10","4","Missouri, Taney","-93.0408,36.6547","0.6607631920915378","0.108611825192802","0.575690420805266","0.9526","1.0","0.6898109656793697","0.3904210894579381","0.407185628742515","0.6335581539925471","0.36406681576932387","0.5275320764789928","0.4371782990456945"
"0.5972511198318927","10","4","Missouri, Laclede","-92.5888,37.659","0.7883853164294453","0.271790065604499","0.5455148957125651","0.6256","1.0","0.6898109656793697","0.3151748018209523","0.38922155688622756","0.5648909983668218","0.4550476318299338","0.5210882585656271","0.5048631303225992"
"0.5972474745416468","10","4","Indiana, Vigo","-87.3917,39.4294","0.7042885811338503","0.18480909829407","0.6629866708796817","0.8421","1.0","0.5484650550776322","0.4505543443290894","0.4970059880239522","0.5239446622367122","0.43386561899552584","0.46471342056942255","0.37766333935381624"
"0.5971256367560978","10","6","Texas, Walker","-95.5744,30.7387","0.5539574056095028","0.0249027237354086","0.5955482555154494","0.9895","1.0","0.8066953714640763","0.631366739440998","0.4251497005988024","0.43472072581226856","0.3981904555718199","0.5358336469151123","0.4994413764824666"
"0.596821932362806","10","4","Indiana, Vanderburgh","-87.5876,38.0266","0.7680841278162321","0.229197080291971","0.6990751462885874","0.7096","1.0","0.5484650550776322","0.45346074325728447","0.5688622754491018","0.5380992168517501","0.41577185534834943","0.31492472038941227","0.3544125643727838"
"0.596792720081789","10","4","Georgia, Franklin","-83.2316,34.3753","0.6392832930209982","0.0707434052757794","0.5546757710066691","0.688","1.0","0.7922333288990623","0.4814515495590212","0.44910179640718567","0.6075890184122873","0.42155283486705436","0.6042105423791997","0.45502844860299335"
"0.5967859757582663","10","4","Mississippi, Panola","-89.9506,34.364","0.6627262906647446","0.0635978195033313","0.5312647119799613","0.5489","0.825","1.0","0.6063597263246822","0.4191616766467066","0.5092312328105775","0.48801973345246985","0.6341451982747209","0.41825556215136617"
"0.5966908907374319","10","4","Mississippi, Stone","-89.1155,30.7919","0.6703620422477973","0.135555555555556","0.5064518188542921","0.5985","0.825","1.0","0.5771385469847861","0.38922155688622756","0.5215324091055006","0.5094568401701381","0.5231615922534179","0.5289809731325321"
"0.5966068511905832","9","9","Oklahoma, Nowata","-95.619,36.7984","0.7664048265222523","0.315315315315315","0.4673182320060114","0.2525","0.675","0.9523454485741492","0.7131114871996086","0.4131736526946108","0.5998243249034969","0.5062210276024501","0.5772694368523407","0.45430461217267015"
"0.59660450398215","10","5","Missouri, Pemiscot","-89.7874,36.2131","0.7457311633313791","0.142428785607196","0.49638683501549014","0.6199","0.675","0.6898109656793697","0.5938244531991504","0.47904191616766467","0.540406913436432","0.6184908412427395","0.6704484609018729","0.27740722600421874"
"0.596291868267645","10","4","Arkansas, Sebastian","-94.2716,35.1961","0.716082587855002","0.13064551663362","0.6514281151834136","0.6998","1.0","0.610486779204959","0.6139979932089248","0.4550898203592814","0.5166605513962695","0.41291234500271545","0.4737386412645846","0.32800975954219674"
"0.5962907247366027","10","4","Virginia, Franklin City","-76.9386,36.6831","0.7254836728143464","0.0843881856540084","0.6516650293641145","0.2919","1.0","0.7697111946822568","0.657019912295466","0.34730538922155696","0.595880459448231","0.6600508779858802","0.49105828672803625","0.2662792692382408"
"0.5961802730080628","10","4","Alabama, Montgomery","-86.2097,32.2207","0.645701468994303","0.0632345293811752","0.6824234818292259","0.7463","1.0","0.5802035115828437","0.6342865860157479","0.532934131736527","0.49129758316188105","0.4614068876921968","0.48369800663723544","0.3876645735375624"
"0.596172438714533","10","6","Alabama, Tallapoosa","-85.7983,32.867","0.5955598059689928","0.0583136327817179","0.5365739958548955","0.8685","1.0","0.5802035115828437","0.5832139959147069","0.502994011976048","0.626321192473144","0.462348771541813","0.5621042707961037","0.42367880495752996"
"0.5959241559170922","10","5","Oklahoma, Osage","-96.3964,36.6289","0.6933221258221444","0.138321995464853","0.4566374049293563","0.5552","0.675","0.9523454485741492","0.834293535426304","0.43113772455089816","0.5918944128138512","0.3728693591349727","0.4848956932333312","0.5846241160260052"
"0.5959169213891835","6","5","Texas, Culberson","-104.5186,31.4451","0.8507832654240847","0.345238095238095","0.3994333944725032","0.8844","0.5","0.8066953714640763","0.4122808591424206","0.17365269461077848","0.6017807168377609","0.4103169780555928","0.79252529233351","0.33659799853778766"
"0.5956023068320349","10","4","Ohio, Athens","-82.0428,39.3343","0.7204462122559486","0.275982532751092","0.6074722334033194","0.9952","0.825","0.7247088387345686","0.3540391971829939","0.44910179640718567","0.43165328621112686","0.3791083547965707","0.5002215762592332","0.478833510780041"
"0.5955885688353384","10","6","Georgia, Muscogee","-84.8714,32.5093","0.49260785731936546","0.0255591054313099","0.7319244797402832","0.8596","1.0","0.7922333288990623","0.6514846149130232","0.532934131736527","0.44674408486908573","0.480820648047788","0.5363512839372291","0.3369306845693243"
"0.5955551854266325","10","4","Indiana, St. Joseph","-86.2904,41.6176","0.7366854857650773","0.169933133502421","0.6924789469681146","0.7157","1.0","0.5484650550776322","0.5432148410019714","0.5868263473053893","0.5142005305328247","0.35888459864006156","0.34083103632409406","0.4343163616378327"
"0.5954997804911196","10","5","Georgia, Mitchell","-84.1938,31.2248","0.5041796398351989","0.023696682464455","0.5268764659985251","0.9592","0.75","0.7922333288990623","0.6733190897277122","0.48502994011976047","0.5287228277828","0.44841099869776785","0.7275177609207302","0.5602788063448255"
"0.5954301112224789","10","4","Kentucky, Calloway","-88.2732,36.6209","0.7252468465723056","0.230224321133412","0.5748936358876292","0.8026","1.0","0.7986013047908057","0.3765015556168809","0.4610778443113772","0.5494974081927578","0.3477238458770511","0.40510728735794505","0.39728846249813693"
"0.5954266684553637","10","9","Virginia, Buena Vista City","-79.353,37.7348","0.7249243637232308","0.256198347107438","0.6894830144225587","0.298","1.0","0.7697111946822568","0.5320251737137383","0.3233532934131737","0.5878652729484978","0.8181200599403647","0.4838652637096602","0.0"
"0.5953571091586333","10","6","Wisconsin, Milwaukee","-87.9673,43.0049","0.7145065373706846","0.119012426780533","0.8040903408418779","0.8529","1.0","0.38022621028167947","0.6584740139128471","0.5089820359281437","0.4555137084840577","0.35621276706115024","0.3929595309341411","0.37366540044408303"
"0.59515555501038","10","6","Georgia, Terrell","-84.4407,31.7753","0.49084685607563483","0.0207100591715976","0.5620011888128879","0.9433","1.0","0.7922333288990623","0.6859431889926015","0.4730538922155689","0.5858342498966352","0.4440322179994683","0.7155742010386409","0.0"
"0.5950308365302677","10","4","Michigan, Calhoun","-85.0049,42.2463","0.7126710911788128","0.277372262773723","0.6438213018911954","0.7214","1.0","0.5192862589944978","0.5539777496106866","0.5089820359281437","0.5561726637917245","0.417421547795379","0.3561870764904986","0.4805459255846561"
"0.5948136301949076","10","4","Arkansas, Hot Spring","-92.954,34.3171","0.7115133828842092","0.0717339667458432","0.5420787644619157","0.8462","0.825","0.610486779204959","0.53937615361539","0.43113772455089816","0.5858342498966352","0.520503977336692","0.5046505580706019","0.4305034594316177"
"0.5945753708812966","10","4","North Carolina, McDowell","-82.0482,35.6774","0.6683321841822618","0.12096106048053","0.5639431661894437","0.7539","1.0","0.7283659930549282","0.4605636164853491","0.3712574850299401","0.6095051758860066","0.44181958940786026","0.5111734627821525","0.5207053129692149"
"0.5945654045455148","10","4","South Carolina, Spartanburg","-81.9923,34.9296","0.6632198400461626","0.118294024196505","0.6062387187385061","0.8513","1.0","0.7732051260133426","0.5589146265968262","0.38922155688622756","0.5287228277828","0.37067040323924355","0.41242626791094955","0.44834283487476034"
"0.5945180954690364","10","5","Alabama, Hale","-87.6328,32.7604","0.7209913079050261","0.096336499321574","0.4970406089370803","0.9347","0.5","0.5802035115828437","0.6056200293331345","0.4670658682634731","0.5858342498966352","0.5786807247509423","0.6094193708881375","0.4445306205747121"
"0.5939148408923132","10","5","South Carolina, Laurens","-82.0049,34.4824","0.5897077559442583","0.063345966432052","0.5223497273208497","0.8704","0.825","0.7732051260133426","0.5661794171074395","0.4550898203592814","0.5712984652022484","0.45328104550878345","0.6066246880885715","0.5491296969534525"
"0.59357188958326","10","4","Georgia, Carroll","-85.0798,33.5814","0.6363882133489838","0.0933753943217666","0.6183222776135566","0.6272","1.0","0.7922333288990623","0.5760663718272934","0.48502994011976047","0.46124754169706367","0.44098899327661095","0.5611806629508387","0.43944254574644426"
"0.5934216183082818","10","4","Florida, Columbia","-82.6216,30.2251","0.6599535905351172","0.0516191867543219","0.58503831092863","0.9726","1.0","0.4454391386730797","0.5746090104598212","0.34730538922155696","0.579673914473061","0.5052947412059827","0.5479018320886752","0.36842864417552434"
"0.5934204037017895","10","9","Mississippi, Montgomery","-89.6173,33.4942","0.6864695824999505","0.0702087286527514","0.47668886259536103","0.3508","0.825","1.0","0.6200013614158549","0.39520958083832336","0.624489779413553","0.5427282249131978","0.605595227469013","0.4519273781016262"
"0.5934150243406822","7","4","Tennessee, Dyer","-89.4154,36.0593","0.8464864349188189","0.238095238095238","0.5536087021737445","0.3951","1.0","0.4911779531988354","0.5106353870405296","0.43113772455089816","0.5561726637917245","0.5631746505063616","0.5098971738399282","0.34303968562367915"
"0.5933619605700968","10","4","Missouri, Jasper","-94.3405,37.2035","0.7128176805381928","0.113607990012484","0.6202488066298036","0.5813","1.0","0.6898109656793697","0.47861426851993827","0.4191616766467066","0.5067215141840639","0.4257720480136531","0.47711175981932846","0.7588705425632434"
"0.5930410480143798","10","5","Kentucky, Perry","-83.2292,37.2502","0.6703078530845301","0.195852534562212","0.571774270610542","0.9831","0.75","0.7986013047908057","0.265691448159586","0.39520958083832336","0.5287228277828","0.6452059455589765","0.5802195076489529","0.24158462959466095"
"0.5929974378266721","10","6","Texas, Gregg","-94.8159,32.4794","0.533620174760786","0.0575894693541752","0.6743786538798262","0.951","1.0","0.8066953714640763","0.6379441555530592","0.43113772455089816","0.504194780386106","0.33203519445214247","0.5355594470512675","0.353354947833947"
"0.5929591365782442","10","4","Indiana, Delaware","-85.3973,40.2279","0.7356913578591175","0.223342939481268","0.6387303303361814","0.7011","1.0","0.5484650550776322","0.42082135808431176","0.5089820359281437","0.5494974081927578","0.4333197335868532","0.45406964555428647","0.4122075521589132"
"0.5929259532675288","10","4","Illinois, Jefferson","-88.924,38.2998","0.7111654020231883","0.198356807511737","0.575572661167914","0.928","1.0","0.48583792883850596","0.45647724147618074","0.5149700598802395","0.5858342498966352","0.3596245259907247","0.44032210732768856","0.3756874649047619"
"0.5927441555273618","10","9","Mississippi, Jefferson Davis","-89.8267,31.5688","0.6941241837859492","0.111675126903553","0.43045522115669876","0.5113","0.5","1.0","0.6203418297822894","0.40119760479041916","0.6388951207196634","0.6191533505721343","0.6845669682905541","0.4244876517272307"
"0.5925585622447239","10","4","Mississippi, Union","-89.0078,34.4916","0.6700441862303513","0.0816505706760316","0.5554764268520276","0.5298","1.0","1.0","0.49604589091477674","0.4251497005988024","0.542700408721451","0.4108129875431148","0.5521539888995078","0.3578137472309484"
"0.5922007536921609","10","6","Texas, Caldwell","-97.6181,29.8367","0.5256031037945841","0.0274626865671642","0.555417448095714","0.9631","1.0","0.8066953714640763","0.5598530866470884","0.4251497005988024","0.46968620728685795","0.3784271031366023","0.6002880551926538","0.6323066919203503"
"0.5921665825200979","10","6","Virginia, Richmond City","-77.4797,37.5326","0.5699777026626607","0.0672549019607843","0.8112598956826671","0.879","1.0","0.7697111946822568","0.6571239583470768","0.37724550898203596","0.4407808887294848","0.3785219896012398","0.49883640671736384","0.26206146224411064"
"0.5921082036610287","10","5","South Carolina, Orangeburg","-80.7989,33.4391","0.557124502760168","0.0360966656469868","0.5206447462076623","0.865","0.75","0.7732051260133426","0.7047558099413609","0.44910179640718567","0.5878652729484978","0.5231757714625286","0.607858829701901","0.4177712067129346"
"0.5920474771343874","10","5","Alabama, Randolph","-85.4571,33.2953","0.6969876324814043","0.114754098360656","0.5142029044399483","0.8157","0.75","0.5802035115828437","0.5618960077524503","0.47904191616766467","0.6189409155096902","0.4849647057615886","0.4878260226086508","0.6159426999463322"
"0.5920156564546694","10","4","Kentucky, Marion","-85.269,37.5522","0.7159836564070485","0.267062314540059","0.4697052244057862","0.8379","0.75","0.7986013047908057","0.3903519832741802","0.4730538922155689","0.540406913436432","0.47823309546255444","0.5395093057789923","0.39788737606279523"
"0.5919270176334114","10","5","Georgia, Miller","-84.7315,31.1657","0.6735927995267181","0.063973063973064","0.4798779005840982","0.8819","0.575","0.7922333288990623","0.5852567186914079","0.4550898203592814","0.6424111072462477","0.49207098339677585","0.5882846654816162","0.3819893299116503"
"0.5918111436617215","10","5","Florida, Suwannee","-82.991,30.1975","0.6738848646315573","0.0507022953066119","0.49200642619981355","0.9312","0.825","0.4454391386730797","0.5633315248308569","0.3652694610778443","0.6207997313712245","0.49316081855675015","0.6023720468256825","0.6979936780081383"
"0.5913059999157521","10","4","Missouri, Greene","-93.3423,37.2576","0.7196545051486545","0.167851548379323","0.6899375675991466","0.8087","1.0","0.6898109656793697","0.4418108971008954","0.4251497005988024","0.5310891329236117","0.37893246460865054","0.33897812832190294","0.40770821010644787"
"0.5912862503479382","10","5","Oklahoma, Pushmataha","-95.376,34.4164","0.7032857507722297","0.189516129032258","0.43529243589775346","0.6218","0.5","0.9523454485741492","0.6362679468554686","0.38323353293413176","0.6628376879802886","0.4703441623744993","0.6381437444341","0.4756814577042671"
"0.5911630295474966","10","4","South Carolina, Oconee","-83.0674,34.7523","0.7129190779282412","0.154482158398607","0.5135625997667479","0.6278","1.0","0.7732051260133426","0.44599041212874896","0.43113772455089816","0.6611775880966219","0.37140390497357784","0.47077718584465","0.46988910789842536"
"0.5911053656218161","10","4","Kentucky, Laurel","-84.1132,37.1098","0.6750336498669469","0.16721044045677","0.5976914265639237","0.7447","1.0","0.7986013047908057","0.22787559532245655","0.4191616766467066","0.5287228277828","0.5162555610999866","0.5581133547566106","0.4530119568273179"
"0.5910670192826809","10","5","Alabama, Macon","-85.6927,32.3876","0.6041199490288518","0.0681818181818182","0.4773773216318581","0.915","0.675","0.5802035115828437","0.6414545274074867","0.5209580838323353","0.5918944128138512","0.6919036517159994","0.5941688201569842","0.31197326045822704"
"0.590945826970485","10","4","Arkansas, Clark","-93.1748,34.0461","0.6873580549039618","0.177105831533477","0.5481252010999462","0.9764","0.825","0.610486779204959","0.6131608664160185","0.4251497005988024","0.5380992168517501","0.3897034474499095","0.37911897791274074","0.5492611891405892"
"0.5909187222674398","10","5","Florida, Holmes","-85.8132,30.8675","0.6773453413805558","0.0802395209580838","0.5080214370756327","0.9124","0.75","0.4454391386730797","0.5362895089507282","0.4251497005988024","0.6151952376728468","0.4494178766353858","0.7303771180698074","0.561421793472564"
"0.5909180514289766","10","5","Tennessee, Hardeman","-88.9916,35.2077","0.7481315016694201","0.0846023688663283","0.5062518827277562","0.6718","0.75","0.4911779531988354","0.5936780485927017","0.40119760479041916","0.5691748594129424","0.5777369395054603","0.6299424555736269","0.5657719209075034"
"0.5909059133353187","10","5","Georgia, Chattooga","-85.3454,34.472","0.6361353547161027","0.0709382151029748","0.5615658165791473","0.9669","0.825","0.7922333288990623","0.49209510421890384","0.4730538922155689","0.5561726637917245","0.4224988771287856","0.6709967395165484","0.0"
"0.5909019692477326","10","4","Georgia, Polk","-85.1868,34.0027","0.6321583013731161","0.0636195182211241","0.5963813726029441","0.4511","1.0","0.7922333288990623","0.5693762447139665","0.4730538922155689","0.5142005305328247","0.470815772516388","0.5918730018623549","0.6300699194203928"
"0.5908691579589157","10","4","Ohio, Montgomery","-84.2905,39.7539","0.6515534519245297","0.151775776586057","0.7109149140028819","0.6422","1.0","0.7247088387345686","0.5202797593079316","0.5389221556886228","0.5648909983668218","0.4479479170134728","0.3537523415687357","0.35495206339811963"
"0.5908543311451999","10","5","Texas, Wilbarger","-99.2418,34.0795","0.7352166564950982","0.245551601423488","0.5167623824716687","0.8577","0.675","0.8066953714640763","0.591659368251219","0.29940119760479045","0.5755097168756041","0.3839246487923901","0.516004055348163","0.4044099131151953"
"0.5908294020578241","10","4","Alabama, DeKalb","-85.8078,34.4595","0.7750859209762561","0.166932652409831","0.5620619053534789","0.4779","1.0","0.5802035115828437","0.4556417856603068","0.4970059880239522","0.542700408721451","0.4177300347242767","0.5874449889550987","0.48699554811167206"
"0.5906378601302845","10","5","Georgia, Evans","-81.887,32.1533","0.6462705989037382","0.0629067245119306","0.5479062980745296","0.886","0.675","0.7922333288990623","0.6160139549060285","0.44311377245508987","0.5357771420024626","0.34194572188032846","0.7092487105400176","0.3772089267114525"
"0.5906092087081524","10","6","California, Kern","-118.7278,35.3433","0.5260293586496054","0.0286115761779479","0.6338942687663895","0.9245","0.75","0.6302607543856039","0.6003401931008326","1.0","0.37522787829441234","0.3054406875437147","0.5913310211244108","0.484482241847105"
"0.5904929350771427","10","5","Alabama, Clarke","-87.8355,31.681","0.708862241285144","0.0832672482157018","0.5176173844872425","0.7345","0.675","0.5802035115828437","0.6502041385247483","0.44311377245508987","0.5998243249034969","0.5452181165082111","0.6175613143717184","0.40825979662044476"
"0.5904042123587124","10","4","Texas, Dallas","-96.778,32.7667","0.629251492694156","0.0699406259434437","0.7952325574979736","0.7081","1.0","0.8066953714640763","0.6547054270628857","0.4191616766467066","0.3679909167750092","0.25810289533187863","0.539257996274806","0.4454135374469162"
"0.5903169649597486","10","5","Alabama, Greene","-87.9568,32.855","0.6612198075717383","0.0750750750750751","0.47483267480086483","0.9554","0.5","0.5802035115828437","0.6606850607765993","0.44910179640718567","0.626321192473144","0.5298040777583973","0.6844337439750818","0.45518589551171373"
"0.5902522891972781","10","4","North Carolina, Pasquotank","-76.2513,36.2672","0.6221897254999708","0.108536585365854","0.5974613085176752","0.8268","1.0","0.7283659930549282","0.6436314322473139","0.32934131736526945","0.5380992168517501","0.41809146058209434","0.49829818048285585","0.37664419886247424"
"0.5900904966249624","10","4","Illinois, Winnebago","-89.1609,42.3364","0.785046086530645","0.249030685720616","0.6912481563661588","0.554","1.0","0.48583792883850596","0.5386684023904593","0.5089820359281437","0.5494974081927578","0.3612228254256567","0.38531221300000457","0.42846335696684595"
"0.5900297543379082","7","5","New Mexico, Luna","-107.7509,32.1818","0.7678440335959688","0.271685761047463","0.4868309059995322","0.9768","0.675","0.5871956657568004","0.42744246804819824","0.23353293413173656","0.6299572389493907","0.39042211424355566","0.6330055248123627","0.5594642255372405"
"0.5899569876156189","10","4","Texas, Henderson","-95.8585,32.2113","0.6011252837081105","0.134995700773861","0.5443642614846876","0.618","1.0","0.8066953714640763","0.520398657892949","0.44311377245508987","0.6476236650502001","0.4171318970254684","0.5461806950457874","0.5212859302395428"
"0.5897183335251065","10","4","Missouri, Randolph","-92.4971,39.4401","0.7810560613649221","0.385395537525355","0.5116238754061216","0.7256","0.75","0.6898109656793697","0.45824420078713474","0.39520958083832336","0.5334405085950897","0.498893324261714","0.4670776677169991","0.39248224720819"
"0.5896039113790309","10","5","Oklahoma, Kay","-97.1442,36.818","0.6308223178340355","0.133838383838384","0.51058136117347","0.6953","0.75","0.9523454485741492","0.6448802057338596","0.38323353293413176","0.5938927650957907","0.48135676333884586","0.5218258368212871","0.38531598412414253"
"0.5895960824730994","10","4","West Virginia, Cabell","-82.2386,38.4242","0.6669894509188273","0.248739495798319","0.6511842580142736","0.808","1.0","0.590915881821042","0.35895508022420575","0.44311377245508987","0.5755097168756041","0.5605176153521687","0.4324586026634447","0.3149054566233711"
"0.5894832387052368","10","5","Arizona, Navajo","-110.3219,35.3998","0.6364980907520885","0.0454396325459318","0.4932312946089095","0.9618","0.675","0.7690982121439038","0.6923960507676519","0.16167664670658685","0.5561726637917245","0.5142709578394693","0.6690911473532387","0.523676934901578"
"0.5893647167143605","10","4","Illinois, Macon","-88.9634,39.8606","0.7765655478030778","0.308917197452229","0.6376808931414331","0.6425","1.0","0.48583792883850596","0.49740449126590075","0.5269461077844312","0.5978576089534523","0.3629156544616842","0.3251223150607303","0.3898429823791164"
"0.5891798737338687","10","4","South Carolina, Horry","-78.9956,33.9213","0.6796345897969399","0.101885516191765","0.6114013702938836","0.5734","1.0","0.7732051260133426","0.5439638904344006","0.407185628742515","0.6578350382684304","0.3674552728395695","0.438654623350032","0.4832364782859025"
"0.589145864410442","10","5","Virginia, Prince Edward","-78.436,37.2255","0.7104665410984978","0.142657342657343","0.5714130862465713","0.8606","0.75","0.7697111946822568","0.5744425685743807","0.3592814371257485","0.5287228277828","0.43434052651896754","0.4859213993494536","0.36479048155086485"
"0.5890852814112105","10","5","Virginia, Henry","-79.8763,36.6854","0.6501272958093048","0.113964686998395","0.5854269665777277","0.7956","0.825","0.7697111946822568","0.5460713180053046","0.40119760479041916","0.6726459331898672","0.4894273077569463","0.59618510961515","0.0"
"0.5889798685731066","10","5","Texas, Cass","-94.3465,33.075","0.6338360831180458","0.160520607375271","0.5128052362963901","0.6819","0.75","0.8066953714640763","0.5806299649874465","0.4131736526946108","0.6458942336050534","0.4672200550474425","0.5786972381751613","0.5207641868218045"
"0.5889757567153965","10","4","Kansas, Montgomery","-95.7433,37.1924","0.7185784687874563","0.249589490968801","0.5452704233969954","0.6571","0.75","0.6813178638986801","0.6268847077108886","0.4251497005988024","0.6037268925796017","0.4767735899479313","0.45455942658316817","0.44034687354669516"
"0.5889683124600675","10","6","Virginia, Newport News City","-76.5175,37.0817","0.5486075554412955","0.0745729303547963","0.7798204739619129","0.9507","1.0","0.7697111946822568","0.651370414624379","0.3592814371257485","0.4407808887294848","0.40677128975629473","0.39824926293647467","0.3932271803073154"
"0.5889492881257814","10","4","Indiana, Lake","-87.3828,41.4187","0.683603473360026","0.134828862164662","0.7264389672108085","0.504","1.0","0.5484650550776322","0.5944084841491332","0.6766467065868265","0.5287228277828","0.41908127911035303","0.40853696569025755","0.35828540296412564"
"0.5885435722959133","6","5","South Dakota, Corson","-101.197,45.7089","0.8068050912056044","0.293233082706767","0.31512557025253446","0.5931","0.5","0.7704699034685317","0.663017175874011","0.12574850299401197","0.38582646381517377","0.8213904627362649","0.8014187420693685","0.4341371262432499"
"0.5885391697424722","10","6","Texas, Angelina","-94.609,31.2546","0.473691298654627","0.0275433140826299","0.6030565529156242","0.9452","1.0","0.8066953714640763","0.5817100538098164","0.407185628742515","0.526341402378779","0.43279206461772884","0.6704651744978141","0.370586939353336"
"0.5883769099576652","7","9","Alabama, Marengo","-87.788,32.2477","0.8343949173368176","0.229253112033195","0.5243662523568229","0.4088","0.675","0.5802035115828437","0.5901927288647635","0.4550898203592814","0.5978576089534523","0.5796608672203684","0.5621934099744561","0.3614666516003683"
"0.5883731064861283","10","5","Mississippi, Yalobusha","-89.7076,34.0282","0.6361666486445771","0.0640495867768595","0.4764249068395972","0.7689","0.675","1.0","0.6039140632012552","0.40119760479041916","0.6017807168377609","0.4738546191288127","0.4945181222008512","0.4732647661560688"
"0.5883442948244609","10","4","North Carolina, Caldwell","-81.548,35.952","0.7227783960604038","0.184622467771639","0.591303635167703","0.3693","1.0","0.7283659930549282","0.4588443454225517","0.4131736526946108","0.5978576089534523","0.4736344403756009","0.5583208213497054","0.5284919285007599"
"0.5882929581581361","10","6","North Carolina, Guilford","-79.7882,36.0796","0.6411963516539226","0.132975665836367","0.7078254898476632","0.7619","1.0","0.7283659930549282","0.6604199059409739","0.44910179640718567","0.49908933331939354","0.3178978813567733","0.3456971150032259","0.4277714999871325"
"0.5882015107997751","10","4","North Carolina, Alexander","-81.1775,35.9224","0.6911748654051971","0.20487106017192","0.5219800761114233","0.5696","1.0","0.7283659930549282","0.45937225611892096","0.4251497005988024","0.6017807168377609","0.4358832326401009","0.4728989647380671","0.614230502596464"
"0.588119501175506","10","6","California, Kings","-119.816,36.0741","0.5948142659601455","0.0338419886783165","0.5973713010625772","0.9363","0.75","0.6302607543856039","0.6331256794702912","0.8203592814371258","0.3492587427141526","0.2622387369028559","0.5823369264738637","0.5725713660156698"
"0.5881068932863273","10","5","Mississippi, Wilkinson","-91.3102,31.1608","0.6238790547503834","0.060790273556231","0.4360839783131851","0.8201","0.5","1.0","0.627730415643027","0.34131736526946105","0.5472454870957077","0.5809573359575508","0.6899286414232426","0.43576033744568704"
"0.5880863209261168","10","5","South Dakota, Charles Mix","-98.5886,43.2066","0.821546940544377","0.315112540192926","0.4314414324427725","0.6918","0.5","0.7704699034685317","0.6094182853894748","0.2275449101796407","0.5837920978957992","0.5029450818708587","0.6248308808149841","0.39482559611398305"
"0.5880778924177895","10","5","North Carolina, Montgomery","-79.9042,35.3316","0.648413144383186","0.0656742556917688","0.532783871103438","0.8246","0.75","0.7283659930549282","0.633445843269088","0.40119760479041916","0.6037268925796017","0.4096955529780313","0.5497628546628087","0.5270501079604071"
"0.5879323604012302","10","4","Georgia, Ben Hill","-83.2215,31.761","0.6266025813827868","0.0460992907801418","0.5478996866329574","0.6253","0.825","0.7922333288990623","0.6478463684550279","0.4610778443113772","0.540406913436432","0.48324943777439106","0.6465780547336356","0.3800135438509144"
"0.5878592572248591","10","5","Georgia, Wayne","-81.9189,31.5522","0.5679682101289365","0.0366666666666667","0.5359137569236833","0.9752","0.75","0.7922333288990623","0.5935619417840567","0.43113772455089816","0.5117241638959221","0.46738972264288753","0.6372609516745751","0.43113053256795764"
"0.5877631018193826","10","5","Arizona, Gila","-110.8133,33.8019","0.735197845470758","0.166570936243538","0.5176134522269175","0.6689","0.675","0.7690982121439038","0.5822508484053954","0.16766467065868262","0.7403266893073597","0.4650055112706404","0.5728016988764708","0.5341952161084963"
"0.5874834847541718","10","5","Mississippi, Tunica","-90.3748,34.6497","0.5522693229250799","0.0250965250965251","0.550289688706907","0.9707","0.75","1.0","0.6432461536252561","0.4131736526946108","0.40284731239848715","0.5417010168657436","0.6783641652751791","0.0"
"0.5874117223926055","10","6","Georgia, Bulloch","-81.7481,32.3958","0.5415361099589339","0.0308457711442786","0.5859670653666983","0.9583","1.0","0.7922333288990623","0.5849717018972327","0.4550898203592814","0.3927283612037091","0.3569449707897952","0.6202830871368169","0.4537300675709975"
"0.5873620221983259","10","4","Arkansas, White","-91.7491,35.2569","0.6943970127572494","0.242352941176471","0.5658937215657918","0.8523","1.0","0.610486779204959","0.4550119587423344","0.44910179640718567","0.5310891329236117","0.40188039278634485","0.4481366823342499","0.34191162206647574"
"0.587342950292696","10","4","Indiana, Grant","-85.6547,40.5159","0.6584667455856339","0.125399872040947","0.6200018342048401","0.6673","1.0","0.5484650550776322","0.4570761022949862","0.5389221556886228","0.5858342498966352","0.5197613793225084","0.511041691822849","0.36903522073213624"
"0.5872762741998567","10","4","Ohio, Clark","-83.785,39.9159","0.6476662553085987","0.158894645941278","0.6217422945786626","0.5848","1.0","0.7247088387345686","0.4569674599651292","0.5149700598802395","0.5938927650957907","0.49386998808351745","0.4021007778967781","0.4985765640427735"
"0.5870484879317841","10","5","Kentucky, Bell","-83.6777,36.7336","0.6482903372148067","0.121464226289517","0.5668218768439295","0.9039","0.675","0.7986013047908057","0.31091693084717703","0.40119760479041916","0.5817386943120182","0.6766175623477338","0.588776505431737","0.30615532720340694"
"0.5865600011556238","10","4","Arkansas, Garland","-93.1492,34.5769","0.6194745750020609","0.0970614425645592","0.6248585937025662","0.8313","1.0","0.610486779204959","0.5301987100388617","0.4131736526946108","0.667774075480636","0.42837129876669267","0.4556598594289691","0.345919772681141"
"0.5865128732329372","10","5","Oklahoma, Johnston","-96.6601,34.3144","0.7059733475357628","0.180769230769231","0.4350884890521122","0.5342","0.5","0.9523454485741492","0.7001065729997249","0.38323353293413176","0.5938927650957907","0.5045369974127905","0.6412743947346844","0.46282946076861725"
"0.5863767884858614","10","5","South Carolina, Clarendon","-80.2165,33.6661","0.5109329465806861","0.027972027972028","0.49253173013435386","0.9615","0.75","0.7732051260133426","0.6297391674472558","0.4251497005988024","0.6527643232093532","0.4987997686370444","0.6322631020361399","0.4448771151184942"
"0.5860679784082781","10","5","Alabama, Sumter","-88.1992,32.5912","0.6103451258112842","0.0560344827586207","0.44490150693438224","0.9866","0.675","0.5802035115828437","0.5664147918721365","0.44311377245508987","0.5561726637917245","0.6376848589227117","0.6584823739991675","0.4467923892758004"
"0.5860220406579332","10","5","Virginia, Sussex","-77.2579,36.9243","0.715686489003497","0.08125","0.5044610694495952","0.8965","0.675","0.7697111946822568","0.6687342486460124","0.3652694610778443","0.5561726637917245","0.4531948292095784","0.6063908188584105","0.0"
"0.5860200502084467","10","4","North Carolina, Rutherford","-81.9211,35.4011","0.6952375645866885","0.165829145728643","0.5510324302079104","0.497","1.0","0.7283659930549282","0.4756752709594659","0.4251497005988024","0.6317620454190964","0.38457243012830455","0.5752675598428486","0.4708334261263702"
"0.586000087529586","10","4","Texas, Bexar","-98.5202,29.4493","0.6276061999689824","0.0734272359777666","0.753888057590082","0.781","1.0","0.8066953714640763","0.5605154348353699","0.44311377245508987","0.4159255598121659","0.25357873852623125","0.4941902692717753","0.42072954450739203"
"0.5859816488126379","10","5","Missouri, Texas","-91.9656,37.3173","0.7355650330279891","0.266924564796905","0.4784282348391174","0.6797","0.675","0.6898109656793697","0.46666500260932264","0.39520958083832336","0.6207997313712245","0.44192966283599994","0.6809987366701503","0.4477076606920815"
"0.5857582231377884","10","4","Oklahoma, Cleveland","-97.3252,35.2041","0.686496461046929","0.137293729372937","0.6383692298080055","0.645","1.0","0.9523454485741492","0.6637073382349441","0.4251497005988024","0.44674408486908573","0.3209374842815886","0.20747143761511036","0.4747300958737516"
"0.5857160618538052","10","4","Missouri, Cape Girardeau","-89.6844,37.3849","0.7480221252695101","0.192039392695938","0.5956236942447182","0.7275","1.0","0.6898109656793697","0.45086858344542763","0.4970059880239522","0.5357771420024626","0.37216371016920563","0.32648725872925083","0.3202768427128691"
"0.585502238607391","10","4","North Carolina, Harnett","-78.8724,35.3673","0.6315606289934481","0.119822485207101","0.5877031691705962","0.5982","1.0","0.7283659930549282","0.6898659995793489","0.4730538922155689","0.42229651508178717","0.37840539966778175","0.5269982103129912","0.550151976844434"
"0.5854896138113386","10","6","Virginia, Norfolk City","-76.2642,36.8993","0.5170535639643397","0.0469202548754586","0.8242305710829707","0.9411","1.0","0.7697111946822568","0.6618789893360938","0.34730538922155696","0.38232698451072306","0.3945436820199197","0.48439149975577556","0.3940756493677123"
"0.5854246731014323","10","4","Ohio, Muskingum","-81.9436,39.9658","0.6722462496806894","0.348837209302326","0.6032432827223463","0.6326","1.0","0.7247088387345686","0.38331754321826167","0.4970059880239522","0.560557323866868","0.4572032504361962","0.4029093283786807","0.40245725906828667"
"0.5854199817233399","10","4","Alabama, Chambers","-85.3907,32.9136","0.5946631520905036","0.0481832543443918","0.5030102219240805","0.7943","1.0","0.5802035115828437","0.5886607524785155","0.502994011976048","0.5978576089534523","0.5508244396777339","0.48267714504167564","0.41294514501788987"
"0.5853213259521769","10","9","Oklahoma, Haskell","-95.1151,35.2226","0.6814984784047071","0.128205128205128","0.47556132273347757","0.4429","0.75","0.9523454485741492","0.5895554296172704","0.4131736526946108","0.613308186513927","0.38683852239129235","0.6845745984104402","0.4808213067054268"
"0.5847499138112631","10","9","Mississippi, Monroe","-88.4808,33.8924","0.7128473175852775","0.111187845303867","0.5160684921471183","0.3524","0.825","1.0","0.5508121299337928","0.44910179640718567","0.5918944128138512","0.4543077262197745","0.5296907948416999","0.4047727073244752"
"0.5847387590348957","10","4","Georgia, Hall","-83.819,34.3221","0.6805803231969927","0.0690155841641661","0.6647965633568796","0.6527","1.0","0.7922333288990623","0.524827699958846","0.44910179640718567","0.49129758316188105","0.3253028253667078","0.46338045073661543","0.41927127994890734"
"0.5847311521879732","10","4","Missouri, Washington","-90.8795,37.9613","0.7196293428434032","0.199664429530201","0.5002140238035626","0.7695","0.75","0.6898109656793697","0.3702693975266586","0.4131736526946108","0.5334405085950897","0.45259243214140843","0.6490281710081848","0.5644093580543427"
"0.5847087886341225","10","4","Arkansas, Pope","-93.0321,35.4487","0.720752328048783","0.120736965895727","0.5828152861136758","0.7437","1.0","0.610486779204959","0.45790126467176623","0.43113772455089816","0.5142005305328247","0.38737605902930067","0.4969107097937191","0.4441644019191321"
"0.584696891417483","10","5","Virginia, Wise","-82.6241,36.9746","0.603746618438399","0.142307692307692","0.5669892516323992","0.9325","0.75","0.7697111946822568","0.3657062307933953","0.39520958083832336","0.5561726637917245","0.5093977624063348","0.6283153022296543","0.5083775281892113"
"0.5846483545365214","10","5","Arizona, Apache","-109.4892,35.3947","0.6506762656018843","0.0531746031746032","0.4161137831327712","0.9118","0.5","0.7690982121439038","0.6956422590083905","0.16167664670658685","0.5016507991249867","0.5635678991010153","0.8240942472408336","0.6223652393120364"
"0.5844774600436388","6","5","South Dakota, Dewey","-100.8709,45.1564","0.8654250621854195","0.327067669172932","0.33903077407595295","0.8975","0.25","0.7704699034685317","0.6850725478695585","0.12574850299401197","0.3453966168814669","0.7331613126828133","0.8324921025231353","0.0"
"0.584434808989144","10","4","Illinois, Saline","-88.5412,37.7533","0.7101633453703327","0.21327967806841","0.577132553475647","0.7934","1.0","0.48583792883850596","0.4098421373712602","0.5089820359281437","0.613308186513927","0.3584340139913179","0.4811353763726192","0.39062935482568606"
"0.5843445398773333","10","5","Florida, Gadsden","-84.6192,30.578","0.6580647366406149","0.0448844884488449","0.5425498315298534","0.9841","0.675","0.4454391386730797","0.6803499315001675","0.4550898203592814","0.5472454870957077","0.565019300278303","0.6635612482440127","0.15669580992059964"
"0.5842966712617617","10","4","South Carolina, Cherokee","-81.6183,35.0512","0.6250281656029186","0.0954810495626822","0.5495528832920118","0.4725","1.0","0.7732051260133426","0.5704330061758952","0.44910179640718567","0.5357771420024626","0.5492709510595523","0.5595674376034835","0.4679782188588966"
"0.5842907445163873","10","2","Georgia, Sumter","-84.1982,32.0365","0.42025070216138233","0.0146596858638743","0.5656318808450623","0.979","0.825","0.7922333288990623","0.6696686582571617","0.502994011976048","0.5334405085950897","0.5063580926289407","0.646897793090769","0.4489068676546298"
"0.584284843428742","10","6","North Carolina, Forsyth","-80.2546,36.1286","0.6178376197223568","0.101217562415447","0.7149390532219156","0.7835","1.0","0.7283659930549282","0.6453190186905242","0.38323353293413176","0.5166605513962695","0.35911436659198104","0.3944701735585826","0.3655100457946503"
"0.5842783045654817","10","4","North Carolina, Catawba","-81.2133,35.6621","0.6861014432672776","0.148865664032628","0.6460939374230363","0.6616","1.0","0.7283659930549282","0.5082250955085023","0.44910179640718567","0.560557323866868","0.32425567765221547","0.43662682815552994","0.3979314296314958"
"0.5842005520658478","10","4","North Carolina, Davidson","-80.2126,35.7912","0.6530634646405492","0.137880986937591","0.6223236198053116","0.5024","1.0","0.7283659930549282","0.5422473288306814","0.4670658682634731","0.5691748594129424","0.40958789707994797","0.5006763556270499","0.5181316473571881"
"0.5840801300118466","10","6","Louisiana, Caddo","-93.8838,32.5799","0.6715486917342912","0.0828065084464711","0.6666632770809995","0.8103","1.0","0.3163258823370422","0.6559675525551599","0.43712574850299407","0.5357771420024626","0.5068824395442135","0.49451000762890884","0.31434918387467287"
"0.5840439956139529","10","4","North Carolina, Randolph","-79.8057,35.7102","0.6751985603458984","0.139850057670127","0.6062849293425553","0.4769","1.0","0.7283659930549282","0.536499826393677","0.4730538922155689","0.5561726637917245","0.37415491541747176","0.5095563618183472","0.5632798668806563"
"0.5839718838701444","10","5","Georgia, Bacon","-82.4594,31.5546","0.5861259785174292","0.0304975922953451","0.5288464515182124","0.8204","0.75","0.7922333288990623","0.5318284597049595","0.44311377245508987","0.5142005305328247","0.5138029565484451","0.6919290650765658","0.4654604824008011"
"0.5839477207685255","10","5","Virginia, Nottoway","-78.0507,37.1436","0.6866441678520064","0.173252279635258","0.5609588839487798","0.9748","0.5","0.7697111946822568","0.669134879930136","0.3592814371257485","0.5898852876912913","0.5483810831378972","0.5239571836428155","0.0"
"0.5839430560699088","10","6","Indiana, Marion","-86.1383,39.7816","0.6213737901487087","0.0866417181906931","0.7837495282807024","0.6839","1.0","0.5484650550776322","0.5935093193310049","0.5868263473053893","0.42856039038869453","0.40108746355187586","0.4790432701676483","0.39478298460759137"
"0.5838944292316871","10","5","Mississippi, Quitman","-90.2891,34.2516","0.6152160626075288","0.036319612590799","0.4696312013426767","0.8013","0.5","1.0","0.6450729112661638","0.4191616766467066","0.5357771420024626","0.6294291044856186","0.7421083668382393","0.0"
"0.5838760498603484","7","5","Florida, Hardee","-81.8096,27.4929","0.723564575959826","0.0874103065883888","0.556453359420366","0.9949","0.75","0.4454391386730797","0.547545323614073","0.2754491017964072","0.5215324091055006","0.44308072213438443","0.623783737695372","0.5753004752428231"
"0.5836597577708456","10","9","Arkansas, Monroe","-91.2054,34.6816","0.7811978863225718","0.267676767676768","0.5030626447950094","0.4244","0.675","0.610486779204959","0.6657504412939078","0.4251497005988024","0.6611775880966219","0.6602950612018708","0.5835916572995843","0.0"
"0.5836269919601889","10","4","South Carolina, Anderson","-82.6396,34.5183","0.6321005276073981","0.0931212876029891","0.5772524171372562","0.7049","1.0","0.7732051260133426","0.5131876494551131","0.47904191616766467","0.5691748594129424","0.40596484695523927","0.42626585202823725","0.4390655390251525"
"0.5831513809864131","10","5","Georgia, Early","-84.9026,31.3216","0.575232596933618","0.0302457466918715","0.48912046458879027","0.8039","0.5","0.7922333288990623","0.6700684361531195","0.4670658682634731","0.5918944128138512","0.5902977176848361","0.7042805335900283","0.45465426931404546"
"0.5830915352316182","10","5","North Carolina, Caswell","-79.3335,36.3931","0.7402340583657019","0.225577264653641","0.491653662448546","0.8981","0.675","0.7283659930549282","0.6496139438707279","0.43113772455089816","0.6226493223021841","0.30493295226735445","0.5238168136595133","0.0"
"0.5830529979381709","10","5","Arkansas, Hempstead","-93.6694,33.7333","0.7096253696700658","0.191616766467066","0.519165339068027","0.6861","0.75","0.610486779204959","0.6389822308896723","0.4251497005988024","0.5712984652022484","0.4631634586712585","0.5511911404376855","0.4055071054915683"
"0.5829510906874222","10","9","Missouri, New Madrid","-89.6607,36.5967","0.749542943386059","0.149640287769784","0.49631762690130676","0.5934","0.75","0.6898109656793697","0.49203726513815615","0.4970059880239522","0.5837920978957992","0.5553521599595034","0.6804950276446511","0.0"
"0.5829368447159472","10","5","Florida, Washington","-85.66,30.6136","0.6702254218432844","0.0691716481639624","0.519558198395035","0.8548","0.75","0.4454391386730797","0.6345268706837514","0.4191616766467066","0.5670390838965326","0.5082423059664037","0.6487137616236701","0.45816028874794007"
"0.5828560774941488","10","5","Virginia, Greensville","-77.5635,36.6788","0.7685734804360768","0.0915254237288136","0.5363848283544073","0.9567","0.5","0.7697111946822568","0.6160457515661735","0.37724550898203596","0.5067215141840639","0.4711187251713008","0.5845770327820229","0.0"
"0.582755592187364","10","4","Mississippi, Hancock","-89.4885,30.4183","0.6641258218810353","0.191157347204161","0.5817997721650329","0.3085","1.0","1.0","0.5119603330432976","0.38323353293413176","0.6037268925796017","0.388721233414937","0.5156244871620811","0.46997084547659773"
"0.5826954134746721","10","4","Virginia, Harrisonburg City","-78.8754,38.4354","0.7014681321819161","0.0767386091127098","0.7750204817205463","0.9787","1.0","0.7697111946822568","0.5202189039344257","0.34730538922155696","0.31296818950411365","0.24529989715028422","0.5424289772090741","0.0"
"0.5826174056507076","10","5","Oklahoma, Texas","-101.489,36.7478","0.745274168561083","0.0691458454386984","0.4779061573231501","0.9182","0.675","0.9523454485741492","0.5577631111589024","0.251497005988024","0.39950476257029566","0.31699201211695843","0.58290906435231","0.505683328855994"
"0.582471228382845","7","4","Tennessee, Campbell","-84.1511,36.4036","0.7956482562327366","0.400471142520612","0.5887593360586445","0.611","0.825","0.4911779531988354","0.18465355841552522","0.40119760479041916","0.6226493223021841","0.5453540146458898","0.6078137756606685","0.42785715574249916"
"0.5824007545208576","10","5","Florida, Putnam","-81.7423,29.6078","0.5650142350767348","0.0471573380343764","0.5785491664670895","0.9064","0.825","0.4454391386730797","0.5827810478004815","0.29940119760479045","0.6611775880966219","0.5837296259195508","0.6968905808107815","0.5290536588585967"
"0.5823850397518421","10","9","Mississippi, George","-88.6444,30.8626","0.7188517520084613","0.122994652406417","0.49250887607486254","0.3298","0.825","1.0","0.48960354073486667","0.40119760479041916","0.4939129750014257","0.5052412576357374","0.643695686111886","0.48045270064893364"
"0.5823271616867307","7","7","Michigan, Mackinac","-85.0498,46.0703","0.7437094277361366","0.452554744525547","0.49869204780063403","0.7953","0.575","0.5192862589944978","0.7241866119602461","0.23952095808383234","0.7252247709976565","0.4459664652664077","0.4083548117171028","0.5240133093212804"
"0.5823010259143656","10","4","Tennessee, Hardin","-88.1859,35.1973","0.7758727921400244","0.145929339477727","0.5270577388425365","0.4394","1.0","0.4911779531988354","0.4214713991569166","0.407185628742515","0.6527643232093532","0.5021246441696384","0.5926173624468027","0.46463424814809606"
"0.5823001505371894","10","4","Ohio, Allen","-84.108,40.7729","0.6978952235276178","0.21144024514811","0.6163033738978353","0.5954","1.0","0.7247088387345686","0.47649592716801836","0.5508982035928144","0.5517358041566147","0.42281822937100333","0.3336217841618332","0.3126230784781622"
"0.5822719621525038","10","9","Mississippi, Carroll","-89.9199,33.4483","0.8483738755248119","0.278260869565217","0.4383570902670271","0.4906","0.5","1.0","0.548321787221471","0.39520958083832336","0.6578350382684304","0.47519636259366366","0.5128145441227427","0.0"
"0.5822719500531879","10","6","Ohio, Hamilton","-84.545,39.1967","0.6397224143018918","0.13215859030837","0.7562420265797543","0.6988","1.0","0.7247088387345686","0.5299847867430483","0.6047904191616766","0.504194780386106","0.3587374398715199","0.25055218450937905","0.37000713753976"
"0.5822288661728907","10","5","Missouri, Dunklin","-90.0912,36.2717","0.6845325340023054","0.108961303462322","0.547595090902592","0.6316","0.75","0.6898109656793697","0.5038101307895055","0.4970059880239522","0.5775976316230177","0.6216857679494185","0.6929432654563521","0.0"
"0.5822179590202852","10","6","California, Los Angeles","-118.2282,34.3083","0.5587100125592052","0.048139892044056","0.8218768639554189","0.9045","1.0","0.6302607543856039","0.5832783277130871","0.6706586826347305","0.4555137084840577","0.1327411059289485","0.43259134252686077","0.4509174494096303"
"0.581976462946487","10","6","Virginia, Portsmouth City","-76.3597,36.8591","0.524757735298974","0.0367782272894446","0.7789831370172744","0.7469","1.0","0.7697111946822568","0.6655632445088534","0.3592814371257485","0.49129758316188105","0.4660664424173412","0.49261398339371026","0.34801062526373006"
"0.5818765702447019","7","4","Illinois, Knox","-90.2133,40.9315","0.7552825421816662","0.29275092936803","0.5739125375902832","0.8294","0.825","0.48583792883850596","0.466709135939644","0.48502994011976047","0.626321192473144","0.3851787224044062","0.36723440006850155","0.3885029009726931"
"0.5818116279860884","10","9","Arkansas, Phillips","-90.848,34.4327","0.7749988698932329","0.193548387096774","0.5139414670406328","0.362","0.675","0.610486779204959","0.6452563729166518","0.43113772455089816","0.5712984652022484","0.6595833595034453","0.6200411033347136","0.2992574195821718"
"0.5817530361621632","10","5","Oregon, Malheur","-117.6227,43.1937","0.7234654695079714","0.0819761129207383","0.46104349794756283","0.9994","0.675","0.7438233614458837","0.441317633725312","0.3592814371257485","0.5380992168517501","0.3490507531451025","0.6016919972517035","0.507106648607359"
"0.5816731429205325","10","2","Texas, Polk","-94.8277,30.7947","0.44712205748290706","0.0321507760532151","0.5369161874012801","0.9319","0.825","0.8066953714640763","0.6484245670469726","0.4131736526946108","0.5918944128138512","0.501172400779815","0.6165997981530508","0.5305147288382512"
"0.5816233312754469","10","4","Tennessee, Hamblen","-83.2659,36.2199","0.7091200778761921","0.122625215889465","0.6370211831777884","0.4986","1.0","0.4911779531988354","0.46627395232657703","0.43712574850299407","0.5775976316230177","0.5194289086420275","0.5852269252154995","0.4474530712422638"
"0.5815887666709418","10","4","Texas, Hidalgo","-98.183,26.3942","0.6102688996886865","0.0518739576933205","0.6871177576584643","0.8284","1.0","0.8066953714640763","0.2126854490875763","0.38323353293413176","0.38232698451072306","0.2972555153842743","0.8820823105843933","0.4769068673895144"
"0.5815271570752079","10","4","Alabama, Morgan","-86.8548,34.455","0.6953836649875094","0.119786368260427","0.6233327675037258","0.5775","1.0","0.5802035115828437","0.6017460391752611","0.5149700598802395","0.5517358041566147","0.3993598994181439","0.4145911630373739","0.41459574417381423"
"0.5814853510425179","10","4","Tennessee, Giles","-87.0399,35.2022","0.760439034140612","0.219318181818182","0.512918159610907","0.5944","1.0","0.4911779531988354","0.4971308723104772","0.4550898203592814","0.6075890184122873","0.4476641432692621","0.44163097567069665","0.4204185378782145"
"0.581340112549175","10","9","Mississippi, Tishomingo","-88.2392,34.7402","0.6755539929655205","0.0835443037974684","0.4942246059354189","0.4826","0.75","1.0","0.3494865056755172","0.4191616766467066","0.6189409155096902","0.5493966998655595","0.6456511768369908","0.45326538416453444"
"0.5813276392258274","10","6","Georgia, Chatham","-81.1249,32.0004","0.5744980183038642","0.0493352378859466","0.7083266192070634","0.8208","1.0","0.7922333288990623","0.6051795712512603","0.4131736526946108","0.4965101409658336","0.3398046013634186","0.4311625722999277","0.3969846778780639"
"0.5812082245519125","10","4","Oklahoma, Garfield","-97.7827,36.3791","0.7529335669037688","0.169522091974752","0.541872182275221","0.3922","1.0","0.9523454485741492","0.5646959891591001","0.3712574850299401","0.5287228277828","0.3701836802553464","0.4157974486574683","0.3218655638361642"
"0.5808949226272617","10","5","Texas, Howard","-101.4356,32.3062","0.6427888770639436","0.0947680157946693","0.5655789535238336","0.9557","0.75","0.8066953714640763","0.5716010539319565","0.2694610778443114","0.4437744133187831","0.4350853562375705","0.6138420548227748","0.39018410228054473"
"0.5808619429323518","10","5","North Carolina, Hoke","-79.2365,35.0189","0.6655812221666433","0.117808219178082","0.5504386709715189","0.5129","0.75","0.7283659930549282","0.8921727633289036","0.44311377245508987","0.32546182219766456","0.4238672591791638","0.6223909380336164","0.5784118048557247"
"0.5808402019315606","10","5","Alabama, Perry","-87.2977,32.6405","0.6912079968002541","0.0604490500863558","0.46299770670287443","0.994","0.5","0.5802035115828437","0.6243608095831176","0.4610778443113772","0.5918944128138512","0.6501655590955375","0.6375581630110924","0.0"
"0.5807158572789496","10","4","Tennessee, Madison","-88.8408,35.6118","0.713761987748216","0.123645457071409","0.6222173949103611","0.7017","1.0","0.4911779531988354","0.5960635261312414","0.4191616766467066","0.5334405085950897","0.49993217123769657","0.4066624995715628","0.2847295755782644"
"0.5806971437841978","10","6","Texas, Waller","-95.9901,30.0106","0.5569259608540766","0.0759493670886076","0.5692323317643347","0.9265","1.0","0.8066953714640763","0.6819437828298791","0.4670658682634731","0.41269877075759065","0.3424421726212466","0.6218464139223769","0.0"
"0.5806755293632748","10","9","Mississippi, Alcorn","-88.58,34.8808","0.6397932184296257","0.0994764397905759","0.5493844756145937","0.2483","1.0","1.0","0.5105633974053574","0.4191616766467066","0.5755097168756041","0.5114581003685833","0.616716308872582","0.35625835057631555"
"0.5806188486452718","10","5","Louisiana, Natchitoches","-93.0982,31.7232","0.6946227116481987","0.11038489469862","0.5344898567445668","0.8147","0.825","0.3163258823370422","0.7112540113755657","0.39520958083832336","0.5287228277828","0.5355816759640437","0.6261619128395661","0.35708126742836527"
"0.5804259585692194","10","6","Louisiana, Lincoln","-92.666,32.6003","0.6840544886011201","0.106608478802993","0.5927021663730521","0.9755","1.0","0.3163258823370422","0.6335376220466638","0.39520958083832336","0.45839165180163993","0.3930072972418295","0.5197894426027865","0.41484075593921577"
"0.5803873402986337","10","4","North Carolina, Stanly","-80.2509,35.3165","0.7091056818638145","0.115776081424936","0.5793673247789071","0.553","1.0","0.7283659930549282","0.5079968039685423","0.44910179640718567","0.5878652729484978","0.3163842554955123","0.454492814425432","0.49523049456382373"
"0.5802516665429358","10","5","Georgia, Jefferson","-82.4161,33.0587","0.5223144068710417","0.0192539109506619","0.5181750973951263","0.9032","0.675","0.7922333288990623","0.5894799824811147","0.47904191616766467","0.5670390838965326","0.5097662730033523","0.675403678759357","0.45678699706310505"
"0.5801479353909864","7","9","Arkansas, Poinsett","-90.6627,35.5743","0.7937982771203366","0.222100656455142","0.5179759646918446","0.5785","0.75","0.610486779204959","0.46809854681238977","0.44910179640718567","0.5691748594129424","0.6274469017022541","0.5855183231273415","0.0"
"0.58012949897461","10","6","Texas, Madison","-95.93,30.9669","0.5137854476841425","0.0188679245283019","0.5252743416748684","0.9621","1.0","0.8066953714640763","0.6490174797719047","0.407185628742515","0.5016507991249867","0.34384025851689926","0.5135472778578402","0.49681999711005526"
"0.5801135480721586","10","4","Kentucky, Russell","-85.0607,36.9931","0.706817343320061","0.221902017291066","0.5174042991863922","0.674","0.75","0.7986013047908057","0.26861030207458425","0.4251497005988024","0.6017807168377609","0.47255587874414595","0.6038583457342968","0.5229288719790198"
"0.5800497329877635","10","4","Ohio, Marion","-83.1574,40.5861","0.6226152783101275","0.044263775971093","0.5807239382694369","0.7459","1.0","0.7247088387345686","0.4141812055126154","0.5149700598802395","0.560557323866868","0.5169513846053057","0.4192157423664587","0.38948617070137226"
"0.5799689560440203","10","4","Alabama, Walker","-87.3003,33.8027","0.6760631101508084","0.0821658462703521","0.5334032915512291","0.4492","1.0","0.5802035115828437","0.4686895252955717","0.5149700598802395","0.5918944128138512","0.5851737119804078","0.6008824778656884","0.38790852213644633"
"0.5798964644027241","7","7","Arkansas, Lawrence","-91.1087,36.0419","0.8587605159619621","0.318559556786704","0.5006915364856238","0.5613","0.75","0.610486779204959","0.32045203330230076","0.44311377245508987","0.6037268925796017","0.3980290570109661","0.49825845541424224","0.5129324205660262"
"0.5798914462396514","10","5","Mississippi, Wayne","-88.6957,31.6414","0.6488223279042699","0.0568527918781726","0.45751979284187","0.6336","0.675","1.0","0.5930704143096638","0.40119760479041916","0.5449798764246452","0.5033410305646812","0.591711073762549","0.39548213920410413"
"0.5798112961981872","10","4","Washington, Spokane","-117.4046,47.6211","0.626645363733155","0.139915769770707","0.6828875810771663","0.7896","1.0","0.9576955189784127","0.46840505601256566","0.5209580838323353","0.5215324091055006","0.25052254351135766","0.203931546439998","0.431074338603526"
"0.5797000478088457","7","7","Tennessee, Johnson","-81.8489,36.4552","0.8859299703989106","0.284786641929499","0.5292600133833084","0.6237","0.5","0.4911779531988354","0.33933774946732215","0.33532934131736525","0.6527643232093532","0.45873079503090697","0.5416113432511166","0.8342416635806725"
"0.5796635978387956","10","4","Kentucky, Boyd","-82.6865,38.3618","0.5889200999424533","0.139219015280136","0.6448434659970274","0.7657","1.0","0.7986013047908057","0.34643647521827853","0.44311377245508987","0.5898852876912913","0.5299177787005864","0.4427668946296188","0.28524047201208924"
"0.579540715356428","10","4","North Carolina, Surry","-80.691,36.4169","0.655488193104673","0.129813664596273","0.5653078085253123","0.7014","1.0","0.7283659930549282","0.4365759347181467","0.39520958083832336","0.613308186513927","0.3937471746724549","0.4949782305412868","0.423477436062303"
"0.5794524802002711","10","5","Mississippi, Choctaw","-89.2481,33.346","0.5855559231765953","0.0689655172413793","0.43147383821908775","0.8074","0.5","1.0","0.5714088963691609","0.407185628742515","0.6353456481032828","0.58352534858809","0.5942800019038966","0.42832814803035524"
"0.5794135672368522","10","4","Alabama, Tuscaloosa","-87.5256,33.2873","0.6724610353968853","0.0699979769370827","0.6387607411293372","0.809","1.0","0.5802035115828437","0.5765381669303161","0.4970059880239522","0.4437744133187831","0.3860985791869958","0.39460824239461745","0.4010567418661029"
"0.5793999793185628","10","4","Kentucky, Montgomery","-83.9145,38.0325","0.6387912563589709","0.192513368983957","0.553993227083224","0.7065","1.0","0.7986013047908057","0.3252098023873222","0.4251497005988024","0.5239446622367122","0.4565878482228786","0.5014993185576264","0.5155581044305153"
"0.5790758530579274","10","4","Tennessee, Lawrence","-87.3979,35.2168","0.7617451053208029","0.20223932820154","0.5460400983450838","0.5438","1.0","0.4911779531988354","0.3319591973138142","0.4131736526946108","0.5712984652022484","0.4872107514308924","0.6163582988030039","0.46389463766565603"
"0.5790536921542827","10","7","Texas, Scurry","-100.9163,32.7461","0.8360382283474974","0.206896551724138","0.4976216333816759","0.71","0.675","0.8066953714640763","0.527607180299582","0.2694610778443114","0.5117241638959221","0.26032757114851274","0.5281234713266756","0.516133671673927"
"0.5790415459421777","10","5","Florida, Taylor","-83.6045,30.0485","0.6818170897446368","0.0541490857946554","0.5111489435538036","0.9815","0.675","0.4454391386730797","0.6299253975203621","0.3592814371257485","0.6017807168377609","0.48781390114541334","0.5813591811113112","0.46630668210164167"
"0.5790312597492695","6","5","Montana, Blaine","-108.9583,48.4318","0.9009219006799322","0.640776699029126","0.36149168965179546","0.9153","0.25","0.6163905315403087","0.6314834492426423","0.16167664670658685","0.5016507991249867","0.5744107125436388","0.6527938168415156","0.0"
"0.5789962724917602","10","4","Texas, Cameron","-97.4814,26.1452","0.5936082382936924","0.0321818718630056","0.6840217923348523","0.8596","1.0","0.8066953714640763","0.22664297736509928","0.37724550898203596","0.452613368495235","0.2605656019864181","0.8513885183167085","0.4371374710736893"
"0.5789881177963551","6","5","Montana, Big Horn","-107.4923,45.4234","0.8474251432802007","0.151461470327724","0.4127221872087605","0.4862","0.5","0.6163905315403087","0.6575527160535328","0.17964071856287425","0.42229651508178717","0.7173484242899273","0.8623418581957963","0.37712985631417295"
"0.5789878489791768","10","6","Florida, Polk","-81.6973,27.9503","0.6015406720097323","0.0622130394857668","0.6587520818218354","0.9013","1.0","0.4454391386730797","0.5683463197514504","0.3173652694610779","0.6189409155096902","0.43758755792545845","0.5296322972559061","0.45005266414799516"
"0.5789211876365589","10","6","Arizona, Pinal","-111.3449,32.9053","0.5532491275145146","0.051967531321687","0.5588799306950782","0.8271","0.75","0.7690982121439038","0.6739926548464881","0.5209580838323353","0.6056629582719985","0.33532750542054257","0.46793078778807795","0.6369162560228638"
"0.5788667388990552","9","3","Oklahoma, Washington","-95.9051,36.7138","0.6680771663987556","0.137531068765534","0.5727264346926143","0.3311","1.0","0.9523454485741492","0.6610883740274953","0.4191616766467066","0.5998243249034969","0.4276522413060344","0.31191336640768264","0.4421278386007068"
"0.5788203945496859","10","5","Arkansas, Drew","-91.7178,33.5904","0.618521602804339","0.0992555831265509","0.5201311369224079","0.9456","0.75","0.610486779204959","0.6107955499075847","0.407185628742515","0.5517358041566147","0.5678351651935195","0.4538702935331343","0.44336555127243277"
"0.5787997236863446","10","5","South Carolina, Union","-81.6173,34.6884","0.6494682256537833","0.10966810966811","0.4599240431792028","0.7205","0.75","0.7732051260133426","0.5733683931039331","0.43113772455089816","0.6075890184122873","0.4782159584830102","0.5821097184594763","0.36088388981729086"
"0.578691779123912","10","4","Georgia, Bleckley","-83.3304,32.4383","0.6984666432053159","0.104208416833667","0.44026923849926275","0.6125","0.825","0.7922333288990623","0.5184099759578538","0.47904191616766467","0.5539608364828539","0.4272346572206044","0.5454934998039787","0.48246593917499414"
"0.5786681018926064","10","4","Texas, Grayson","-96.6775,33.6274","0.6285434312059998","0.13859649122807","0.6032150375879353","0.6383","1.0","0.8066953714640763","0.5759972425559956","0.43113772455089816","0.5648909983668218","0.335725069784622","0.4306099336167459","0.4122461442029031"
"0.5785120823692583","10","6","Texas, Washington","-96.4095,30.215","0.5525579244933922","0.0664739884393064","0.5512007986198245","0.8892","1.0","0.8066953714640763","0.5636485233778057","0.4131736526946108","0.6335581539925471","0.32816519308679964","0.3818412351298956","0.49857259159406986"
"0.5784547176533212","10","4","Kentucky, Rockcastle","-84.3118,37.3664","0.7245306327401356","0.301818181818182","0.5409186073056472","0.702","0.75","0.7986013047908057","0.1863376488327503","0.4191616766467066","0.5648909983668218","0.5029807229186258","0.5483356589050584","0.5104433602813402"
"0.5783690574877224","10","4","Kansas, Crawford","-94.8525,37.5068","0.72760440099092","0.149321266968326","0.5330368104196688","0.9586","0.825","0.6813178638986801","0.44254599525928284","0.40119760479041916","0.5117241638959221","0.36858662204293857","0.4129870211660737","0.40189100232416175"
"0.5782999937560744","10","4","Alabama, Jefferson","-86.8951,33.5555","0.6349606571454149","0.0732735426008969","0.7131715760532503","0.6211","1.0","0.5802035115828437","0.5905968650968513","0.6227544910179641","0.5117241638959221","0.42360075328414215","0.37312945491513555","0.33686138388166786"
"0.578265830080972","10","6","Texas, Smith","-95.2718,32.3747","0.5527098197549821","0.0722833891814265","0.6452646208174047","0.7252","1.0","0.8066953714640763","0.6039044467399626","0.43712574850299407","0.5334405085950897","0.3602282798377028","0.5087463579802758","0.37960259619294884"
"0.5781988580022879","10","4","Indiana, Madison","-85.7196,40.1614","0.664890417619447","0.179045092838196","0.6387340163940162","0.5877","1.0","0.5484650550776322","0.4705721948934915","0.502994011976048","0.5712984652022484","0.5182805980584011","0.42152342973646656","0.4323387264451588"
"0.578047608177472","10","4","Iowa, Woodbury","-96.0459,42.3898","0.787973730444028","0.122999407231772","0.6782553211350489","0.7911","1.0","0.5124529061342115","0.5756250709048315","0.3592814371257485","0.4965101409658336","0.34866384433993225","0.27892629921866363","0.30669210533634633"
"0.5779778732394408","10","4","South Carolina, Aiken","-81.6365,33.5434","0.6207026864104869","0.0789915966386555","0.5655378735126048","0.5199","1.0","0.7732051260133426","0.6017106650290359","0.4970059880239522","0.5858342498966352","0.38937740343740507","0.44131608183412585","0.5191670268007272"
"0.5779602487016651","10","9","Mississippi, Clay","-88.7778,33.6536","0.6658218486134787","0.0907738095238095","0.5449200994119202","0.2375","0.75","1.0","0.6072500170826202","0.44311377245508987","0.5670390838965326","0.5167968446289123","0.6352902007096981","0.4253031285808752"
"0.5778789097543509","10","5","Nebraska, Thurston","-96.5416,42.1573","0.7086302164017577","0.105960264900662","0.48935034390128657","0.6377","0.5","0.603814206971114","0.6674848309823803","0.34131736526946105","0.43165328621112686","0.731064458110665","0.7793571587662024","0.4343780965248469"
"0.577771144118475","10","5","Texas, Anderson","-95.6535,31.8153","0.5713939745674146","0.0302509453420419","0.5484869940374867","0.978","0.75","0.8066953714640763","0.60624730167829","0.4131736526946108","0.49129758316188105","0.4100791700122165","0.5164416366679824","0.5162143653496695"
"0.5777349182017483","10","5","Alabama, Butler","-86.6806,31.753","0.681667705112973","0.070281124497992","0.47825754552335126","0.6259","0.75","0.5802035115828437","0.6190393448581093","0.4550898203592814","0.5998243249034969","0.6377364550829594","0.5504401186374641","0.37177106308583974"
"0.5776478020363288","10","4","Ohio, Pike","-83.0677,39.0763","0.6136727366500233","0.212230215827338","0.5362058139089716","0.7822","0.825","0.7247088387345686","0.3140233874542166","0.44910179640718567","0.5670390838965326","0.5502046170229652","0.5423331768149482","0.5789677233519895"
"0.5774974450658615","10","4","Virginia, Bristol City","-82.1636,36.6163","0.6289730546134775","0.167381974248927","0.7369063022180025","0.5358","1.0","0.7697111946822568","0.4595086109081202","0.38323353293413176","0.6207997313712245","0.5265517454310895","0.5300833221202869","0.0"
"0.5774803317052523","10","9","South Carolina, Colleton","-80.6764,32.8758","0.6663651188382392","0.0997485331098072","0.4636908527521772","0.4473","0.75","0.7732051260133426","0.6838647310704925","0.4191616766467066","0.6037268925796017","0.570343703488025","0.5859779470157209","0.41089230619817174"
"0.5772913448437433","10","2","Texas, Cherokee","-95.1656,31.8373","0.4822426929860713","0.0248292985723153","0.5537841155300733","0.9217","0.75","0.8066953714640763","0.6487803339639094","0.4191616766467066","0.5561726637917245","0.4597078151552864","0.6387936368675766","0.4866496307522044"
"0.5772837762458954","10","4","Mississippi, Lamar","-89.5078,31.2057","0.7116063458423268","0.130293159609121","0.5990997443846602","0.3919","1.0","1.0","0.5294222016612695","0.40119760479041916","0.4496902805094778","0.3515744332101176","0.4417617777258876","0.41447743276296833"
"0.5772702536169965","10","9","Oklahoma, Garvin","-97.3081,34.7042","0.7380487050100103","0.268892794376098","0.4996302628864872","0.228","0.825","0.9523454485741492","0.6309245673256767","0.38922155688622756","0.5691748594129424","0.4710508001459511","0.46106125763027134","0.41980251527535045"
"0.5771522578585575","10","5","Louisiana, Allen","-92.8244,30.6539","0.7012871871974031","0.0587583148558758","0.5216215791729205","0.9296","0.75","0.3163258823370422","0.7249674984683154","0.3712574850299401","0.4886637078344629","0.5305672930047363","0.5835696147310244","0.4304660744641648"
"0.5771088868313456","10","5","South Carolina, Hampton","-81.1385,32.7742","0.6295683301154815","0.0621621621621622","0.4924169449580632","0.5903","0.675","0.7732051260133426","0.6589170793068002","0.43113772455089816","0.5712984652022484","0.5595826843261382","0.605683882195309","0.5026345449384724"
"0.5769535876692298","10","5","Texas, Hockley","-102.3432,33.6077","0.7200593065497142","0.227743271221532","0.5176879412816037","0.8485","0.75","0.8066953714640763","0.49986368041955603","0.2694610778443114","0.4806485213347297","0.2608021097730943","0.6273331967985954","0.4738160899287067"
"0.5769428943691043","10","5","South Carolina, Bamberg","-81.0566,33.2193","0.5612210252531845","0.0298507462686567","0.49888452458147836","0.986","0.675","0.7732051260133426","0.6586806149330167","0.43113772455089816","0.624489779413553","0.5310509940782212","0.6153594797760039","0.0"
"0.5768054563746166","10","6","Texas, Brazos","-96.3021,30.6636","0.6414666999522154","0.0819353944267295","0.679417029800856","0.914","1.0","0.8066953714640763","0.5375185813786061","0.4251497005988024","0.30440018439969097","0.21523645645438447","0.45385248992006666","0.45832788714464506"
"0.576745879167563","10","5","Georgia, Washington","-82.7936,32.9671","0.5911427268768155","0.0496551724137931","0.4297802132309154","0.9252","0.675","0.7922333288990623","0.5674176086089119","0.4670658682634731","0.5517358041566147","0.4972265330221674","0.625892557496284","0.35017434503634837"
"0.5763936363486661","10","5","Louisiana, Bienville","-93.054,32.3457","0.722666352291167","0.115248226950355","0.49083895325501986","0.9338","0.5","0.3163258823370422","0.6277643024615506","0.40119760479041916","0.613308186513927","0.6512249450286874","0.5519642048064669","0.5084127619242408"
"0.5763733347990306","10","6","North Carolina, Durham","-78.8761,36.0364","0.6075453577420614","0.0741216295085794","0.7353040039380723","0.9019","1.0","0.7283659930549282","0.6825577687094434","0.4550898203592814","0.43165328621112686","0.19443912175955028","0.33347027178123695","0.37192442012960014"
"0.5763072903759454","10","6","New Jersey, Essex","-74.2466,40.7868","0.564466523220213","0.0511143734151875","0.8402131726402379","0.9411","1.0","0.5465970409188426","0.669795779609172","0.4131736526946108","0.46124754169706367","0.2746424349063969","0.431008274320008","0.37867947630971727"
"0.576274863998726","10","5","Kentucky, Harlan","-83.219,36.857","0.6472880181729161","0.128571428571429","0.536020957790067","0.8873","0.675","0.7986013047908057","0.2915263667271724","0.39520958083832336","0.5648909983668218","0.6014525594983641","0.5957293613432209","0.3503978218225874"
"0.576213832039026","10","9","North Carolina, Beaufort","-76.8433,35.4853","0.7287358075032935","0.192645883293365","0.54635378574415","0.3996","0.75","0.7283659930549282","0.6597899479199774","0.3712574850299401","0.6694051144412375","0.42899529034239337","0.516500134253776","0.42848537859300895"
"0.5761938977590293","10","6","Colorado, Denver","-104.8726,39.7602","0.6588407582272635","0.13394368846805","0.8265312278269804","0.8717","1.0","0.8662658896035598","0.6153789184523565","0.311377245508982","0.40944379978250145","0.12484111133514526","0.23947942719842225","0.446664724955467"
"0.5759139603305886","10","6","Nevada, Carson City","-119.748,39.1551","0.6298362449927223","0.210862619808307","0.6711876355632022","0.9605","1.0","0.5897697212390978","0.5136786680599187","0.251497005988024","0.6114115319998742","0.36286772729572564","0.3581223413422544","0.39973590051659663"
"0.5759097086772068","10","4","Texas, Robertson","-96.5127,31.0254","0.7090828843486642","0.189054726368159","0.526532262547171","0.7141","0.75","0.8066953714640763","0.633574872833296","0.407185628742515","0.5978576089534523","0.4298954745187353","0.4657955653500996","0.0"
"0.5758978844472639","10","5","Florida, Madison","-83.474,30.444","0.6070326227962957","0.0349386213408876","0.5092757067060847","0.9971","0.675","0.4454391386730797","0.6616128807767895","0.40119760479041916","0.613308186513927","0.4831261398176963","0.6137452855245363","0.5277354902541662"
"0.5758558944847685","10","4","Missouri, Cole","-92.2786,38.5046","0.807683353488521","0.292289059345983","0.6415752169281247","0.5145","1.0","0.6898109656793697","0.5006116123549744","0.4191616766467066","0.5215324091055006","0.3579890891251653","0.18241824175150737","0.4104931121479237"
"0.5758459678105118","10","6","New York, Bronx","-73.8628,40.8521","0.47823609908009207","0.0194085537319194","0.934725653397629","0.9704","1.0","0.30357014148943134","0.7716816522754274","0.43712574850299407","0.43165328621112686","0.3019739186578074","0.6212297064547544","0.44083993215207296"
"0.5757969489469337","10","4","Ohio, Richland","-82.538,40.7718","0.5994252961238351","0.181384248210024","0.5980703196367828","0.7303","1.0","0.7247088387345686","0.43181156183069425","0.4970059880239522","0.5978576089534523","0.4267366065958832","0.39667200815429704","0.41008713098488186"
"0.5757759265020187","10","5","Virginia, Mecklenburg","-78.3613,36.6788","0.5884263773506802","0.0625","0.5415633065277308","0.7265","0.75","0.7697111946822568","0.590560333523084","0.40119760479041916","0.7021046890169179","0.5299490924708627","0.47327901737620526","0.4200357990221128"
"0.5757066180902478","10","5","Kentucky, Floyd","-82.7475,37.5621","0.5984881805304093","0.240143369175627","0.566015870124326","0.9048","0.75","0.7986013047908057","0.1946082394325081","0.4191616766467066","0.560557323866868","0.6346607869843423","0.5823283274498651","0.338614121837678"
"0.5756689696997307","10","4","Ohio, Jackson","-82.6182,39.0191","0.6942893877595456","0.303102625298329","0.5050218522292628","0.6578","0.75","0.7247088387345686","0.2474917836273935","0.44311377245508987","0.5449798764246452","0.5825767652009772","0.5520667875293804","0.6016553259945769"
"0.5756483928602344","10","4","Georgia, Bartow","-84.8389,34.2373","0.6689409946618458","0.102388059701493","0.6328550047836804","0.4238","1.0","0.7922333288990623","0.5264188877442891","0.49101796407185627","0.46968620728685795","0.38860484651561605","0.4719959461051932","0.550892417682026"
"0.5755557886035145","10","6","Virginia, Hampton City","-76.3588,37.0351","0.5319053785019388","0.073782587309395","0.7593388759992394","0.8061","1.0","0.7697111946822568","0.6624328388682681","0.34131736526946105","0.49908933331939354","0.46621056280504064","0.34175076855290903","0.36368335627563836"
"0.5753566007307774","10","4","North Carolina, Onslow","-77.4291,34.7261","0.6567774745269093","0.197346036066689","0.623714437681591","0.8017","1.0","0.7283659930549282","0.6022919371518151","0.38922155688622756","0.3087088081983978","0.31302981666007246","0.4091192770618855","0.5503779561783638"
"0.5751820077193069","10","5","Virginia, Lee","-83.1261,36.7059","0.6924268848772277","0.232142857142857","0.5409822219575706","0.7787","0.675","0.7697111946822568","0.38354829733459883","0.407185628742515","0.613308186513927","0.5118939246256239","0.6623070018703483","0.0"
"0.5751667582041633","10","4","Kentucky, Warren","-86.4267,36.999","0.6639188296285382","0.0831121094547682","0.613634999925487","0.8806","1.0","0.7986013047908057","0.4589012583157457","0.4670658682634731","0.4407808887294848","0.3214465437726335","0.3309531800099095","0.35249460989154435"
"0.5751193320492461","7","5","Colorado, Logan","-103.1108,40.725","0.7744909324863287","0.145235892691952","0.4867271728719059","0.9634","0.675","0.8662658896035598","0.5226730513790352","0.16167664670658685","0.5539608364828539","0.3617246928772812","0.3155961709393925","0.5462438243863299"
"0.5750127820797446","10","3","Mississippi, Jackson","-88.6418,30.5402","0.698390896291737","0.134290344987266","0.620491417296221","0.1433","1.0","1.0","0.5713535033871803","0.4251497005988024","0.5117241638959221","0.40872491339980793","0.4967376392966193","0.3941120497985587"
"0.5749529028956747","7","7","Colorado, Fremont","-105.44,38.4736","0.7478539109133842","0.610278372591006","0.5094356488565233","0.7036","0.675","0.8662658896035598","0.5357029546961732","0.11976047904191617","0.6353456481032828","0.2620187165398357","0.3823953271692461","0.6452253172128652"
"0.5749319744418697","10","4","North Carolina, Wilkes","-81.1623,36.2084","0.6757829356784758","0.150032195750161","0.5434573805942663","0.4578","1.0","0.7283659930549282","0.40564091519550066","0.39520958083832336","0.6281436499318728","0.4736008359122853","0.5470841981307175","0.48574737958841274"
"0.5748303701338618","10","4","Missouri, Pettis","-93.2847,38.728","0.7183731007490333","0.142452161587527","0.5874828587205198","0.6412","0.825","0.6898109656793697","0.4337597567652472","0.38922155688622756","0.540406913436432","0.46873656901726485","0.5359002590728483","0.41340382885803384"
"0.5747449896692034","10","6","Michigan, Wayne","-83.2813,42.281","0.5517098586978213","0.0598490012058931","0.8117573066985339","0.6587","1.0","0.5192862589944978","0.6277077665718496","0.502994011976048","0.504194780386106","0.444435558175804","0.49226990132074955","0.4275352787879045"
"0.5746895794970575","10","6","Maryland, Baltimore City","-76.6115,39.3021","0.5677716465157051","0.0527253295333096","0.8443283545876485","0.873","1.0","0.4028734589185817","0.6671817805706922","0.38922155688622756","0.46408171358848016","0.48773606721609","0.45339819500430617","0.3120136717705498"
"0.57464856056689","10","4","Missouri, DeKalb","-94.4048,39.892","0.756270187791746","0.33195020746888","0.5096751964199542","0.8558","0.825","0.6898109656793697","0.527425873469888","0.39520958083832336","0.5472454870957077","0.4314088804196949","0.3448804499493809","0.0"
"0.5745339452208804","7","7","Illinois, Union","-89.2555,37.4712","0.8217354263717216","0.244137931034483","0.5431066702320128","0.7609","0.75","0.48583792883850596","0.3423798541902965","0.49101796407185627","0.6189409155096902","0.3851632049380013","0.40888637673583716","0.4380677385965177"
"0.5745119308200058","10","6","Alabama, Mobile","-88.2084,30.7847","0.550606387509886","0.0374132978350732","0.670417053788488","0.723","1.0","0.5802035115828437","0.684276049562229","0.4670658682634731","0.5191044408593759","0.4579982025513245","0.4887548383135207","0.3907131052731322"
"0.5744722958930087","10","4","Kentucky, Hart","-85.8846,37.2994","0.704117892627356","0.299625468164794","0.47924594289718536","0.6479","0.75","0.7986013047908057","0.36570328996509777","0.47904191616766467","0.542700408721451","0.38060065927702014","0.5618924441345029","0.5302205341161907"
"0.5744538922549545","7","5","Louisiana, Jackson","-92.5569,32.3025","0.7734044401962915","0.142679900744417","0.5087600453077905","0.8395","0.675","0.3163258823370422","0.5739675969942887","0.38922155688622756","0.6056629582719985","0.4437009306033524","0.5692473952526848","0.5088724733412193"
"0.5743655721728353","10","5","Alabama, Pickens","-88.0882,33.2809","0.737236064768638","0.137452711223203","0.48649437524314615","0.8163","0.5","0.5802035115828437","0.566624362939984","0.44910179640718567","0.5878652729484978","0.46793087205908923","0.5945934423842986","0.43727900212439946"
"0.5743361535818206","10","5","Kansas, Seward","-100.8507,37.1932","0.809351992239917","0.107271789582259","0.49669258835714986","0.8771","0.75","0.6813178638986801","0.5349700308755165","0.251497005988024","0.3530812563017395","0.31859824288870575","0.6512198321107177","0.37541844792260465"
"0.574268849050793","10","5","Kentucky, Martin","-82.5125,37.7999","0.6807822696751754","0.32520325203252","0.4693944192952295","0.9799","0.5","0.7986013047908057","0.4479544998538482","0.407185628742515","0.5092312328105775","0.6002894416257417","0.6012467858119981","0.0"
"0.5742627883597117","10","6","Georgia, Upson","-84.3002,32.8792","0.47601031288019846","0.0230024213075061","0.5787923206866958","0.7644","1.0","0.7922333288990623","0.5984771475965269","0.49101796407185627","0.579673914473061","0.3569309237833777","0.6240976626278303","0.38226919900747225"
"0.5740942033620154","10","5","Texas, Navarro","-96.4743,32.0462","0.5444619381056908","0.044267053701016","0.5625489203477719","0.8822","0.75","0.8066953714640763","0.6057554473081038","0.43113772455089816","0.5494974081927578","0.32694885469661317","0.6688169474893938","0.41857699172168755"
"0.5740128133198735","10","4","South Carolina, Georgetown","-79.332,33.4344","0.6942251536825341","0.11275415896488","0.5499312625325081","0.4982","0.825","0.7732051260133426","0.5695759259014185","0.38323353293413176","0.7195778173951984","0.4292472864818971","0.44950307935893913","0.371492344384415"
"0.5739604631093427","7","9","Missouri, Wright","-92.4691,37.2703","0.7685420383816426","0.23021582733813","0.5127971119075402","0.6963","0.75","0.6898109656793697","0.26378393069814954","0.38922155688622756","0.6095051758860066","0.505758651789174","0.7208653863971434","0.0"
"0.5739116047660391","10","4","North Carolina, Person","-78.9722,36.3899","0.6500082383535596","0.19434628975265","0.572407735329168","0.6224","0.825","0.7283659930549282","0.651783475692178","0.4251497005988024","0.5878652729484978","0.34122436951262475","0.47832725002849186","0.4383550433011452"
"0.5738880108538975","10","4","North Carolina, Watauga","-81.7003,36.231","0.7308022660489448","0.223502304147465","0.6423482534180724","0.822","1.0","0.7283659930549282","0.320360365635054","0.3173652694610779","0.5166605513962695","0.16257990011732412","0.48833070053826255","0.4736645697132717"
"0.5738750364105898","10","4","Alabama, Limestone","-86.9831,34.8119","0.7097264418085486","0.158404770778979","0.5735729602704057","0.4521","1.0","0.5802035115828437","0.5808349131039572","0.5269461077844312","0.504194780386106","0.38786768525977205","0.413133204574051","0.6021326045198887"
"0.5736758781240857","10","4","Tennessee, Rhea","-84.9308,35.6054","0.6885905700014618","0.12156862745098","0.5763011707607321","0.5005","1.0","0.4911779531988354","0.36817899556490563","0.407185628742515","0.5775976316230177","0.5800480242217821","0.588144295498314","0.5991080764236459"
"0.5734627543842288","10","4","Arkansas, Washington","-94.218,35.9768","0.6974111031729626","0.0877338494148005","0.6455934933684224","0.8825","1.0","0.610486779204959","0.5101972448661501","0.4131736526946108","0.39950476257029566","0.3102842949863696","0.39787877822644774","0.4225414824915945"
"0.5733763599750489","10","9","Mississippi, Jasper","-89.1179,32.0192","0.6954370697674481","0.0975975975975976","0.4369116637855708","0.3451","0.5","1.0","0.5991628889346827","0.4191616766467066","0.6037268925796017","0.6094668963671913","0.5823090704806285","0.5679478753526201"
"0.5733244024316219","10","5","Georgia, Grady","-84.2342,30.8745","0.5660757308397506","0.0427046263345196","0.5571821440434429","0.5234","0.75","0.7922333288990623","0.6903841779301874","0.48502994011976047","0.5627304600978258","0.4635045627552124","0.6778335691605573","0.4554304142451775"
"0.5732467360175361","10","6","Georgia, Monroe","-83.921,33.0143","0.555892393672292","0.0497981157469717","0.594921376171473","0.6762","1.0","0.7922333288990623","0.5590334591568538","0.5089820359281437","0.5691748594129424","0.3563879692044502","0.4057513663667464","0.576539526050625"
"0.5732153453252938","10","4","Georgia, Habersham","-83.5309,34.6333","0.6131150472019071","0.0519693654266958","0.5749371435402456","0.7163","1.0","0.7922333288990623","0.48276522276393824","0.40119760479041916","0.5837920978957992","0.2575949555032307","0.5248179338337804","0.5455624572431615"
"0.5730959338801191","10","4","Kentucky, Hardin","-85.9632,37.6976","0.6375323899981316","0.16508875739645","0.6158660814582864","0.6625","1.0","0.7986013047908057","0.5165808979820594","0.5269461077844312","0.46408171358848016","0.4477865484169997","0.26134214293249247","0.3872380457087575"
"0.5729571130593231","10","4","Missouri, Jackson","-94.3472,39.01","0.6889367948630898","0.115631033877479","0.7322668522392218","0.5479","1.0","0.6898109656793697","0.6021972223749921","0.44311377245508987","0.4939129750014257","0.38473458633442953","0.3073511602808417","0.3610377495594067"
"0.5727366387135088","10","4","Kentucky, Rowan","-83.4209,38.1948","0.6094097044480896","0.158227848101266","0.5054922477965972","0.9742","1.0","0.7986013047908057","0.2580776830692157","0.40119760479041916","0.46689449529952165","0.5005879789964783","0.4803268258907166","0.3423833162284939"
"0.5727185650550074","10","6","Texas, Harrison","-94.3693,32.5494","0.5563073953294064","0.0889328063241107","0.5732063709055063","0.7179","0.825","0.8066953714640763","0.6565838137223092","0.4191616766467066","0.5357771420024626","0.46142278455809776","0.4952111308673351","0.46557776307105253"
"0.5726486230863542","10","4","Georgia, Elbert","-82.8394,34.113","0.5957894025836126","0.0470430107526882","0.601226688758036","0.5234","0.825","0.7922333288990623","0.592804600086323","0.4550898203592814","0.613308186513927","0.41468798282878006","0.6067353853834274","0.44125356783042846"
"0.5726202154489566","10","6","South Carolina, Richland","-80.9027,34.0179","0.6188366113802044","0.0545531095873932","0.6616894090889791","0.8211","1.0","0.7732051260133426","0.6219704121043937","0.407185628742515","0.42544161229202965","0.3358504076847301","0.34513684620015794","0.3836103354832037"
"0.5725858496144512","10","5","California, Imperial","-115.3669,33.0393","0.6070024110388907","0.0292506043513296","0.5855252598752605","0.9869","0.675","0.6302607543856039","0.5257578612656666","0.62874251497006","0.4437744133187831","0.2704043520779607","0.6204115880447406","0.5168300929393455"
"0.5725654319904127","10","4","Virginia, Radford City","-80.5603,37.1222","0.7289032193027658","0.111111111111111","0.7291429438952699","0.8236","1.0","0.7697111946822568","0.4380788887813785","0.3532934131736527","0.30004116619787025","0.377896149777572","0.4874905395596888","0.0"
"0.5724804982266188","10","4","Kentucky, Pike","-82.3949,37.4709","0.6652805913749221","0.269911504424779","0.5619293965969137","0.8408","0.75","0.7986013047908057","0.13960505195840642","0.39520958083832336","0.5648909983668218","0.5740157632519288","0.5768204709091991","0.31195286094128066"
"0.5724693103747044","10","5","Georgia, Treutlen","-82.569,32.4042","0.6908413051964217","0.0896551724137931","0.5005573439345553","0.9401","0.5","0.7922333288990623","0.5720671099530521","0.4550898203592814","0.6037268925796017","0.3553944698003063","0.6647665649599946","0.0"
"0.5723993068519381","7","7","Iowa, Crawford","-95.382,42.0372","0.7996391560467105","0.116653875671527","0.5973518427672669","0.8583","0.675","0.5124529061342115","0.4953768570462226","0.34730538922155696","0.5561726637917245","0.33907001033232065","0.4574111536123592","0.5182513695820467"
"0.5723621360510555","10","5","Georgia, Turner","-83.6207,31.7161","0.5818213769080419","0.0393939393939394","0.5412850671727503","0.9666","0.575","0.7922333288990623","0.6388499657076773","0.4610778443113772","0.579673914473061","0.5040614663776605","0.6214947017295301","0.0"
"0.5722212434498449","10","4","Tennessee, Jefferson","-83.4515,36.0482","0.7043723755739132","0.158477508650519","0.6047232777570408","0.6288","1.0","0.4911779531988354","0.3508821056610422","0.43712574850299407","0.6075890184122873","0.48357274389805693","0.43077392063779085","0.5559021635899463"
"0.5721768349684871","10","6","Florida, Walton","-86.1694,30.642","0.6571390068466838","0.094722598105548","0.5731804864563127","0.9503","1.0","0.4454391386730797","0.48594083192761645","0.4251497005988024","0.6075890184122873","0.39073188861854263","0.32687494148727514","0.5135912295253765"
"0.5721463625895484","10","4","South Dakota, Minnehaha","-96.7911,43.6744","0.8073022190574184","0.201176209498447","0.6209148635260614","0.6765","1.0","0.7704699034685317","0.6258502638067909","0.29940119760479045","0.4407808887294848","0.27596838100962584","0.14713584071991515","0.35192908222277064"
"0.5720202693373045","10","5","Florida, Bradford","-82.1661,29.9508","0.5963873889417273","0.0424292845257903","0.5727081481876907","0.9927","0.825","0.4454391386730797","0.5686762100792222","0.3053892215568862","0.5755097168756041","0.4812461856883063","0.5826584815262081","0.577486299024193"
"0.5719747845445002","7","5","New Mexico, Doña Ana","-106.8329,32.3528","0.718532071232799","0.220673386232039","0.5944400406374546","0.9723","0.675","0.5871956657568004","0.4794317984404492","0.2874251497005988","0.5092312328105775","0.2684139038948714","0.6195009392919806","0.5001584101510076"
"0.5719174719201181","10","6","Georgia, DeKalb","-84.224,33.7694","0.5714216910083382","0.0565721331689273","0.7953742752471666","0.7208","1.0","0.7922333288990623","0.6571357962063848","0.43113772455089816","0.41269877075759065","0.2454577475074361","0.4146654053149962","0.4452501128252657"
"0.5718904961004913","10","4","Kentucky, Barren","-85.9334,36.9647","0.6648844778008501","0.143600416233091","0.524961538946129","0.5164","1.0","0.7986013047908057","0.38877686191434424","0.4670658682634731","0.558371441896005","0.4212093155624501","0.5435447914076614","0.3913773517132032"
"0.5718903313625738","7","9","Tennessee, Obion","-89.1492,36.3573","0.8204660587212426","0.193251533742331","0.543393596146349","0.4253","0.75","0.4911779531988354","0.47565094704491767","0.4730538922155689","0.6114115319998742","0.5121469017363611","0.529501010748659","0.3784047905346737"
"0.5718449040313076","10","6","Texas, Harris","-95.3934,29.8586","0.5626660933495938","0.0432399077652561","0.7816065156047461","0.6014","1.0","0.8066953714640763","0.6353155209001232","0.5389221556886228","0.3530812563017395","0.24392877394582246","0.5363540695365526","0.444944899386097"
"0.5717727608911517","10","6","Michigan, Berrien","-86.4131,41.9545","0.6240120066287557","0.15207972270364","0.6541262035890946","0.7364","1.0","0.5192862589944978","0.566288712417507","0.5269461077844312","0.595880459448231","0.34651006057600164","0.3300770484661582","0.4711495638795297"
"0.5716532642822326","10","4","Indiana, Knox","-87.4195,38.6886","0.6611806969094012","0.163027656477438","0.585738636670421","0.7638","1.0","0.5484650550776322","0.3516662092631812","0.5508982035928144","0.560557323866868","0.4814873884727635","0.3822711863298288","0.3726324594843562"
"0.571549469380832","10","6","Georgia, Fulton","-84.4632,33.7922","0.5816403150972712","0.0577819511050002","0.8175126883834428","0.8259","1.0","0.7922333288990623","0.5896523220362535","0.5389221556886228","0.39950476257029566","0.2218889455673828","0.27766575496826784","0.3961932917027857"
"0.571426278787469","10","4","Missouri, Howell","-91.8868,36.7738","0.7412485317912998","0.22713567839196","0.5240504630159531","0.6909","0.75","0.6898109656793697","0.26655952839786706","0.4131736526946108","0.6037268925796017","0.5066651589242641","0.5256274532197955","0.41125040331534257"
"0.5713041523660516","10","4","Missouri, Johnson","-93.8069,38.7472","0.7713895556011202","0.273052180128663","0.5345023057182354","0.8036","0.825","0.6898109656793697","0.4579171942965538","0.38323353293413176","0.42856039038869453","0.35604389672704134","0.335951514100401","0.5233642513281692"
"0.5713016802447948","10","4","Texas, Erath","-98.2177,32.236","0.6027541808486505","0.0841889117043121","0.5334325555332399","0.9573","1.0","0.8066953714640763","0.4321567228030507","0.34730538922155696","0.4806485213347297","0.31406233216261864","0.4899606394815588","0.4614591261706425"
"0.571142992744137","10","5","Louisiana, Concordia","-91.6381,31.4482","0.6067586558848791","0.0695187165775401","0.5526532934709023","0.9653","0.75","0.3163258823370422","0.6235611001908649","0.3592814371257485","0.5449798764246452","0.5573280945199226","0.6509558057400545","0.5344918429831333"
"0.5710667283157567","10","6","Oregon, Marion","-122.5815,44.9029","0.5762760101604961","0.0998171846435101","0.6824445335756602","0.9274","1.0","0.7438233614458837","0.45349924180071016","0.3652694610778443","0.5117241638959221","0.29989049419694414","0.40340007831167496","0.5205683038386458"
"0.5710432653963219","10","6","Virginia, Norton City","-82.6275,36.9336","0.5475112496189463","0.113636363636364","0.6653838250712679","0.8542","1.0","0.7697111946822568","0.419490806514603","0.3652694610778443","0.5648909983668218","0.40847111749267057","0.6411565517719985","0.04774111322202518"
"0.5709931052794781","10","6","Illinois, Rock Island","-90.5704,41.4661","0.6671140528037982","0.125240318593793","0.6627906554734077","0.7816","1.0","0.48583792883850596","0.528912418740678","0.47904191616766467","0.5858342498966352","0.36314218603399034","0.30718874772897964","0.4253208436144452"
"0.570931108898676","10","9","Kentucky, Fulton","-89.2014,36.5524","0.7666327673986105","0.196261682242991","0.4868611119815818","0.4839","0.575","0.7986013047908057","0.5820293039417118","0.4730538922155689","0.6151952376728468","0.5522660915396541","0.5550191594732602","0.0"
"0.5708300639497774","10","4","Tennessee, Bradley","-84.8572,35.1574","0.65463946636733","0.0914489311163895","0.6453225840991552","0.687","1.0","0.4911779531988354","0.4584084488455276","0.4610778443113772","0.5494974081927578","0.4887670400559585","0.4623658870177871","0.4188710043485971"
"0.570725877733424","10","4","Oklahoma, Creek","-96.3709,35.9023","0.6504172730900327","0.137174211248285","0.5364630334890305","0.4406","0.825","0.9523454485741492","0.6506573765051548","0.407185628742515","0.558371441896005","0.4206727387128866","0.38324263381564977","0.5298097631663693"
"0.5706325862095107","10","7","Kansas, Reno","-98.0861,37.9523","0.7921019389780678","0.302730970366066","0.5071953802924295","0.7947","0.75","0.6813178638986801","0.44604463487813617","0.34730538922155696","0.595880459448231","0.3515506222123852","0.3235698884464362","0.40744551318565636"
"0.5706103854891705","10","4","West Virginia, Upshur","-80.2369,38.8929","0.7062142201020565","0.472972972972973","0.48844080543831536","0.8669","0.75","0.590915881821042","0.24100393907951237","0.3532934131736527","0.6056629582719985","0.4557810548145892","0.5417048424979752","0.47380977355183673"
"0.5705657609144232","10","6","Louisiana, Ouachita","-92.157,32.4765","0.6222504383540127","0.0512177121771218","0.6495208010768743","0.9516","1.0","0.3163258823370422","0.5834937242452396","0.38922155688622756","0.48601108590571473","0.5031015094408273","0.5188351931649628","0.3054546127996175"
"0.5704193157260943","10","5","Louisiana, Avoyelles","-92.0008,31.078","0.6252166126941192","0.0558894230769231","0.4947625202821893","0.9663","0.75","0.3163258823370422","0.6881822496682636","0.3712574850299401","0.542700408721451","0.5623101250521948","0.5840071960508437","0.5268186723209873"
"0.5704090943604172","10","6","Louisiana, Rapides","-92.53,31.1978","0.5862505774378369","0.0487269534679543","0.6087736968255217","0.9335","1.0","0.3163258823370422","0.6690612782245132","0.37724550898203596","0.526341402378779","0.5258531031048248","0.5108609912058629","0.34432379223612963"
"0.5703127098714684","10","4","Tennessee, Lincoln","-86.5891,35.1374","0.6954472713963408","0.170025188916877","0.5435202649869982","0.5642","1.0","0.4911779531988354","0.5158419693713199","0.4550898203592814","0.595880459448231","0.46968368292664747","0.4098707833141631","0.5200263336771767"
"0.5702329321089349","10","4","Pennsylvania, Northumberland","-76.708,40.8479","0.6160366868972869","0.146948003014318","0.6121392204683468","0.7313","1.0","0.7607330979588356","0.3153205370508661","0.49101796407185627","0.6281436499318728","0.4454574254496762","0.2874622233370003","0.4855436286857108"
"0.5701958527121554","10","2","Georgia, Pulaski","-83.4755,32.2333","0.4583835110841056","0.0215384615384615","0.5347844533554413","0.8701","0.75","0.7922333288990623","0.6010236526312516","0.47904191616766467","0.5978576089534523","0.548224073648272","0.606880115435236","0.38115000266413734"
"0.5699692613435394","10","9","Arkansas, Arkansas","-91.3728,34.2915","0.7872247801304905","0.237541528239203","0.4942992151187673","0.5368","0.675","0.610486779204959","0.5586778245738923","0.4191616766467066","0.5878652729484978","0.48957289988220104","0.47157762175461027","0.38868352443756304"
"0.5697771358883459","10","4","Tennessee, Warren","-85.7797,35.6728","0.7267079477189418","0.155354449472097","0.569370696356612","0.4397","1.0","0.4911779531988354","0.4012874762031608","0.39520958083832336","0.560557323866868","0.5583732684074255","0.5986945712665914","0.4267924688662065"
"0.5695568994939189","10","6","Tennessee, Shelby","-89.8969,35.1865","0.6391732655025482","0.0704788798682198","0.7339382836810492","0.6972","1.0","0.4911779531988354","0.6260208897855559","0.38922155688622756","0.4496902805094778","0.4388481677584069","0.4695655712519368","0.38125187382403397"
"0.5695378439417585","10","6","Texas, Bell","-97.4785,31.0374","0.5454355935047235","0.0727242744063325","0.6671763288205065","0.8405","1.0","0.8066953714640763","0.6515040177453816","0.4251497005988024","0.37162696325125594","0.3304317576283016","0.4153737953342665","0.4216279869288329"
"0.5693946220522941","10","4","Arkansas, Faulkner","-92.3372,35.1472","0.676945131398837","0.136653895274585","0.6180442609565098","0.7568","1.0","0.610486779204959","0.5514272130669253","0.4550898203592814","0.42229651508178717","0.3842457993060513","0.32056483234143796","0.4755755584046762"
"0.5693621024993771","10","4","Kansas, Atchison","-95.3087,39.5319","0.7449922842689491","0.204347826086957","0.48936458407328814","0.8163","0.75","0.6813178638986801","0.46881260040616707","0.40119760479041916","0.5517358041566147","0.42669537193231033","0.3113929437862423","0.5111097689652805"
"0.5693305618926495","10","4","Ohio, Wayne","-81.8884,40.8293","0.6343244078412502","0.227164416203336","0.5790190005935303","0.8297","1.0","0.7247088387345686","0.24672396323554402","0.5389221556886228","0.5539608364828539","0.3401554856816597","0.35017974987982564","0.5077375313134371"
"0.5693085978330278","10","6","Michigan, Isabella","-84.8466,43.6406","0.632813969966869","0.188183807439825","0.5930198322123931","0.9086","1.0","0.5192862589944978","0.5756806597910847","0.3652694610778443","0.41912465076501093","0.3328641817088872","0.4757592907912568","0.5012526178695743"
"0.5690688881552819","10","4","Texas, Titus","-94.968,33.2134","0.5632142738087151","0.0307793058284217","0.578991225824858","0.596","1.0","0.8066953714640763","0.6436260756690746","0.4191616766467066","0.47793802351369025","0.3154190006768219","0.6686041519236804","0.36700047757223697"
"0.5689823884066298","10","5","Arkansas, Lincoln","-91.74,33.9532","0.8125408384350062","0.0590356016223524","0.47855096745374076","0.9873","0.5","0.610486779204959","0.6150109398116439","0.4191616766467066","0.5016507991249867","0.47061010258685176","0.468638693355292","0.0"
"0.5689622487168987","10","9","Oklahoma, Lincoln","-96.8812,35.7027","0.7222418980399379","0.239099859353024","0.46699218445147594","0.2805","0.75","0.9523454485741492","0.6001737904776638","0.38323353293413176","0.5712984652022484","0.46958922959723853","0.45253877705649603","0.5204040117829475"
"0.5689380989976549","10","4","Virginia, Salem City","-80.0622,37.2836","0.743369326757018","0.334851936218679","0.7628864171634439","0.624","1.0","0.7697111946822568","0.4578383024193745","0.34730538922155696","0.5898852876912913","0.272486931471812","0.1911789516239499","0.14116895639023447"
"0.5688434212096647","10","9","Mississippi, Itawamba","-88.3607,34.2799","0.7756126520991409","0.158715596330275","0.47426244384678373","0.4562","0.825","1.0","0.43172900846020873","0.43113772455089816","0.560557323866868","0.4328662522667797","0.48040058371628264","0.0"
"0.5685966381999369","10","5","Alabama, Escambia","-87.1592,31.1257","0.5599953578373891","0.0299471520845567","0.5160603544802592","0.5839","0.75","0.5802035115828437","0.8051502278050748","0.43113772455089816","0.5648909983668218","0.583345831082","0.6788472850882872","0.3979201478145524"
"0.5685558725603023","10","4","Indiana, Daviess","-87.0719,38.7019","0.6761788785167745","0.136308805790109","0.551951404456579","0.8586","0.75","0.5484650550776322","0.3297231499927408","0.5449101796407185","0.5117241638959221","0.3915523335525675","0.6334261503102128","0.45598874178083104"
"0.5685224837375923","10","4","Indiana, Adams","-84.9367,40.7458","0.7291443205147687","0.244","0.585202002950311","0.8134","0.75","0.5484650550776322","0.187632467089537","0.5688622754491018","0.5092312328105775","0.37368257190763476","0.5417382696898574","0.5669127409166598"
"0.5683706344399941","10","4","Tennessee, McMinn","-84.6152,35.4281","0.7278947172042742","0.184228416043508","0.581317638553242","0.4728","1.0","0.4911779531988354","0.421020730158602","0.43712574850299407","0.6037268925796017","0.47393425308840775","0.5275819750407879","0.36819347669003055"
"0.5683042083604466","10","6","Virginia, Winchester City","-78.1733,39.1705","0.5632381494321084","0.0716845878136201","0.7928063845128686","0.836","1.0","0.7697111946822568","0.56804082767059","0.3592814371257485","0.526341402378779","0.31216280762477394","0.37865402505174256","0.23373371594348977"
"0.5683027750495792","10","4","Arkansas, Pulaski","-92.3136,34.7705","0.6763074166488935","0.120612061206121","0.6963462560851937","0.631","1.0","0.610486779204959","0.619022121459988","0.4670658682634731","0.49908933331939354","0.3907720264324182","0.28471114122249785","0.30843317981304497"
"0.5681583056269021","10","5","Mississippi, Greene","-88.6392,31.2144","0.6807974939144309","0.105960264900662","0.3748089882700658","0.6867","0.5","1.0","0.5618653059077177","0.38323353293413176","0.45839165180163993","0.40215834752233626","0.6565949487879675","0.6465043557520147"
"0.5681207965945768","10","5","Texas, Gonzales","-97.4942,29.4563","0.5604286791624694","0.0265567765567766","0.5253972221246673","0.8762","0.75","0.8066953714640763","0.5732435319586904","0.40119760479041916","0.5380992168517501","0.4369241410726592","0.5272938471803256","0.504217871610121"
"0.5681180572033709","10","9","Kentucky, Union","-87.943,37.6617","0.7564438710335102","0.195329087048832","0.4810735177125504","0.3792","0.75","0.7986013047908057","0.48033970060724074","0.5149700598802395","0.5239446622367122","0.45222857215645185","0.4835796792224932","0.49752799465490527"
"0.568052009469995","10","6","Kentucky, Franklin","-84.8796,38.2379","0.5662178418168519","0.0937896070975919","0.6507469823156865","0.7332","1.0","0.7986013047908057","0.48288075138330205","0.47904191616766467","0.5539608364828539","0.44173509341833195","0.2912714698553947","0.41354471173994456"
"0.5680249060204317","10","4","Tennessee, Sullivan","-82.3041,36.5124","0.7168121012406157","0.2371898163068","0.6554730914989657","0.6049","1.0","0.4911779531988354","0.334839762412006","0.43113772455089816","0.6388951207196634","0.46564314188699113","0.40465577804150815","0.325927183383177"
"0.5680076594873263","10","6","Nevada, Clark","-115.013,36.2146","0.6476013535508973","0.0813742494996664","0.7073273408593914","0.7443","1.0","0.5897697212390978","0.6042313239806841","0.38323353293413176","0.4886637078344629","0.2777732571340662","0.4187723476219642","0.4526680067214104"
"0.5679034795087761","10","5","South Carolina, Abbeville","-82.4617,34.2233","0.6585551951556279","0.10267229254571","0.47930572513258085","0.6835","0.5","0.7732051260133426","0.5626536823862689","0.44311377245508987","0.6281436499318728","0.4430730214560539","0.6068720008632936","0.5624047629185456"
"0.5677878656719479","10","5","Tennessee, Haywood","-89.2854,35.5833","0.773029386964661","0.105663567202029","0.4876458852348649","0.6498","0.675","0.4911779531988354","0.6459092160766735","0.4191616766467066","0.5648909983668218","0.6082482260150179","0.5701091143477622","0.0"
"0.5677475746538677","10","4","Alabama, Chilton","-86.7173,32.8504","0.6658852412891259","0.0777839955232233","0.5215033683820253","0.3636","1.0","0.5802035115828437","0.5168698663446252","0.49101796407185627","0.5310891329236117","0.5146021357787389","0.5593407140411526","0.6300257781281304"
"0.5676902160354376","10","6","Illinois, Jackson","-89.3823,37.786","0.6252412318879189","0.092436974789916","0.607121651654686","0.9366","1.0","0.48583792883850596","0.549692468431602","0.5089820359281437","0.4939129750014257","0.2442416942493493","0.4499105035382562","0.42101375137248975"
"0.5675691577239121","7","7","Montana, Toole","-111.6942,48.6558","0.9695344289979985","0.533333333333333","0.41878291836407805","0.8526","0.5","0.6163905315403087","0.5159182137609143","0.2035928143712575","0.542700408721451","0.2782340426649441","0.29467002214309235","0.36244556164238284"
"0.5674395784617986","10","4","Tennessee, Gibson","-88.9336,35.9944","0.7080855696795403","0.105159705159705","0.5607677798833641","0.3884","1.0","0.4911779531988354","0.5158487601989442","0.44311377245508987","0.5734100391661536","0.5427405905098718","0.4943422661044278","0.520799584954186"
"0.567434891896947","10","9","Mississippi, Perry","-88.9928,31.1716","0.6707472887426924","0.08125","0.46037439480842846","0.4196","0.675","1.0","0.5620316431610172","0.39520958083832336","0.5627304600978258","0.45475958796165494","0.6011383896644091","0.48919774064689575"
"0.56738762589036","10","4","Kentucky, Daviess","-87.0902,37.7303","0.6460418643308264","0.152089136490251","0.6405325010107709","0.7071","1.0","0.7986013047908057","0.33616869024291396","0.5508982035928144","0.5449798764246452","0.356897297660179","0.2855216295126255","0.36099318264510644"
"0.5673227090616545","10","5","Kentucky, Letcher","-82.8535,37.1231","0.6959628624920762","0.307420494699647","0.5489427747370736","0.8131","0.5","0.7986013047908057","0.1503551315135907","0.38922155688622756","0.5775976316230177","0.6435083720467188","0.5814311222416663","0.3903171317031295"
"0.5672882024557926","10","4","Arkansas, Greene","-90.5583,36.1174","0.7575721022644725","0.232744783306581","0.5830130438557183","0.3843","1.0","0.610486779204959","0.36242340265531725","0.4670658682634731","0.526341402378779","0.47170954927831615","0.4576364238185214","0.43564682785570435"
"0.5672384169030444","9","9","Missouri, Crawford","-91.3053,37.9766","0.7259254182041909","0.220183486238532","0.5413474766277246","0.4276","0.75","0.6898109656793697","0.26016037369118555","0.407185628742515","0.5938927650957907","0.5474093399126324","0.6892077767635236","0.5179211922911399"
"0.5671621320036723","10","4","Missouri, Marion","-91.622,39.806","0.6807758262921046","0.124231242312423","0.5949471600635604","0.6033","1.0","0.6898109656793697","0.3669366036279324","0.44311377245508987","0.5627304600978258","0.4437713793924277","0.41513084262805067","0.4114605584303457"
"0.56713018394216","10","5","Georgia, Johnson","-82.6617,32.7021","0.5974452672505529","0.0410958904109589","0.4768085508245129","0.993","0.5","0.7922333288990623","0.6061107914927488","0.4670658682634731","0.5734100391661536","0.49897425820461005","0.6673633490945774","0.0"
"0.5671134931131312","10","4","Washington, Whitman","-117.5242,46.9002","0.7394936680042307","0.165868263473054","0.5722140393797093","0.8828","0.675","0.9576955189784127","0.4175608630930108","0.39520958083832336","0.3606106398115555","0.19855640253708806","0.41551622423880774","0.5641741865802584"
"0.5670434606275067","10","5","Georgia, Lanier","-83.0647,31.0383","0.5819021399248896","0.054140127388535","0.4795887245044277","0.6995","0.575","0.7922333288990623","0.6445666990515315","0.4251497005988024","0.4496902805094778","0.6337353103948923","0.6788693276568472","0.4557689454446041"
"0.5670400865430222","10","5","Louisiana, Claiborne","-92.9953,32.8231","0.6679446775089067","0.0870307167235495","0.4878272619548156","0.9624","0.5","0.3163258823370422","0.666705085436887","0.39520958083832336","0.5898852876912913","0.598290331372621","0.6423231123234793","0.43131497539855135"
"0.5669370620070183","10","4","Tennessee, Carter","-82.1259,36.2897","0.6684817077698633","0.129470672389127","0.6005448481765377","0.5871","1.0","0.4911779531988354","0.2790076066263908","0.38323353293413176","0.6335581539925471","0.5819642480672191","0.5589827039715743","0.4704092450025432"
"0.5669369973934288","10","4","Indiana, Sullivan","-87.4141,39.0895","0.6508860556508683","0.141463414634146","0.5323034398493346","0.9357","0.75","0.5484650550776322","0.39834528946055886","0.5089820359281437","0.5539608364828539","0.4827995870209272","0.40753669330708897","0.5413453676941534"
"0.566842193623914","10","5","North Carolina, Northampton","-77.3977,36.4174","0.6274150971129587","0.0877862595419847","0.504845302877417","0.6294","0.675","0.7283659930549282","0.6919339293926787","0.39520958083832336","0.6915204375207985","0.5206468572359968","0.6361744468253917","0.0"
"0.5668288977451318","10","5","Arkansas, Chicot","-91.2954,33.2646","0.5806826215462193","0.016504854368932","0.49511480720707013","0.9863","0.5","0.610486779204959","0.6568911996803416","0.4191616766467066","0.6095051758860066","0.5108529302641712","0.6086232950466837","0.45693275365638936"
"0.5668254009208629","10","6","Illinois, Kankakee","-87.8621,41.1375","0.6460045681974056","0.0944957047406936","0.6379555222606835","0.7596","1.0","0.48583792883850596","0.5277418172023527","0.5568862275449102","0.5334405085950897","0.4044362823183184","0.3241234960337305","0.386072911706665"
"0.5668122124446304","10","4","Tennessee, Sevier","-83.5224,35.7808","0.6919439491021128","0.12067861715749","0.6109245296382203","0.5056","1.0","0.4911779531988354","0.32019801500716","0.4251497005988024","0.5918944128138512","0.5363807375879183","0.5180558309194501","0.591144588919231"
"0.5667424423156724","10","5","Louisiana, Caldwell","-92.1175,32.0903","0.6801006503681365","0.103857566765579","0.49740085432671505","0.9589","0.675","0.3163258823370422","0.5279505207607283","0.3712574850299401","0.579673914473061","0.5478700409974396","0.6611399568668113","0.39316292970207106"
"0.5666420723799263","10","4","Pennsylvania, Lebanon","-76.4565,40.3668","0.652783272525525","0.157523510971787","0.6476372533712482","0.6135","1.0","0.7607330979588356","0.3213334606310504","0.592814371257485","0.595880459448231","0.3363444077327307","0.2835440962189607","0.4410376426616614"
"0.5665097883963897","10","4","Missouri, Newton","-94.3394,36.9052","0.7821905150287747","0.239003709591945","0.5816839334283557","0.4422","1.0","0.6898109656793697","0.4357781190515768","0.4191616766467066","0.5691748594129424","0.35549108494551135","0.35447550737572203","0.31723613209355533"
"0.566356569806626","10","5","Nebraska, Dakota","-96.5666,42.3904","0.7826473551755897","0.0634920634920635","0.5973339945703126","0.8055","0.75","0.603814206971114","0.6437431012518768","0.3532934131736527","0.4555137084840577","0.35015364584204317","0.5317406326047619","0.0"
"0.566308909402656","10","4","North Carolina, Yadkin","-80.6624,36.1622","0.6710415079217112","0.136818687430478","0.5578960036138326","0.4174","1.0","0.7283659930549282","0.4243912378308411","0.4131736526946108","0.6017807168377609","0.3982987192561087","0.47622799815569106","0.6306278651398185"
"0.5662804330000282","10","9","Kentucky, Hopkins","-87.5467,37.3094","0.726642455467768","0.249450549450549","0.539601114631023","0.433","0.825","0.7986013047908057","0.41768217044421696","0.5149700598802395","0.5670390838965326","0.47350152830911196","0.41855289084047714","0.29845169262650034"
"0.5662586415616665","10","4","Missouri, Webster","-92.8763,37.2814","0.7711783931544133","0.267564966313763","0.5473153493831291","0.8335","0.825","0.6898109656793697","0.3352780589065399","0.39520958083832336","0.5166605513962695","0.38113096078130526","0.4925990864929802","0.0"
"0.5662544501447325","10","6","Ohio, Cuyahoga","-81.6592,41.4241","0.523530864902565","0.0677701436602124","0.7615099797336993","0.6332","1.0","0.7247088387345686","0.5480259668603443","0.6107784431137724","0.5648909983668218","0.37517080687361043","0.3470693254525903","0.3402280671744634"
"0.5659731864715077","10","4","Tennessee, Putnam","-85.5065,36.1401","0.7706136878060688","0.136798234861486","0.6166297835697243","0.546","1.0","0.4911779531988354","0.3995131916895983","0.39520958083832336","0.5472454870957077","0.40092502923304","0.4711275657943422","0.4238058050567192"
"0.5658741190151109","10","5","Alabama, Dallas","-87.1087,32.3269","0.5131266918415669","0.0200542005420054","0.5392030962331157","0.8392","0.675","0.5802035115828437","0.6370563548285177","0.48502994011976047","0.5539608364828539","0.6347084045629977","0.6475826871853106","0.37727565363713245"
"0.5658132020397291","10","4","Tennessee, Bedford","-86.4555,35.5112","0.6791048107963584","0.108709472345836","0.5813648980284991","0.5454","1.0","0.4911779531988354","0.5569616531563221","0.44910179640718567","0.5067215141840639","0.442459147397158","0.477461170864908","0.5398002581916537"
"0.5654792110026997","10","6","Virginia, Charlottesville City","-78.4857,38.0353","0.6566172934093616","0.093687707641196","0.7980189248936056","0.8714","1.0","0.7697111946822568","0.5434604655190372","0.34131736526946105","0.38582646381517377","0.26953084548502354","0.27557037871191714","0.25053482362653695"
"0.5653864724397557","10","4","South Carolina, Greenville","-82.373,34.895","0.6494896337824019","0.0870361328125","0.6446794390991311","0.7326","1.0","0.7732051260133426","0.5585480215628756","0.38922155688622756","0.5117241638959221","0.283548035925064","0.2873102265043478","0.43850436949556254"
"0.5651708345382246","10","4","Illinois, Marion","-88.919,38.6496","0.7263106745595806","0.227985524728589","0.5829985104235638","0.6517","0.825","0.48583792883850596","0.391660206836327","0.5149700598802395","0.6017807168377609","0.42823436230705886","0.4491589972859785","0.40705040111025104"
"0.5651703493926371","10","6","California, Madera","-119.7666,37.2151","0.5444299164392041","0.0401157981803143","0.6016092126579635","0.8239","0.675","0.6302607543856039","0.605671103937499","0.6586826347305389","0.46968620728685795","0.3212225275483551","0.5906240844613093","0.6136803044233383"
"0.5650739914955242","10","6","New Jersey, Atlantic","-74.6585,39.4754","0.5947530357135526","0.102444208289054","0.6883665677547978","0.8812","1.0","0.5465970409188426","0.5670373080217177","0.38323353293413176","0.5561726637917245","0.3337711627638557","0.3803305925054541","0.37722266315023834"
"0.5648999185410077","10","4","Texas, Webb","-99.3324,27.761","0.6134509970583488","0.0394709932510737","0.6352741962406732","0.8497","1.0","0.8066953714640763","0.18865734109909102","0.3233532934131737","0.3213436387749264","0.32484913996656384","0.8130785341595016","0.48986895474636294"
"0.5648527790302933","10","5","Texas, DeWitt","-97.3568,29.081","0.6626897513908959","0.0586011342155009","0.528321000510291","0.7685","0.675","0.8066953714640763","0.549740572098268","0.39520958083832336","0.6037268925796017","0.3259442699982011","0.49385478622281337","0.45528463716420264"
"0.5648437927698132","10","5","Georgia, Calhoun","-84.6273,31.5317","0.5886159409509333","0.0421455938697318","0.4659485029212004","0.9834","0.5","0.7922333288990623","0.668747580386596","0.4550898203592814","0.49908933331939354","0.4690221897504556","0.7344040046744779","0.0"
"0.5648303183359006","10","6","California, San Bernardino","-116.1775,34.8406","0.5763784816910672","0.0573070222460466","0.657490639900822","0.8141","0.75","0.6302607543856039","0.6195771563418722","0.7125748502994013","0.3927283612037091","0.23638387777196818","0.5368253202742823","0.4816766073408095"
"0.5646653217425306","10","5","Louisiana, Webster","-93.3312,32.7085","0.6190171409915777","0.0599858856739591","0.5519415829694797","0.9134","0.825","0.3163258823370422","0.6305225564543246","0.4131736526946108","0.5978576089534523","0.49295204206895643","0.5571796945311783","0.364855412913332"
"0.5646144723054777","10","6","Tennessee, Davidson","-86.7865,36.1701","0.669373773556096","0.076125743415463","0.7607281354625226","0.8125","1.0","0.4911779531988354","0.596632498118165","0.4550898203592814","0.41912465076501093","0.32749904945149366","0.313305681617382","0.3402516184956182"
"0.5645871965855245","10","9","Alabama, Covington","-86.4505,31.2478","0.711732642420326","0.100973236009732","0.5192624827610537","0.4702","0.825","0.5802035115828437","0.556552134732074","0.44910179640718567","0.6281436499318728","0.4496787875877857","0.567002444423963","0.3647538516731925"
"0.5645549602010371","10","6","Maryland, Wicomico","-75.6271,38.373","0.6330474458280797","0.10783055198973","0.6547977386516703","0.9421","1.0","0.4028734589185817","0.5720399965995387","0.37724550898203596","0.5142005305328247","0.37293761854057406","0.37450021200833106","0.41941609542868624"
"0.5645383566347202","10","4","Kentucky, Madison","-84.2722,37.7166","0.6458285765655934","0.115384615384615","0.6479763047103407","0.5899","1.0","0.7986013047908057","0.39318671025811175","0.4251497005988024","0.46124754169706367","0.3861299005804218","0.4210106372349124","0.5225272179145062"
"0.5645040632872774","10","5","Maryland, Somerset","-75.7512,38.1164","0.6708607260908729","0.219321148825065","0.5622370854564998","0.9395","0.575","0.4028734589185817","0.6370760160524356","0.3592814371257485","0.5310891329236117","0.5060695595830758","0.5507008749567475","0.4113216728691069"
"0.5644508374482281","10","5","Arizona, La Paz","-113.981,33.7285","0.6035178726889477","0.0696095076400679","0.4811791503330162","0.7514","0.5","0.7690982121439038","0.6164101809066311","0.16167664670658685","0.8571725399341503","0.4436651150893019","0.6595568886599583","0.5437545975738012"
"0.5644478064843289","10","5","Texas, Palo Pinto","-98.3132,32.7531","0.6283575202882725","0.102719033232628","0.5187933199725971","0.7491","0.75","0.8066953714640763","0.4447853045077352","0.3652694610778443","0.6017807168377609","0.3456665939126528","0.6269612587323997","0.4485844744240997"
"0.5644034623945374","10","5","Florida, Franklin","-84.8273,29.8379","0.7196500766445861","0.0801144492131617","0.5006968523044365","0.8781","0.5","0.4454391386730797","0.5886492933558665","0.3652694610778443","0.6441567395133083","0.4111069558795011","0.6467457962581166","0.47139325330303844"
"0.5643956127369872","10","6","Pennsylvania, Union","-77.06,40.9619","0.5893541342832127","0.122641509433962","0.61761954752449","0.8535","1.0","0.7607330979588356","0.46642047030334505","0.4610778443113772","0.5627304600978258","0.26987520593512276","0.3102344978067039","0.43609588969925606"
"0.5639905520604134","10","5","Texas, Camp","-94.9779,32.972","0.5729887964961319","0.0522193211488251","0.5638528280482988","0.6291","0.75","0.8066953714640763","0.6102374491307733","0.4131736526946108","0.579673914473061","0.374711521951109","0.6216926003945136","0.4843258215679669"
"0.5639788840563407","10","4","Kentucky, Taylor","-85.333,37.3678","0.6927379010851134","0.233490566037736","0.5756647659836385","0.5132","0.825","0.7986013047908057","0.3676997871255855","0.4610778443113772","0.5670390838965326","0.4270000314540739","0.46119508751081384","0.40933621979955914"
"0.5638947845912032","10","3","Oklahoma, Love","-97.2391,33.9527","0.6621720537460587","0.123505976095618","0.4740706065410484","0.234","1.0","0.9523454485741492","0.6219459440805868","0.37724550898203596","0.5998243249034969","0.3759537191232872","0.46947304090919056","0.45328618372657586"
"0.5638929566689271","10","5","Louisiana, Washington","-90.0387,30.8529","0.5503495548405908","0.0348837209302326","0.5399924600402295","0.964","0.75","0.3163258823370422","0.6006070021270505","0.3652694610778443","0.5627304600978258","0.6741543558255539","0.659817644979242","0.444897888620416"
"0.5638453562351142","10","6","New Jersey, Cumberland","-75.1071,39.372","0.4433604946808744","0.0218060543868651","0.6112107701839656","0.9844","1.0","0.5465970409188426","0.6750008800709041","0.4131736526946108","0.5016507991249867","0.4244276397156191","0.539123439716179","0.46635693323639954"
"0.5638167210044979","7","7","Kansas, Norton","-99.9029,39.7844","0.9533846079026483","0.797979797979798","0.47113141119869306","0.6555","0.5","0.6813178638986801","0.38049389892362906","0.22155688622754494","0.6170727822364962","0.3376574344132475","0.21237445576353217","0.37630572229576353"
"0.5637604165370013","10","5","North Carolina, Warren","-78.1065,36.3973","0.605215637395746","0.0970149253731343","0.47244280040139314","0.795","0.5","0.7283659930549282","0.884882290746708","0.40119760479041916","0.6806267907799217","0.40830068003047726","0.614642490732735","0.0"
"0.5636358632944828","10","2","Texas, Tyler","-94.3769,30.7703","0.5194236298925432","0.0873015873015873","0.4887948027302655","0.9675","0.675","0.8066953714640763","0.5614960226122533","0.37724550898203596","0.6441567395133083","0.3217604353529344","0.6285002418021326","0.464178600683751"
"0.5636277211581955","10","6","Georgia, Glynn","-81.5381,31.2328","0.542123985480795","0.0284294783328733","0.6374304641699072","0.694","1.0","0.7922333288990623","0.5953504962652952","0.3532934131736527","0.595880459448231","0.3933291322640448","0.40959609899826216","0.4094168367811341"
"0.5635866827536273","10","6","Texas, Bastrop","-97.3121,30.1037","0.5068161857938605","0.0411311053984576","0.5702508583702582","0.8032","1.0","0.8066953714640763","0.596351132976224","0.4251497005988024","0.49129758316188105","0.3747012298317367","0.4846339680099352","0.4098953456470978"
"0.5635604566805259","10","4","Ohio, Gallia","-82.3165,38.8271","0.5937045947871984","0.197080291970803","0.5367505074174671","0.7794","0.825","0.7247088387345686","0.35187221254895085","0.44311377245508987","0.579673914473061","0.5597138545412953","0.5184762141912721","0.28598952238294373"
"0.563377212678833","7","9","Tennessee, Grundy","-85.7214,35.3843","0.8047524114365631","0.244047619047619","0.5003458400386647","0.5708","0.75","0.4911779531988354","0.2611591385746886","0.39520958083832336","0.626321192473144","0.626184214739367","0.6871124005071729","0.0"
"0.5633665595573373","9","3","Oklahoma, Canadian","-97.9847,35.5426","0.7376146379448194","0.236417910447761","0.5712192013848023","0.3053","1.0","0.9523454485741492","0.6153982339328999","0.40119760479041916","0.44674408486908573","0.31945992041212723","0.17591156618384154","0.5845207684669219"
"0.5632594426263051","10","6","Alabama, Lee","-85.3513,32.6015","0.5909164257963259","0.044945567651633","0.6292396702125137","0.9214","1.0","0.5802035115828437","0.5551987280383301","0.5449101796407185","0.39950476257029566","0.2963918678437203","0.37187472408941485","0.4845114810686935"
"0.5630697164475078","10","4","Illinois, Coles","-88.2236,39.5195","0.7057183295118642","0.122886133032694","0.6132575935842044","0.7631","1.0","0.48583792883850596","0.3521909541009211","0.5149700598802395","0.5380992168517501","0.3604039613499763","0.35431357927591617","0.4609185428326557"
"0.5629982386821282","10","5","Texas, Gray","-100.8129,35.4008","0.6582985368753984","0.163727959697733","0.4810415016517869","0.8106","0.75","0.8066953714640763","0.5474971511720669","0.24550898203592814","0.5287228277828","0.3632741408965857","0.5965013356948756","0.36005270158223873"
"0.5629751164750219","10","4","Indiana, Fayette","-85.178,39.6368","0.7412797521694686","0.192592592592593","0.6168442908886396","0.5883","0.75","0.5484650550776322","0.2931304862672788","0.49101796407185627","0.6037268925796017","0.5265727881057884","0.47720477461413097","0.3848620552257543"
"0.5629144612763397","10","5","Georgia, Quitman","-85.0177,31.8673","0.5903524437501257","0.105263157894737","0.47279110890311704","0.6065","0.5","0.7922333288990623","0.6826658312458777","0.4730538922155689","0.7266232409599707","0.4520486530628583","0.802002022345109","0.0"
"0.5628507504542895","10","5","Louisiana, Morehouse","-91.8042,32.8169","0.5999157012902285","0.0551724137931034","0.5340253279101302","0.9023","0.75","0.3163258823370422","0.5786911713488939","0.407185628742515","0.5734100391661536","0.5857222657845165","0.5693930942086058","0.5824110221172792"
"0.5627973984657187","10","6","Michigan, Jackson","-84.4226,42.2481","0.6156464348977861","0.223614775725594","0.644493900873639","0.7599","1.0","0.5192862589944978","0.4672984817553166","0.47904191616766467","0.5517358041566147","0.413077488520145","0.31103493371666413","0.47635044305935975"
"0.5627378284514826","10","6","New Jersey, Passaic","-74.2995,41.0324","0.5672802854697011","0.0369943932719263","0.7927174898013095","0.9067","1.0","0.5465970409188426","0.6092525695258874","0.40119760479041916","0.4833394486037307","0.2173473687207196","0.40894717546889814","0.46285249500701553"
"0.5627157295065286","10","6","Florida, Highlands","-81.3407,27.3425","0.6048539422275503","0.0847665847665848","0.5941212235143593","0.8001","0.825","0.4454391386730797","0.5281481126354126","0.2694610778443114","0.8253693595946673","0.4125760023976276","0.565937013239227","0.4265530859615097"
"0.562644427527629","6","9","South Dakota, Bennett","-101.6666,43.1949","0.8573249863607718","0.384","0.35604708617749403","0.2146","0.5","0.7704699034685317","0.6534751751385641","0.10778443113772454","0.41269877075759065","0.6749836868703201","0.8114217081270829","0.3925242330322489"
"0.5625880315319838","10","5","Virginia, Halifax","-78.9351,36.7665","0.6245170598454391","0.172949002217295","0.5261912483901005","0.5969","0.675","0.7697111946822568","0.5958903707777748","0.4131736526946108","0.6694051144412375","0.5301373112590996","0.4324005895297073","0.3515475233055286"
"0.5625674817781607","10","6","California, Fresno","-119.6467,36.7573","0.5104889373204023","0.0315814203248758","0.6536356965005031","0.844","0.75","0.6302607543856039","0.600681622781037","0.7365269461077845","0.41912465076501093","0.27956900198773216","0.5897268792531106","0.4731098339655676"
"0.562517377854049","10","5","Arkansas, Ouachita","-92.878,33.5884","0.6338403755108798","0.174174174174174","0.5049507796700777","0.6816","0.675","0.610486779204959","0.6285867557813906","0.4131736526946108","0.6017807168377609","0.5248397758225538","0.5260713324163464","0.38657880976725345"
"0.5625046794706824","10","6","Arizona, Maricopa","-112.4918,33.3484","0.5684858495658798","0.0436615014694096","0.7290967847844378","0.7259","1.0","0.7690982121439038","0.6107802475859518","0.4550898203592814","0.49908933331939354","0.22542919834417996","0.3334491981167895","0.4806606481603755"
"0.56242252400665","10","6","Ohio, Lucas","-83.6547,41.621","0.544930295153869","0.0658972449739389","0.724117564688498","0.5957","1.0","0.7247088387345686","0.5505738097407813","0.532934131736527","0.5215324091055006","0.44654119931173153","0.3822055430762052","0.3133873866353443"
"0.562408863839426","7","9","Missouri, Barton","-94.3476,37.5021","0.8446114575370798","0.374683544303797","0.4933802939581526","0.4604","0.675","0.6898109656793697","0.3472366817306048","0.37724550898203596","0.6170727822364962","0.3650017596019304","0.47007073363360474","0.47204331235206587"
"0.5624084295600823","9","4","Pennsylvania, Huntingdon","-77.9767,40.4216","0.7286141477950947","0.342222222222222","0.545312652019826","0.6657","0.675","0.7607330979588356","0.35129238783336025","0.4670658682634731","0.6189409155096902","0.39259640064769774","0.32750000575286814","0.466635121832858"
"0.5623079035405754","10","9","Missouri, Lawrence","-93.8329,37.1063","0.7497385306452059","0.241379310344828","0.5462483248358575","0.5333","0.75","0.6898109656793697","0.29399707291924687","0.40119760479041916","0.5712984652022484","0.43193802367271805","0.5536205463868294","0.5248036179701477"
"0.5622932695708821","10","4","Alabama, Franklin","-87.8429,34.4424","0.7101032892182573","0.0701665825340737","0.5293035227363181","0.5275","0.825","0.5802035115828437","0.5227036735887363","0.44910179640718567","0.540406913436432","0.4458121127927019","0.6012414568393791","0.3941027358794987"
"0.5621787392408775","10","9","Virginia, Franklin","-79.8802,36.9954","0.7020424281303831","0.356707317073171","0.5376685926790906","0.4667","0.75","0.7697111946822568","0.47305773697186976","0.38323353293413176","0.6595100604482558","0.39343163862715874","0.3523365304343077","0.6162504497427078"
"0.5620307827030201","10","9","South Carolina, Chester","-81.1583,34.6925","0.6599834433810814","0.0831903945111492","0.4854154453156582","0.3805","0.75","0.7732051260133426","0.6346743530463668","0.43712574850299407","0.5755097168756041","0.4892093938336986","0.583410472230542","0.4495614445225334"
"0.5620150666771069","9","9","Mississippi, Clarke","-88.689,32.0416","0.7427160883947085","0.124649859943978","0.44328006431465633","0.1156","0.675","1.0","0.6181497450415713","0.4131736526946108","0.6095051758860066","0.41892994120532906","0.5591653423967854","0.5065385219322351"
"0.5618530828578504","10","4","Texas, Tarrant","-97.291,32.7714","0.6506943781057334","0.108821719592012","0.7715383564374879","0.4464","1.0","0.8066953714640763","0.6070006119553377","0.4550898203592814","0.38582646381517377","0.26135525881439925","0.37864058150718133","0.45894053261970286"
"0.5616692512635302","10","4","Missouri, Polk","-93.3983,37.6162","0.7038735623164681","0.157043879907621","0.5369179588863626","0.823","0.75","0.6898109656793697","0.3160132011784273","0.38922155688622756","0.5734100391661536","0.43620168057761893","0.4463374273972898","0.44349393055539327"
"0.5616348669396907","10","3","Ohio, Lawrence","-82.5347,38.5974","0.6380846128464607","0.171751412429379","0.570619694440719","0.341","1.0","0.7247088387345686","0.2901047234195485","0.4191616766467066","0.5837920978957992","0.5714255795963857","0.4320344648881867","0.8130030455867572"
"0.5616342685897282","10","4","Pennsylvania, Indiana","-79.0896,40.6524","0.5993481929552105","0.169329073482428","0.5998100059589072","0.9198","0.75","0.7607330979588356","0.28194455770120136","0.5209580838323353","0.5837920978957992","0.36662104339021806","0.41229401249958975","0.4828808780109546"
"0.5616028257810042","9","3","Oklahoma, Wagoner","-95.5191,35.9602","0.6265236058659407","0.106285714285714","0.5531606859505537","0.249","1.0","0.9523454485741492","0.6948818649053259","0.44910179640718567","0.526341402378779","0.41021103472953474","0.2968760956942992","0.5373302436300339"
"0.5615978572596647","10","9","Mississippi, Lawrence","-90.1084,31.5515","0.702382208069806","0.105050505050505","0.3992882860202355","0.2926","0.675","1.0","0.554762800470447","0.39520958083832336","0.5627304600978258","0.49233862461769745","0.6001980682232031","0.478729245556618"
"0.5615749926778256","10","4","Colorado, Adams","-104.3363,39.8743","0.6942644310383631","0.169639083762996","0.6981796111453099","0.5524","1.0","0.8662658896035598","0.5405084978334441","0.3712574850299401","0.35686496197471207","0.24821133819685365","0.31791681740190547","0.4952043756193816"
"0.5614555605060354","10","9","Arkansas, Desha","-91.255,33.8301","0.7174398242858833","0.144385026737968","0.5114191442073972","0.375","0.675","0.610486779204959","0.6354699364527449","0.4191616766467066","0.5817386943120182","0.559732010311068","0.5926447339879815","0.3834989142377497"
"0.5613901438169603","10","6","Georgia, Liberty","-81.4925,31.8259","0.49840120657399867","0.044314381270903","0.5827246730652281","0.9195","0.825","0.7922333288990623","0.6742250155322","0.43113772455089816","0.29563056078471917","0.43388270681390356","0.5149980906533332","0.5597689806844236"
"0.5613092762381984","10","5","Florida, Hendry","-81.1647,26.5539","0.5774315387386124","0.0306406685236769","0.5469611612246843","0.9892","0.675","0.4454391386730797","0.6446336801027867","0.25748502994011974","0.46408171358848016","0.3962064929689814","0.8247666666949265","0.6273857773521043"
"0.561280517573885","10","4","Tennessee, Weakley","-88.7199,36.299","0.7200997481711587","0.111966410076977","0.5245873370243168","0.6956","0.75","0.4911779531988354","0.46747126081837803","0.4550898203592814","0.5734100391661536","0.46075688120117025","0.5269546096279275","0.42945198562222664"
"0.5612700637967932","10","6","Michigan, Kalamazoo","-85.5304,42.2454","0.6771833688711566","0.220179046697314","0.7012985353407363","0.6947","1.0","0.5192862589944978","0.5213488115440372","0.5209580838323353","0.49129758316188105","0.3198248087469895","0.2315541548970049","0.425119230831772"
"0.5612087261230119","10","4","West Virginia, Brooke","-80.5792,40.2737","0.6767050914436503","0.391752577319588","0.6076178117655955","0.7246","1.0","0.590915881821042","0.22240702245707142","0.4970059880239522","0.6595100604482558","0.4811115476479897","0.20286659970731832","0.282870294795006"
"0.561197434215088","10","9","Oklahoma, Pawnee","-96.7033,36.3174","0.6392774104877328","0.137254901960784","0.46897142696969524","0.4056","0.75","0.9523454485741492","0.5835172354483853","0.38323353293413176","0.5918944128138512","0.48112344809578816","0.4393931705098047","0.584136550286143"
"0.5611433920197855","10","6","Kansas, Shawnee","-95.7557,39.041","0.61293508222427","0.11468315301391","0.6617078532670299","0.7755","1.0","0.6813178638986801","0.5791974407283141","0.39520958083832336","0.560557323866868","0.39500348652023026","0.19260287733032042","0.36703338345984643"
"0.5610924193542054","10","5","Georgia, Hancock","-82.9977,33.2722","0.5748865941198524","0.0315533980582524","0.46773524306986247","0.921","0.5","0.7922333288990623","0.7024564639278078","0.4730538922155689","0.6476236650502001","0.48693250099754337","0.5696269634387666","0.0"
"0.561066851480911","10","4","Kentucky, McCracken","-88.7045,37.0535","0.6449775811895307","0.180785123966942","0.6522293570472979","0.5473","1.0","0.7986013047908057","0.4871986435963639","0.48502994011976047","0.5998243249034969","0.38191414864017115","0.22304124225134075","0.2707203344097025"
"0.5610328187347342","7","7","Iowa, Decatur","-93.7865,40.7374","0.7455520077136537","0.377049180327869","0.561367541587557","0.9542","0.5","0.5124529061342115","0.342336745022314","0.3592814371257485","0.6017807168377609","0.49178540903878076","0.4260981105037563","0.42240551697196077"
"0.5609928288220682","7","7","South Dakota, Walworth","-100.0308,45.4302","0.8852861165066309","0.398340248962656","0.45886266514739993","0.8058","0.5","0.7704699034685317","0.5249500440219113","0.14371257485029942","0.6774549264631455","0.3656912602004241","0.16317241491235476","0.37982231092776153"
"0.5609203141426164","10","4","Nebraska, Douglas","-96.1509,41.2952","0.7308615548708706","0.147315855181024","0.740057681035992","0.6606","1.0","0.603814206971114","0.5987821469365853","0.38922155688622756","0.4377631248108773","0.27053435560711386","0.21348300318127553","0.3928720731716622"
"0.5608880539741433","10","6","California, San Joaquin","-121.273,37.9343","0.5086164661565887","0.0331335252749327","0.7160085037822028","0.8083","1.0","0.6302607543856039","0.6025125426524821","0.532934131736527","0.43472072581226856","0.2692928850490229","0.475649077948457","0.5066282505625755"
"0.5608673423425492","10","6","Louisiana, Terrebonne","-90.8263,29.3734","0.5380271536067198","0.0341925302472383","0.6041088713374343","0.8507","1.0","0.3163258823370422","0.7998338660165168","0.34131736526946105","0.47245716285929296","0.4919340934206293","0.5562920572510907","0.4314166632999629"
"0.5608272859271084","10","4","Washington, Franklin","-118.9018,46.5335","0.6466722182097796","0.055208108690964","0.6178321174270996","0.7813","0.75","0.9576955189784127","0.47537145120749824","0.38323353293413176","0.3087088081983978","0.2600609409729613","0.55669269910162","0.550322810797604"
"0.5607725774611352","10","3","Alabama, Etowah","-86.0405,34.0457","0.6590203842188447","0.0766725131545978","0.6243236986280847","0.2904","1.0","0.5802035115828437","0.565031832284541","0.5089820359281437","0.5858342498966352","0.4970307559636218","0.5013387227009752","0.3412503883098672"
"0.5607358415135232","10","5","Louisiana, Richland","-91.7663,32.4139","0.6322362274617536","0.0577830188679245","0.5177363678050511","0.8513","0.825","0.3163258823370422","0.5910599434555792","0.39520958083832336","0.5494974081927578","0.5379731315122441","0.5961932241870925","0.43884080500520517"
"0.5607241719577271","10","5","Missouri, Saline","-93.2026,39.1373","0.6974370325333324","0.103254769921437","0.4892536598473165","0.8739","0.675","0.6898109656793697","0.5003600009324463","0.39520958083832336","0.5755097168756041","0.395140430513622","0.41049863317907975","0.41829839062355484"
"0.5606092106994492","10","4","Tennessee, Henderson","-88.386,35.6558","0.6975538502958832","0.0832095096582467","0.5465725906067457","0.4308","1.0","0.4911779531988354","0.4428342759680386","0.4131736526946108","0.5691748594129424","0.5171380096442125","0.5585149655112526","0.5054788922752951"
"0.5604294512889524","7","9","Wisconsin, Menominee","-88.7095,45.0042","0.8960702023950743","0.422330097087379","0.4544533255954998","0.5103","0.32499999999999996","0.38022621028167947","0.7482316507195503","0.29940119760479045","0.44674408486908573","0.715454709627452","0.6742164078824711","0.0"
"0.5603593042473379","10","9","Alabama, Winston","-87.3733,34.1503","0.729675067915398","0.137697516930023","0.492061780201113","0.5084","0.75","0.5802035115828437","0.319783679858186","0.47904191616766467","0.6388951207196634","0.5298345727238534","0.587255689314114","0.4519572085415609"
"0.5601932961746439","10","5","Arizona, Graham","-109.8882,32.9317","0.6887100209251436","0.139105058365759","0.41938395289277947","0.9854","0.575","0.7690982121439038","0.6352509297126566","0.17964071856287425","0.46408171358848016","0.362804486702846","0.553649371284177","0.5335584715991856"
"0.5601698832705313","10","4","Kentucky, Pulaski","-84.5763,37.1047","0.6069888199278757","0.134937238493724","0.571513732178476","0.5189","1.0","0.7986013047908057","0.26782912476928394","0.4191616766467066","0.5858342498966352","0.5234835067467278","0.5406183376487919","0.38248187827532165"
"0.5601146967715276","10","4","Texas, Panola","-94.3055,32.164","0.6197455963427397","0.114093959731544","0.48248142699695484","0.6125","0.75","0.8066953714640763","0.5798148930741039","0.4191616766467066","0.579673914473061","0.4432029901284335","0.4854070323787166","0.47217086751884324"
"0.5600798425503885","9","9","Oklahoma, Kiowa","-98.9772,34.9167","0.7646650036741283","0.390728476821192","0.4254297323303642","0.1786","0.5","0.9523454485741492","0.6771370366383244","0.311377245508982","0.6095051758860066","0.48655467925444734","0.5614145321809995","0.38321486782133146"
"0.5600240585977305","10","6","Maryland, Prince George's","-76.8496,38.8307","0.5768771636572296","0.045735004134597","0.7648619279990435","0.8641","1.0","0.4028734589185817","0.7575985313506071","0.4131736526946108","0.4377631248108773","0.32295522285180195","0.28438377274547827","0.5750612597805161"
"0.5599342369144683","10","4","West Virginia, Kanawha","-81.5286,38.3386","0.634603254285627","0.13433734939759","0.6288137440275356","0.6648","1.0","0.590915881821042","0.3761101837303431","0.44311377245508987","0.6075890184122873","0.5304519683567241","0.3465866900915385","0.3142397842468612"
"0.5598538648992119","10","5","Kentucky, Todd","-87.1788,36.8381","0.7327337023221726","0.246212121212121","0.49426558425301437","0.7612","0.5","0.7986013047908057","0.41714633107483445","0.4670658682634731","0.526341402378779","0.4599350121584021","0.6186774919093478","0.0"
"0.5597285427237498","10","6","Illinois, Champaign","-88.2005,40.1392","0.657387074652347","0.109363957597173","0.6484632073415261","0.9936","1.0","0.48583792883850596","0.5011496345257657","0.5269461077844312","0.42544161229202965","0.2716635130490008","0.21689742127381584","0.4569153870246858"
"0.5596595445947413","10","6","Ohio, Franklin","-83.0112,39.97","0.6050159578268796","0.0842105263157895","0.7555839827215264","0.6699","1.0","0.7247088387345686","0.5383383672652016","0.5449101796407185","0.40944379978250145","0.34334086693097265","0.253208314020854","0.40332960122565975"
"0.559616150992083","10","4","Tennessee, Washington","-82.4945,36.2947","0.6939411469477952","0.168171180207289","0.6577149546937017","0.7268","1.0","0.4911779531988354","0.414302378938394","0.4131736526946108","0.5691748594129424","0.4013202587200704","0.3216077365055577","0.3619832715275828"
"0.5596100553105685","7","9","Arkansas, Izard","-91.9085,36.096","0.8191180308943282","0.343137254901961","0.4733092053523609","0.4629","0.5","0.610486779204959","0.4084847976512386","0.407185628742515","0.7006109322771243","0.45498622683336704","0.5130402987809612","0.48951623570556024"
"0.5595024799117844","10","4","Michigan, Genesee","-83.7059,43.0224","0.6373189658196488","0.173773265651438","0.7029476102206466","0.4585","1.0","0.5192862589944978","0.5820109210638612","0.43113772455089816","0.5494974081927578","0.43792185617150237","0.4136642851407291","0.4372617743751392"
"0.5594118199457097","10","5","Georgia, Warren","-82.678,33.4115","0.5112925158454471","0.0306748466257669","0.4537572447345187","0.8217","0.5","0.7922333288990623","0.6361338463431944","0.4670658682634731","0.6353456481032828","0.7465295561404228","0.6463135439109161","0.0"
"0.5594029801007282","10","4","Indiana, Tippecanoe","-86.8941,40.3887","0.6749727044008718","0.188058840496106","0.6794334464087048","0.8424","1.0","0.5484650550776322","0.4258247221093605","0.4730538922155689","0.3927283612037091","0.30777125644742875","0.33663689264699886","0.4095248877989363"
"0.5593518603796943","10","9","Alabama, Fayette","-87.7389,33.7208","0.6738009036750586","0.101851851851852","0.4966633492327865","0.5454","0.75","0.5802035115828437","0.5153726591667968","0.4550898203592814","0.6281436499318728","0.5553971237983845","0.5287624635888862","0.40287498394350846"
"0.5591630976461108","10","9","Kentucky, Caldwell","-87.8695,37.1475","0.7305331224459317","0.278481012658228","0.460791986926104","0.5138","0.75","0.7986013047908057","0.4052742824524691","0.4730538922155689","0.626321192473144","0.4415678021419874","0.31391584898224495","0.4812781963002347"
"0.5590755304710807","10","5","Alabama, Bullock","-85.7127,32.1003","0.6117708615218066","0.0331230283911672","0.40306664756422667","0.765","0.5","0.5802035115828437","0.7361293185960662","0.49101796407185627","0.526341402378779","0.6121183867289108","0.6569357608095484","0.34328494231235507"
"0.5590725427396409","10","9","Texas, Lamb","-102.3516,34.0686","0.7873566321007033","0.234513274336283","0.46665635471524375","0.5705","0.5","0.8066953714640763","0.5204164919438956","0.2694610778443114","0.540406913436432","0.38356127055263795","0.670079792887057","0.349962587963915"
"0.5590693842558717","10","4","North Carolina, Carteret","-76.5412,34.8933","0.670028669404556","0.226907630522088","0.6094248302992681","0.5151","1.0","0.7283659930549282","0.47025002077921585","0.34131736526946105","0.6806267907799217","0.3339881645271685","0.2793590360179204","0.4828192273961544"
"0.5590513898324827","10","5","Arizona, Yuma","-113.9067,32.769","0.6002688492064591","0.030415374139366","0.5401861281391742","0.9796","0.575","0.7690982121439038","0.49138148024793254","0.29940119760479045","0.579673914473061","0.3374015500724912","0.6523251094770813","0.4963899413235429"
"0.5590160217040552","9","3","Texas, Randall","-101.8971,34.9659","0.787381313870413","0.255884409228618","0.6124904107346281","0.39","1.0","0.8066953714640763","0.45826473692282155","0.2694610778443114","0.4939129750014257","0.22697212677885864","0.13350808326422825","1.0"
"0.5590068717757639","10","5","Florida, DeSoto","-81.8094,27.1868","0.5383279891054932","0.027060270602706","0.5745408500659585","0.9643","0.75","0.4454391386730797","0.5958998704578016","0.2694610778443114","0.6424111072462477","0.4216633339684331","0.6986931057991213","0.5316546101540222"
"0.558967495644008","10","4","Indiana, Miami","-86.0453,40.7694","0.669337135970773","0.202108963093146","0.5645028800449566","0.5377","0.75","0.5484650550776322","0.49818863008694686","0.5449101796407185","0.5561726637917245","0.43283769602071626","0.47582638740104916","0.6081857640257013"
"0.5589613133359371","10","5","Kentucky, Lee","-83.7151,37.5965","0.659045792099806","0.538461538461538","0.48516651528508903","0.7997","0.5","0.7986013047908057","0.37075694440398266","0.39520958083832336","0.5648909983668218","0.602876501823709","0.5529693217101982","0.0"
"0.558950405741957","7","9","Tennessee, Crockett","-89.1492,35.8183","0.8374106051453377","0.226364846870839","0.5189900268947929","0.4072","0.75","0.4911779531988354","0.5733009958849071","0.4251497005988024","0.5837920978957992","0.5024741924842179","0.5280861685183433","0.0"
"0.5589479486787474","10","9","Kentucky, Estill","-83.9596,37.6924","0.663852366726799","0.180327868852459","0.5082905484794124","0.6119","0.675","0.7986013047908057","0.16592410540604666","0.407185628742515","0.5837920978957992","0.6349334876254294","0.6039829710257704","0.494888726550674"
"0.5588928273563512","7","5","North Dakota, Rolette","-99.841,48.7725","0.6869772652188708","0.192028985507246","0.4616165835410521","0.8997","0.675","0.10985976568982879","0.6804080391768037","0.16766467065868262","0.3927283612037091","0.7659133372815421","0.7719216674936668","0.4957805222166092"
"0.5588610484350718","10","4","Pennsylvania, Berks","-75.9246,40.4157","0.610380612859362","0.104846566000974","0.6690604651227466","0.623","1.0","0.7607330979588356","0.4745448324282347","0.4191616766467066","0.5494974081927578","0.36466994722548396","0.31026090044377025","0.4729199245419401"
"0.5588284465342658","10","6","Michigan, Muskegon","-86.1518,43.2912","0.5416256096667725","0.116499442586399","0.6620970597644151","0.788","1.0","0.5192862589944978","0.6001832865963252","0.43712574850299407","0.5357771420024626","0.4136995365633213","0.3831823195346451","0.46738096851906163"
"0.55873094099926","10","4","Alabama, Elmore","-86.1442,32.5979","0.664477408244814","0.0827653359298929","0.5692843371716975","0.5177","1.0","0.5802035115828437","0.5796204422411683","0.532934131736527","0.49908933331939354","0.4166142968836402","0.33596447319290607","0.5003000955711824"
"0.558538460041507","10","9","Alabama, Geneva","-85.8357,31.0939","0.6849455748370228","0.115802171290712","0.5256884274421916","0.2716","0.825","0.5802035115828437","0.5663291977426419","0.4550898203592814","0.6075890184122873","0.5191633521373963","0.6493195689200268","0.42296566236850747"
"0.5584527229822382","7","7","South Dakota, Bon Homme","-97.8859,42.9891","0.9487834970240729","0.632258064516129","0.37481339473350556","0.418","0.5","0.7704699034685317","0.5775036455713431","0.25748502994011974","0.6335581539925471","0.3643487284541957","0.22900823822832975","0.3347683361423138"
"0.558380520661855","10","4","Tennessee, Greene","-82.8469,36.1747","0.6976160216577224","0.186327077747989","0.587342720652132","0.4282","1.0","0.4911779531988354","0.32780359721858066","0.4191616766467066","0.6335581539925471","0.555125128317479","0.4946557065848298","0.4110559572875519"
"0.5583718608536473","10","5","Georgia, Atkinson","-82.8755,31.2963","0.6494391094086993","0.0488322717622081","0.5259103108536283","0.7042","0.5","0.7922333288990623","0.6527568101049733","0.44311377245508987","0.4496902805094778","0.47008208069763496","0.7936477677478708","0.0"
"0.5583498817692175","10","4","Tennessee, Carroll","-88.4519,35.9737","0.6967531777523946","0.103130755064457","0.5241579109542948","0.6979","0.75","0.4911779531988354","0.527865790389097","0.43113772455089816","0.6151952376728468","0.4286369883910094","0.5246114361447983","0.39048431780044984"
"0.5583282484174633","10","2","Georgia, Meriwether","-84.6886,33.0416","0.4820510972409296","0.0278745644599303","0.5002981791113547","0.7794","0.575","0.7922333288990623","0.636738720369768","0.47904191616766467","0.6056629582719985","0.5012170378543986","0.6186564182449005","0.5435790419337124"
"0.5583159145851098","9","3","Iowa, Des Moines","-91.1833,40.9201","0.7851678212773578","0.257475083056478","0.6606346400975879","0.3964","1.0","0.5124529061342115","0.4225513968169171","0.4610778443113772","0.613308186513927","0.39841173226857085","0.24462019019345502","0.3556698825123845"
"0.5583037698542638","10","6","Georgia, Cook","-83.4295,31.1607","0.5085610409761236","0.0280210157618214","0.5800624325170237","0.5158","1.0","0.7922333288990623","0.5799599559258665","0.4610778443113772","0.5239446622367122","0.42034959019961243","0.6575798398183499","0.32475271789814747"
"0.5581505509207999","10","9","Oklahoma, Tillman","-98.9243,34.3729","0.6759218759445835","0.186567164179104","0.43704492336311423","0.5008","0.5","0.9523454485741492","0.6873493982013594","0.3233532934131737","0.6056629582719985","0.5882650671013211","0.5989725256338723","0.0"
"0.5581253000784018","10","4","Indiana, Orange","-86.4952,38.5412","0.704950859555019","0.216710182767624","0.5702485464568137","0.7039","0.75","0.5484650550776322","0.310234565174231","0.502994011976048","0.5918944128138512","0.44525853867348053","0.41333691666370953","0.5390039277457912"
"0.5580050306050213","9","3","Georgia, Newton","-83.8455,33.5551","0.5529848109952897","0.0517427236794826","0.6199248042038432","0.2792","1.0","0.7922333288990623","0.6402353937066897","0.5089820359281437","0.4377631248108773","0.4588559775040971","0.542181664434352","0.5747063274954718"
"0.5579851549191934","10","5","Missouri, Iron","-90.7735,37.5549","0.6573855765283773","0.32967032967033","0.49766810902234654","0.7861","0.5","0.6898109656793697","0.3627573965705999","0.407185628742515","0.6424111072462477","0.4221806183523487","0.5999857571095459","0.5168314952216729"
"0.5579579400669081","10","9","Oklahoma, Logan","-97.4435,35.919","0.6743881629707242","0.218406593406593","0.5131993088669645","0.3789","0.75","0.9523454485741492","0.6719112279551226","0.38323353293413176","0.504194780386106","0.4078926621273024","0.29595587901342796","0.6433354136980763"
"0.5578140286336811","10","5","Texas, Eastland","-98.8324,32.3274","0.6013009356743094","0.154867256637168","0.5093460154885575","0.8322","0.75","0.8066953714640763","0.42750456263091957","0.3173652694610779","0.6628376879802886","0.291424516837791","0.5766190599668078","0.4359938131742752"
"0.5577726080587628","10","4","Illinois, Franklin","-88.9257,37.9919","0.7618758270372772","0.306954436450839","0.5913486376933768","0.4053","1.0","0.48583792883850596","0.2166833196944795","0.5209580838323353","0.6151952376728468","0.29352557328269574","0.47583983094561044","0.6186044059121433"
"0.5576979745350092","7","7","South Dakota, Pennington","-102.8241,44.0026","0.7939258416867894","0.266460326392797","0.5352845244089142","0.8118","0.75","0.7704699034685317","0.599092095793509","0.14970059880239522","0.5517358041566147","0.28380618153219894","0.2051598746286524","0.39226186296685356"
"0.5576197338758647","10","7","Idaho, Bannock","-112.2233,42.67","0.7696232425561174","0.329209252286175","0.6139352972979758","0.6753","0.75","0.771056031651189","0.473960895869022","0.22155688622754494","0.46968620728685795","0.2964569248220043","0.38006075271011563","0.45914189010044165"
"0.5573957364786595","7","5","New Mexico, Chaves","-104.4665,33.3641","0.7502152986194869","0.225100748416811","0.49889312540864567","0.7972","0.675","0.5871956657568004","0.4654595513509279","0.2634730538922156","0.5215324091055006","0.3923150947204658","0.5617548597505242","0.4330686504820795"
"0.5573578472983265","10","6","Texas, Victoria","-96.9681,28.7978","0.5189732184222429","0.0221798235153828","0.6126887328779698","0.7466","1.0","0.8066953714640763","0.511384612973719","0.4131736526946108","0.5215324091055006","0.40607329647290885","0.47835304710048787","0.3238980214530185"
"0.5572391690105072","10","5","Texas, Hill","-97.1342,31.9905","0.5613889444437316","0.0670170827858081","0.5244743812822782","0.7676","0.75","0.8066953714640763","0.5234108831368844","0.4251497005988024","0.626321192473144","0.3244640168069324","0.5696226033702604","0.42154112199345994"
"0.5572169730388261","10","4","Kansas, Bourbon","-94.8487,37.8551","0.7197999772425182","0.265151515151515","0.5113473213092745","0.7249","0.75","0.6813178638986801","0.44745042459157647","0.38922155688622756","0.6037268925796017","0.39665149035533587","0.3341556503278348","0.38873052470948466"
"0.5570343207430692","10","5","Georgia, Randolph","-84.7573,31.7662","0.5207464003538674","0.0207100591715976","0.483375819250107","0.8873","0.5","0.7922333288990623","0.5390611465542282","0.4610778443113772","0.6406572602088578","0.4722393109029264","0.6724331398633676","0.4046602576559435"
"0.5569267526656401","10","5","New Mexico, Socorro","-106.9298,34.0072","0.6714466001344722","0.323529411764706","0.45457449393026683","0.9803","0.5","0.5871956657568004","0.6063901230056649","0.1317365269461078","0.5898852876912913","0.4614175987776431","0.549599473206834","0.5202080655747179"
"0.556762728113741","10","6","West Virginia, Raleigh","-81.2456,37.7694","0.5573951454211501","0.153030303030303","0.5640356126095196","0.7074","1.0","0.590915881821042","0.42716892904582365","0.3712574850299401","0.6114115319998742","0.5824614796703392","0.4667551437605421","0.3362500448333093"
"0.5567274912451187","10","5","Florida, Calhoun","-85.1939,30.4067","0.6447631282755204","0.0582959641255605","0.48345407390411127","0.9026","0.5","0.4454391386730797","0.6220241472488547","0.40119760479041916","0.5878652729484978","0.5205220850714506","0.605823767726555","0.49822349489886875"
"0.5566909941870735","7","4","Missouri, Moniteau","-92.5798,38.6357","0.7970669497515556","0.288065843621399","0.5224276973156552","0.639","0.75","0.6898109656793697","0.3985497561833334","0.40119760479041916","0.5215324091055006","0.4090300452012836","0.49038865287326705","0.0"
"0.5566859376097447","10","5","New Mexico, Cibola","-107.9989,34.9113","0.5985075136295258","0.101010101010101","0.4713200420169926","0.9959","0.675","0.5871956657568004","0.7084929658247878","0.1317365269461078","0.5166605513962695","0.4639344532056938","0.6178086271464406","0.48750310649970446"
"0.5566387870949413","10","4","Virginia, Montgomery","-80.3787,37.1775","0.691872934627713","0.151913875598086","0.6405967711356347","0.8402","1.0","0.7697111946822568","0.37526909884645687","0.3592814371257485","0.42544161229202965","0.2319898300182252","0.28612598345281337","0.44745927353055504"
"0.5566139167013345","10","5","Georgia, Screven","-81.6078,32.7498","0.5576784231033545","0.0427927927927928","0.4752564631635743","0.8959","0.5","0.7922333288990623","0.631218518014115","0.44311377245508987","0.5734100391661536","0.39227653980031735","0.5923685963159118","0.49260849359534925"
"0.5565873000097484","10","5","Texas, Val Verde","-101.1525,29.8915","0.6634303675497469","0.063758389261745","0.53270430649845","0.9373","0.675","0.8066953714640763","0.37755142702384265","0.3053892215568862","0.4886637078344629","0.2329420140685406","0.6675612477595606","0.48615768082159416"
"0.5564509299817137","10","9","Kentucky, Lawrence","-82.7288,38.0714","0.6853843504890387","0.478991596638655","0.4954094847631076","0.5727","0.675","0.7986013047908057","0.10031212112875891","0.4131736526946108","0.5561726637917245","0.5965204763633615","0.6206689531996303","0.34824258699499616"
"0.5564093985716878","9","3","Ohio, Butler","-84.5739,39.4401","0.6745271859501178","0.16382382892057","0.6650391553858666","0.4505","1.0","0.7247088387345686","0.4348882188210278","0.5988023952095809","0.48601108590571473","0.37610458116759743","0.21126590834578876","0.47913483848074917"
"0.5563320642928141","10","5","Arkansas, Lafayette","-93.6068,33.2412","0.7073927189972129","0.19205298013245","0.4816106926227274","0.6367","0.5","0.610486779204959","0.6376046265760273","0.40119760479041916","0.667774075480636","0.6762774548986771","0.4779912825274736","0.0"
"0.5563037818081317","10","4","Idaho, Canyon","-116.7095,43.6197","0.6748278752747189","0.0824043715846995","0.660381354704093","0.4082","1.0","0.771056031651189","0.3539740366698948","0.4610778443113772","0.46408171358848016","0.29459503744182836","0.548383014093558","0.5275527323241559"
"0.5563016542382769","7","7","Kansas, Ellsworth","-98.2046,38.6968","0.8483399652185102","0.563380281690141","0.4384845918564325","0.7959","0.5","0.6813178638986801","0.48985726023812637","0.2874251497005988","0.6317620454190964","0.33348144753129405","0.1967088507331758","0.39258682941942274"
"0.5562876481187962","10","5","Kentucky, McCreary","-84.481,36.7387","0.6115585016173766","0.15","0.5031682366488277","0.9144","0.5","0.7986013047908057","0.4845020966034393","0.39520958083832336","0.5117241638959221","0.6559074610382495","0.5861865036259419","0.0"
"0.5562754498199254","10","4","Georgia, Murray","-84.7499,34.789","0.6376251794089223","0.105870020964361","0.5576340208154541","0.305","1.0","0.7922333288990623","0.3274164830852671","0.44910179640718567","0.4886637078344629","0.4736776378686718","0.6335043893172992","0.5584275990343579"
"0.5562741615341072","10","5","Georgia, Montgomery","-82.5353,32.172","0.6828535798125916","0.0926966292134832","0.5027496224347439","0.8532","0.575","0.7922333288990623","0.4644787165690427","0.4610778443113772","0.5357771420024626","0.3942042077913519","0.6212238930300794","0.0"
"0.5562008439827565","10","5","Mississippi, Humphreys","-90.5225,33.1283","0.6109848779780758","0.0426065162907268","0.5160213577001881","0.5046","0.5","1.0","0.6165041230389817","0.4131736526946108","0.5239446622367122","0.6012761189875241","0.7282251820358879","0.0"
"0.5561904768494909","10","4","Mississippi, Rankin","-89.9454,32.2647","0.6282019492926268","0.095063025210084","0.620268832772264","0.5823","1.0","1.0","0.4978978525741375","0.4550898203592814","0.4939129750014257","0.3554668013130159","0.19893696685294252","0.260942651817918"
"0.5560994699757876","10","5","West Virginia, Barbour","-80.0035,39.1307","0.7023182903103894","0.423312883435583","0.5075398748115565","0.7405","0.675","0.590915881821042","0.3053745401824169","0.34730538922155696","0.5998243249034969","0.5261445770103753","0.49959469529842915","0.3831838479094119"
"0.5560702756633903","10","5","Florida, Okeechobee","-80.8894,27.3863","0.590522736332663","0.0438438438438438","0.572663887205546","0.8704","0.75","0.4454391386730797","0.5972088765872662","0.24550898203592814","0.6037268925796017","0.45591972884500725","0.6836342769692341","0.4562958002862688"
"0.5560424417639431","7","7","Tennessee, Lewis","-87.4902,35.5285","0.7933702278063065","0.310030395136778","0.5129388469019991","0.6208","0.75","0.4911779531988354","0.3685773926249183","0.38922155688622756","0.6299572389493907","0.5779546864645727","0.4714620799391916","0.0"
"0.5560146572603529","10","4","West Virginia, Mercer","-81.1102,37.4048","0.619469179244583","0.22887323943662","0.5745011051166914","0.7077","0.825","0.590915881821042","0.38871046856034686","0.3532934131736527","0.6335581539925471","0.5648403340326291","0.4774660153854707","0.34217655168452826"
"0.5559853374649145","10","5","Oklahoma, Greer","-99.5606,34.9354","0.6705592270351862","0.143939393939394","0.4286222258321793","0.5387","0.5","0.9523454485741492","0.6774049843290183","0.2874251497005988","0.5734100391661536","0.35093562261025857","0.6798987882764056","0.4254133905300106"
"0.5559744603048244","10","4","Alabama, Cullman","-86.8689,34.1302","0.6741365346086837","0.125055828494864","0.5680143477552079","0.3945","1.0","0.5802035115828437","0.3309012639116107","0.5149700598802395","0.579673914473061","0.49326048245863435","0.49202973421385726","0.49651637753142147"
"0.5559541159505732","10","5","Kentucky, Knott","-82.9498,37.3539","0.6913812606466005","0.199312714776632","0.4658341760695792","0.9876","0.5","0.7986013047908057","0.1787571638775929","0.40119760479041916","0.5561726637917245","0.6329501454093475","0.6002038816478782","0.0"
"0.5559372717122751","10","5","South Carolina, Edgefield","-81.9623,33.7722","0.5805104643998269","0.0503432494279176","0.4852656780324841","0.9013","0.5","0.7732051260133426","0.6196482784168019","0.43712574850299407","0.5755097168756041","0.4320422668517753","0.4614595983335334","0.5744233953267549"
"0.5558696470657065","10","3","Arkansas, Crawford","-94.2447,35.5893","0.7215373904347284","0.164434922335297","0.605934820431328","0.2951","1.0","0.610486779204959","0.4744094012428571","0.43712574850299407","0.5380992168517501","0.43644353547829984","0.4122935280475335","0.5048332426142819"
"0.5558233884463571","10","2","Washington, Grays Harbor","-123.7821,47.14","0.5500936015770721","0.1484375","0.57365479444714","0.8972","0.675","0.9576955189784127","0.5353876083521367","0.18562874251497005","0.624489779413553","0.3798847672887005","0.42189439889854985","0.4950079834866413"
"0.5558027574282888","10","4","Michigan, Clare","-84.8482,43.9879","0.6578606545128166","0.435406698564593","0.4930942885111112","0.674","0.75","0.5192862589944978","0.3073581597494956","0.3173652694610779","0.6710290464557254","0.4942842340268906","0.6051446870566886","0.50723507606757"
"0.5557604761702887","10","4","Missouri, Pulaski","-92.2078,37.8246","0.6660843921720548","0.184062850729517","0.5671618366208355","0.7323","0.825","0.6898109656793697","0.5964582372900442","0.39520958083832336","0.2911671324946231","0.34658868236079177","0.45614201033796464","0.5798502014235187"
"0.555722712112634","10","9","Kansas, Labette","-95.2985,37.1911","0.6921371474573637","0.233333333333333","0.520262484385025","0.602","0.675","0.6813178638986801","0.5646023667663426","0.4131736526946108","0.5817386943120182","0.4404499687500494","0.4133225042150357","0.4153136621521752"
"0.5556482029583447","10","4","Indiana, Marshall","-86.2619,41.3247","0.7249984649667902","0.177195685670262","0.5859647099771288","0.6886","0.75","0.5484650550776322","0.22080525242854795","0.5808383233532934","0.558371441896005","0.44144323935837676","0.41498078360362334","0.5100794520651916"
"0.5556310402592366","10","9","Alabama, Jackson","-85.9975,34.7814","0.7400223684285715","0.146033350176857","0.5161898802602174","0.3231","0.75","0.5802035115828437","0.5184596818983834","0.47904191616766467","0.6017807168377609","0.5140588059632002","0.5305213878921624","0.4179190129567342"
"0.5556224791710622","10","6","New York, Kings","-73.9494,40.6362","0.5449204046742792","0.0436251247897378","0.9384000699004459","0.9096","1.0","0.30357014148943134","0.666060364750151","0.4251497005988024","0.46408171358848016","0.18510128117969607","0.4370908121124157","0.4642266638765763"
"0.5555533025118427","10","5","Florida, Union","-82.375,30.0441","0.7483378625192455","0.0823311748381129","0.4856176053520677","0.8634","0.5","0.4454391386730797","0.5845338960619859","0.3053892215568862","0.49908933331939354","0.5918018806126247","0.6398557980009328","0.23455832820778308"
"0.5553777333941754","10","6","Michigan, Ingham","-84.3747,42.5972","0.5946105078158138","0.125324522067501","0.7192010408089314","0.8574","1.0","0.5192862589944978","0.5412200628500885","0.4550898203592814","0.4496902805094778","0.3159624649696819","0.33238861145261617","0.40558919381866493"
"0.555242525586723","10","2","Texas, Liberty","-94.8121,30.1515","0.3673673775179973","0.011910013233348","0.5566324309383172","0.9933","0.825","0.8066953714640763","0.5795346128905364","0.43712574850299407","0.4555137084840577","0.4606340264739184","0.6474172468080969","0.5086099477207454"
"0.555163183258951","10","4","Georgia, Walker","-85.3017,34.7338","0.6163840604177228","0.0843237125070741","0.5738460439310581","0.4989","1.0","0.7922333288990623","0.4030030084328315","0.47904191616766467","0.5817386943120182","0.4811097887043127","0.5465450029920971","0.0"
"0.5551361593783505","10","2","Texas, San Augustine","-94.17,31.3946","0.4767372900547894","0.028169014084507","0.46392960807124667","0.7819","0.5","0.8066953714640763","0.6188727351867842","0.37724550898203596","0.7109436441933698","0.5875822621408097","0.6520202680206779","0.4681697239823083"
"0.5550276737190828","10","6","Texas, Orange","-93.8941,30.1188","0.4871076151268205","0.0318686624818928","0.6323122123109814","0.6078","1.0","0.8066953714640763","0.5271992117670357","0.407185628742515","0.5215324091055006","0.47345673903599733","0.4001624852196706","0.6555969895695234"
"0.5550076576152955","10","4","Iowa, Pottawattamie","-95.5391,41.3364","0.7559534512327845","0.201294277929155","0.7023974035786742","0.6387","1.0","0.5124529061342115","0.37414185244634035","0.38922155688622756","0.5472454870957077","0.4157015235324795","0.18996830593534914","0.35447183507132846"
"0.5548791748975095","10","3","Alabama, Houston","-85.2994,31.152","0.6429093400338995","0.0761799613579906","0.6271306345264052","0.3502","1.0","0.5802035115828437","0.6057902493665461","0.4610778443113772","0.5561726637917245","0.45334435670314865","0.48745456899451134","0.3385050523571388"
"0.5548321280670903","10","3","Virginia, Waynesboro City","-78.9029,38.0645","0.6560151464149984","0.185915492957746","0.7055216147259169","0.3305","1.0","0.7697111946822568","0.5392988767958053","0.33532934131736525","0.5858342498966352","0.4913988230321617","0.4448118878721183","0.0"
"0.554787643518534","10","5","New Mexico, McKinley","-108.2622,35.5801","0.5742254146861203","0.0250727557644952","0.5116532105370699","0.8338","0.675","0.5871956657568004","0.6935582642660505","0.17964071856287425","0.41269877075759065","0.6115115710985687","0.7701996826596805","0.4229754914909839"
"0.554742295886057","10","4","Tennessee, Anderson","-84.1997,36.1268","0.6787651705434171","0.172279792746114","0.6380881785599147","0.5664","1.0","0.4911779531988354","0.40806087715499484","0.43712574850299407","0.6075890184122873","0.41353258665522236","0.39142103231646447","0.3956609620867995"
"0.5547194425760312","10","6","Illinois, Peoria","-89.7608,40.787","0.6479597064825291","0.11766104112194","0.6661074106686921","0.6444","1.0","0.48583792883850596","0.5407952713969375","0.532934131736527","0.5357771420024626","0.36530224500186204","0.3144334860043618","0.33935125956749945"
"0.5546748385445331","10","4","Pennsylvania, Lackawanna","-75.6038,41.4356","0.6370650585300899","0.163686806411837","0.6710983877945809","0.652","1.0","0.7607330979588356","0.35200286402894054","0.4131736526946108","0.6056629582719985","0.36955976768222637","0.22743909801809453","0.4145192116524685"
"0.5546744353267771","10","5","Georgia, Burke","-81.9993,33.0592","0.5367594610105805","0.0299194476409666","0.5224637225917005","0.6613","0.675","0.7922333288990623","0.6369887424999416","0.47904191616766467","0.5016507991249867","0.48380970126019907","0.5774425073494405","0.4932826946895652"
"0.5546701703740882","10","5","North Carolina, Hyde","-76.1518,35.4202","0.7929634211302459","0.252873563218391","0.37004230918340153","0.581","0.5","0.7283659930549282","0.6525337956444119","0.2874251497005988","0.5449798764246452","0.45149719840046876","0.7086874728328371","0.0"
"0.5546373996508039","10","9","Mississippi, Amite","-90.805,31.1747","0.7222283240602371","0.144578313253012","0.41007449556673387","0.3926","0.5","1.0","0.6023346044921993","0.3592814371257485","0.6578350382684304","0.47722571223927535","0.6557562411655626","0.0"
"0.5546340702012375","10","9","Missouri, Livingston","-93.5465,39.7811","0.7590211861711985","0.180811808118081","0.5344847489658123","0.4495","0.75","0.6898109656793697","0.41274238480875913","0.37724550898203596","0.6189409155096902","0.4679223801825809","0.39288855870789857","0.5028630903845674"
"0.5545966196931905","9","9","Mississippi, Walthall","-90.1045,31.1497","0.5983093075395077","0.042654028436019","0.4564810123871062","0.4403","0.5","1.0","0.6381882383164695","0.3652694610778443","0.5938927650957907","0.5095666833385171","0.6630656537904559","0.49718729818383967"
"0.5544740191850781","10","9","North Carolina, Martin","-77.1086,35.8433","0.6929613709216648","0.148148148148148","0.5199767922941321","0.1955","0.75","0.7283659930549282","0.6376534772638369","0.3532934131736527","0.6510586369018438","0.49221179971670176","0.561586633773987","0.4696019845123151"
"0.5543237838018803","7","7","Tennessee, Clay","-85.5393,36.5515","0.8526295661026733","0.284530386740331","0.5001305724181863","0.5279","0.5","0.4911779531988354","0.30471227077309804","0.4131736526946108","0.6868906660868291","0.4810111197854956","0.5575031873917478","0.3854175330957047"
"0.5543230135586288","9","3","Georgia, Rockdale","-84.022,33.6515","0.56331561399476","0.0637037037037037","0.6829186090506778","0.1627","1.0","0.7922333288990623","0.6766572226096423","0.5149700598802395","0.46968620728685795","0.4596797899632085","0.4736681534903984","0.5127668229280391"
"0.5542217812977158","10","5","Kentucky, Wayne","-84.8252,36.8031","0.6406259343128061","0.226495726495726","0.4438380687134453","0.7472","0.5","0.7986013047908057","0.3106118980984468","0.40119760479041916","0.6114115319998742","0.5215256946078256","0.6085662508170586","0.5400144267473835"
"0.5541559214718997","7","4","Colorado, Pueblo","-104.5127,38.1736","0.6251973024095994","0.243362831858407","0.5964293592964294","0.7937","0.75","0.8662658896035598","0.518863141930047","0.17964071856287425","0.5755097168756041","0.32445838084457046","0.4497868471508952","0.37524058436313257"
"0.5541004999268965","10","6","California, Riverside","-115.9934,33.7431","0.558033029665722","0.0529359711775488","0.6834517653680756","0.6632","0.825","0.6302607543856039","0.5862009947395281","0.7065868263473054","0.4806485213347297","0.2094257325703754","0.46400551500220855","0.5118511591706005"
"0.553998603389068","10","9","Kentucky, Muhlenberg","-87.1463,37.2143","0.6834734519666621","0.12117903930131","0.4890584833635516","0.4791","0.75","0.7986013047908057","0.3579301333694465","0.502994011976048","0.5837920978957992","0.45060127907647485","0.5274856901946057","0.43229278425861833"
"0.5539772067703396","10","6","New Mexico, Bernalillo","-106.6704,35.0516","0.6614757145351351","0.230906854523091","0.7254474707324037","0.659","1.0","0.5871956657568004","0.6119202109818931","0.23353293413173656","0.5166605513962695","0.222402468104369","0.36208358469330126","0.474658970466174"
"0.5539545342172676","10","6","Tennessee, Hamilton","-85.1665,35.1767","0.6584823741623236","0.0986069379950833","0.7022755641906253","0.5887","1.0","0.4911779531988354","0.5740322047333769","0.4730538922155689","0.5561726637917245","0.3739504526306413","0.280919577204157","0.37727993069512833"
"0.553952979326405","10","6","Michigan, Mecosta","-85.3246,43.6406","0.6420447016994563","0.320224719101124","0.5958220268626462","0.9258","0.75","0.5192862589944978","0.4300161416409456","0.3532934131736527","0.5734100391661536","0.3054456114891662","0.45216453784303295","0.5079001972215268"
"0.5539204599495661","10","6","Florida, Duval","-81.6698,30.3323","0.6073465040535666","0.0578344026515036","0.7367471346957233","0.8281","1.0","0.4454391386730797","0.5976231356773541","0.32934131736526945","0.46968620728685795","0.39624870378891763","0.3776466070007441","0.39178008684392196"
"0.5538634164260443","10","5","Tennessee, Lake","-89.4892,36.3418","0.6847677377729264","0.0280665280665281","0.48492912013933626","0.9481","0.5","0.4911779531988354","0.603691115496392","0.4610778443113772","0.5166605513962695","0.534016245255937","0.6576872670618262","0.0"
"0.5538357836631692","9","9","Mississippi, Benton","-89.1895,34.8168","0.7671742359177295","0.186885245901639","0.45493772536554555","0.1203","0.5","1.0","0.6076277554116394","0.40119760479041916","0.5712984652022484","0.5631406104309067","0.6930669218437132","0.0"
"0.5538087108401439","10","6","Florida, Miami-Dade","-80.5517,25.6112","0.6211119452328776","0.0344763784383866","0.7762012847432045","0.8988","1.0","0.4454391386730797","0.49237713391311155","0.251497005988024","0.526341402378779","0.19241412750554815","0.5633632405773167","0.4123149988426979"
"0.5535660374405137","10","2","Texas, Matagorda","-96.0123,28.8196","0.48770407877876837","0.0267281105990783","0.5447599763791999","0.7666","0.75","0.8066953714640763","0.6040346703487464","0.407185628742515","0.5380992168517501","0.38484500596100174","0.6467237536895566","0.47601518464622805"
"0.5534440069208326","10","5","Arkansas, Lee","-90.7838,34.785","0.6144406008903324","0.0172727272727273","0.487450718632756","0.9077","0.5","0.610486779204959","0.6791533789090266","0.4251497005988024","0.5878652729484978","0.5623165091121406","0.613189861242031","0.0"
"0.553438472741162","10","5","Washington, Grant","-119.4501,47.2075","0.6242242056751156","0.0681608842493092","0.5495990871210588","0.7982","0.675","0.9576955189784127","0.42293193564692566","0.3712574850299401","0.46408171358848016","0.32432274971403313","0.5178564788982979","0.48478996794986456"
"0.5533803132045315","10","6","California, Yuba","-121.3536,39.2626","0.4939862047680342","0.0518754988028731","0.6197009627077803","0.9077","1.0","0.6302607543856039","0.5734465879167465","0.39520958083832336","0.42856039038869453","0.356988607076494","0.5112449194604513","0.4664777019220563"
"0.5532697692244265","10","5","Louisiana, East Carroll","-91.2343,32.7393","0.6238165764647915","0.0283687943262411","0.4887878399099248","0.9946","0.5","0.3163258823370422","0.6495840406739659","0.39520958083832336","0.47793802351369025","0.6381087629247291","0.626803206249044","0.509577881067024"
"0.5532589619087663","10","9","Oklahoma, Stephens","-97.8514,34.4856","0.6537489776723266","0.206666666666667","0.5305118834278141","0.2139","0.825","0.9523454485741492","0.5831836706677662","0.3652694610778443","0.595880459448231","0.4203415718202224","0.46681594249360314","0.44956561767159825"
"0.5532286116337911","10","9","Arkansas, Cross","-90.7719,35.2963","0.6787692507340934","0.107806691449814","0.5423676040368796","0.4432","0.75","0.610486779204959","0.5647847643201588","0.43113772455089816","0.579673914473061","0.5394835870076221","0.44602883143745037","0.5147359356624419"
"0.5531909860814703","9","3","Oklahoma, Rogers","-95.6041,36.37","0.6553903786780134","0.118141592920354","0.5539929514051664","0.2773","1.0","0.9523454485741492","0.6089032546950814","0.44910179640718567","0.526341402378779","0.3508095765578815","0.20835616818286032","0.5803799693241306"
"0.5531595528412029","10","6","Iowa, Wapello","-92.4095,41.0306","0.6375256640045985","0.0607094133697135","0.5995607192899727","0.7752","1.0","0.5124529061342115","0.4601255974272186","0.40119760479041916","0.560557323866868","0.43179859133930626","0.37927860486527937","0.34030839221081577"
"0.5531488413119986","10","6","Florida, Leon","-84.2749,30.4596","0.6472132833088258","0.068476673253716","0.6706749446265318","0.8497","1.0","0.4454391386730797","0.5762230087611641","0.44910179640718567","0.4407808887294848","0.28464498988502884","0.3506667453093838","0.38971491821840365"
"0.5531224606299132","10","6","Louisiana, Tangipahoa","-90.4066,30.6289","0.6279292420087592","0.0642258130497034","0.6099906044277357","0.717","1.0","0.3163258823370422","0.5916661872645361","0.3532934131736527","0.4752076683887773","0.472001128899811","0.5561813599562346","0.44085700375875286"
"0.5530548501878825","10","7","Missouri, Callaway","-91.9219,38.8367","0.7542851034102601","0.277777777777778","0.5485287359459998","0.483","0.75","0.6898109656793697","0.44013652818551513","0.4191616766467066","0.5239446622367122","0.43532968421003443","0.30440363285752475","0.5885361883442575"
"0.5530338320953736","10","4","Texas, Hopkins","-95.5635,33.1488","0.6332066466264357","0.189473684210526","0.5532073901256875","0.4483","0.825","0.8066953714640763","0.5357091590056527","0.4251497005988024","0.5775976316230177","0.3224011268363172","0.5178957195148552","0.4464266867048173"
"0.5530056970128552","10","5","Louisiana, Sabine","-93.5543,31.5639","0.6123403459909537","0.0530222693531283","0.49225494311609225","0.7176","0.675","0.3163258823370422","0.8266599237205302","0.38323353293413176","0.613308186513927","0.5022572780710596","0.5835326752617344","0.4900735821044504"
"0.5530053439769631","10","7","Kansas, Finney","-100.7382,38.0434","0.8156178456495503","0.139437689969605","0.4890076249804258","0.7119","0.75","0.6813178638986801","0.4938570883587019","0.2754491017964072","0.3679909167750092","0.3281955335242224","0.5028508186815855","0.40646878517665497"
"0.5529712742805905","10","4","Ohio, Guernsey","-81.4925,40.0503","0.6167429238455335","0.313432835820896","0.5533058107551267","0.6132","0.825","0.7247088387345686","0.29160083993695224","0.49101796407185627","0.5938927650957907","0.4519345658426463","0.48388016061039024","0.3700525118715384"
"0.5528501551539446","10","4","Alabama, Dale","-85.611,31.4304","0.6174961051093364","0.0656346749226006","0.5570109213590679","0.455","0.825","0.5802035115828437","0.6168910241345296","0.47904191616766467","0.5380992168517501","0.4890758600911593","0.5482728012507584","0.49094817550378883"
"0.5527797565258766","10","9","Alabama, Lawrence","-87.3107,34.5204","0.700873458143735","0.17258883248731","0.511120180451829","0.2028","0.75","0.5802035115828437","0.7432174294738177","0.4970059880239522","0.5670390838965326","0.5101506811343464","0.4946111369956536","0.43024176682298193"
"0.5526884765900406","10","4","Nebraska, Hall","-98.5022,40.8726","0.7369277614302707","0.139130434782609","0.5785793575810945","0.5909","1.0","0.603814206971114","0.5214073127308526","0.29341317365269465","0.4965101409658336","0.3233441911769244","0.36489498108880847","0.4477159444824079"
"0.5526822407126855","7","7","Illinois, McDonough","-90.6778,40.4567","0.723275834488508","0.224770642201835","0.5706855108807841","0.8953","0.675","0.48583792883850596","0.422561028258852","0.4670658682634731","0.5494974081927578","0.321540634121434","0.3893175414881713","0.42229436308480456"
"0.552680155016291","10","5","Georgia, Jenkins","-81.9604,32.7925","0.6490624543590239","0.051948051948052","0.4837985231858444","0.5301","0.5","0.7922333288990623","0.632247937277935","0.44311377245508987","0.5539608364828539","0.4714606564001718","0.6358461094442597","0.43422122337366964"
"0.552679761065611","10","4","Kansas, Lyon","-96.1528,38.4558","0.6457512471661099","0.0761421319796954","0.5600479430594928","0.9379","0.75","0.6813178638986801","0.45649344911578593","0.3652694610778443","0.49908933331939354","0.3685513927648979","0.3901207629974551","0.4945152463629319"
"0.5525049220688288","7","7","South Dakota, Hughes","-99.9966,44.3909","0.8241501119051966","0.259972489683631","0.535188785603008","0.9838","0.575","0.7704699034685317","0.5538394519567211","0.155688622754491","0.5380992168517501","0.2850908769095249","0.10066187051056767","0.43622254640191677"
"0.5523899482187399","10","5","Oregon, Umatilla","-118.7354,45.5907","0.6137144812026317","0.0500306936771025","0.5482087858468072","0.9901","0.675","0.7438233614458837","0.48508677692553676","0.34730538922155696","0.5092312328105775","0.36298514705929175","0.5106616391847109","0.34634094078950634"
"0.5523403661786276","10","4","Arkansas, Polk","-94.2273,34.4825","0.6635765577228101","0.181286549707602","0.5095730259606525","0.646","0.75","0.610486779204959","0.3632928305454322","0.38323353293413176","0.6578350382684304","0.42003263010290887","0.6044276980134196","0.4195767460841706"
"0.5523276232077801","9","6","Kentucky, Mason","-83.8215,38.5947","0.523878509870431","0.120805369127517","0.523758305480898","0.7237","1.0","0.7986013047908057","0.4294222194424394","0.43712574850299407","0.5670390838965326","0.46304771708620246","0.41772181333795827","0.34716027663916893"
"0.552256130071613","10","6","Texas, Galveston","-94.9047,29.4017","0.5031074148957202","0.0249793217535153","0.6956831290323027","0.6788","1.0","0.8066953714640763","0.5720167108542571","0.43712574850299407","0.47245716285929296","0.36996085787628363","0.35255647166785103","0.4952959510440923"
"0.5522273769488462","10","9","Missouri, Henry","-93.7929,38.3848","0.7119881293877998","0.285714285714286","0.5337801506659028","0.539","0.75","0.6898109656793697","0.3468698772364571","0.37724550898203596","0.6353456481032828","0.38842184074839636","0.4954162963131624","0.4482489156106532"
"0.5521206223768795","10","4","Missouri, Boone","-92.3072,38.9919","0.7183005274174489","0.151461154668567","0.654663808752265","0.7144","1.0","0.6898109656793697","0.48869135479682524","0.4251497005988024","0.40944379978250145","0.24693674779760733","0.22967968877831","0.3424996352948106"
"0.5520716185470629","10","4","Alabama, Lauderdale","-87.6562,34.9017","0.6344114407090734","0.111600587371512","0.6011044155713755","0.5622","1.0","0.5802035115828437","0.4948796712908293","0.47904191616766467","0.6056629582719985","0.3798815353709968","0.35730519183635306","0.39757427257557204"
"0.5520460830234055","10","6","Louisiana, St. Landry","-92.0014,30.5972","0.5945003416914346","0.0424688561721404","0.5898687379067775","0.8418","0.825","0.3163258823370422","0.6215442771639531","0.38922155688622756","0.5215324091055006","0.5243095406898757","0.6042599564889386","0.31845678979919473"
"0.5520313187557296","10","3","Tennessee, Roane","-84.5246,35.8492","0.6983210594883169","0.183917878528657","0.589374618232349","0.4132","1.0","0.4911779531988354","0.36992367030549733","0.4191616766467066","0.6544622387094758","0.4687353437776599","0.37523924362016003","0.5627103039416326"
"0.5520222067031447","9","3","Mississippi, DeSoto","-89.9909,34.8763","0.713015476529028","0.124321880650995","0.6517898371381015","0.1414","1.0","1.0","0.5570618729432623","0.43712574850299407","0.4377631248108773","0.35758956341273523","0.23999657976848277","0.46570245112957903"
"0.5519792849165293","10","5","Kentucky, Morgan","-83.2556,37.9247","0.6265881734455324","0.31","0.4892423178428367","0.9819","0.32499999999999996","0.7986013047908057","0.38155859063506936","0.39520958083832336","0.5166605513962695","0.4955843956539466","0.550891627953901","0.48724451746326763"
"0.5517632079336827","10","5","Kentucky, Nicholas","-84.0189,38.3334","0.7431188447445647","0.455555555555556","0.41920988821751365","0.8459","0.5","0.7986013047908057","0.17742319721231292","0.4251497005988024","0.5494974081927578","0.5121145802406831","0.5835691302789681","0.0"
"0.5516941316754481","10","4","Tennessee, Hawkins","-82.9489,36.4436","0.687284126725727","0.194444444444444","0.57991010966667","0.6167","0.75","0.4911779531988354","0.2902743020746251","0.44311377245508987","0.6189409155096902","0.48945505660980243","0.5112544873885624","0.5798350200065716"
"0.5516318910405789","7","5","New Mexico, Lea","-103.4124,32.7922","0.6998541304292009","0.157632743362832","0.524419136245523","0.9382","0.675","0.5871956657568004","0.5340054016991757","0.2754491017964072","0.39613196301134124","0.3662947947641831","0.5563126464634819","0.4278764610318083"
"0.5515882539901056","10","5","Washington, Adams","-118.5602,46.983","0.5758498306316304","0.0341409691629956","0.45666930538645595","0.8933","0.675","0.9576955189784127","0.4732748161855787","0.37724550898203596","0.38929338935206537","0.30785427129939347","0.6908339612033838","0.43398268465683965"
"0.5515523602710763","9","3","Georgia, Towns","-83.7411,34.9137","0.7062874381233161","0.126865671641791","0.5580469128137682","0.3639","1.0","0.7922333288990623","0.283168896173583","0.34131736526946105","0.8167017175941397","0.24795693516428957","0.42562455861875936","0.4726067154524139"
"0.5515283003685063","9","9","Georgia, Greene","-83.1714,33.5769","0.6197705162156825","0.0702702702702703","0.5408807396208511","0.312","0.75","0.7922333288990623","0.6318815533334728","0.48502994011976047","0.7416697243018653","0.3849282102191847","0.45139377462151886","0.43905011563254387"
"0.5514655938546363","10","6","Texas, Taylor","-99.8901,32.3016","0.5728554930547601","0.12070938215103","0.6351793672494511","0.7399","1.0","0.8066953714640763","0.5432540236588923","0.311377245508982","0.48601108590571473","0.3100073345247475","0.3908894672977301","0.35502520772188845"
"0.5513916685649288","10","6","North Carolina, Buncombe","-82.533,35.6111","0.5852006078976482","0.115976645435244","0.68131525866916","0.8838","1.0","0.7283659930549282","0.46145153702582375","0.3592814371257485","0.5998243249034969","0.23037627653189846","0.22021058888659714","0.41356119680443043"
"0.5513817036352341","10","6","Florida, Marion","-82.058,29.2123","0.5616442907830719","0.0484488701646879","0.6179809940883575","0.6281","1.0","0.4454391386730797","0.5303050917241016","0.32934131736526945","0.7496278588600158","0.4253823523886378","0.5090651274332968","0.457388505735287"
"0.5513053859633913","9","6","Ohio, Jefferson","-80.7626,40.3861","0.5477112066330574","0.189497716894977","0.6105590378441459","0.5626","1.0","0.7247088387345686","0.37397386797950805","0.5089820359281437","0.6299572389493907","0.46174790067328614","0.39754813969804836","0.3144267794103343"
"0.5512673110287816","10","4","Texas, Ector","-102.5429,31.869","0.5963218903447499","0.0853868194842407","0.6444263446210912","0.7224","1.0","0.8066953714640763","0.5280943448386567","0.2874251497005988","0.3414940492053623","0.30006995131876196","0.5561927445795567","0.34109059305534345"
"0.5511354342285539","10","9","Arkansas, Union","-92.5975,33.1689","0.6718595665900886","0.120335820895522","0.5438377821284267","0.503","0.75","0.610486779204959","0.6245395674969564","0.407185628742515","0.5561726637917245","0.4704171185860402","0.4905416186100319","0.3863898847465736"
"0.5510992481268259","10","6","Pennsylvania, Delaware","-75.4024,39.9168","0.56167040626301","0.0634692246203038","0.7730580977366867","0.7272","1.0","0.7607330979588356","0.49758849741928746","0.532934131736527","0.5287228277828","0.26668816282876145","0.137819222112911","0.45617187208367493"
"0.5510270049984233","10","9","Arkansas, Franklin","-93.893,35.512","0.7775545735299035","0.290393013100437","0.5069741071759986","0.5495","0.575","0.610486779204959","0.37683424515419167","0.407185628742515","0.5978576089534523","0.48109646123212607","0.4323934438618774","0.5228526955603885"
"0.5509935062726721","9","7","Indiana, Gibson","-87.5805,38.3039","0.7551123854392979","0.254854368932039","0.587833652160972","0.6667","0.825","0.5484650550776322","0.3169673266577521","0.5508982035928144","0.5561726637917245","0.35047456369264635","0.16938817702023473","0.6006220767007208"
"0.5509845149061288","9","3","Kentucky, Boyle","-84.8634,37.6268","0.6548407994595086","0.220812182741117","0.5822040237188371","0.4155","1.0","0.7986013047908057","0.4308643028600549","0.44910179640718567","0.5837920978957992","0.4065728897129884","0.3067070812720403","0.3329096992991356"
"0.5509802485185105","10","6","Texas, Coryell","-97.7994,31.3908","0.5577078894755835","0.0525502318392581","0.5806030090638212","0.6734","0.825","0.8066953714640763","0.6295506653631404","0.38922155688622756","0.3335641371157166","0.3818855496990886","0.49683016963936544","0.6999156152827133"
"0.5509001507312065","10","6","Arizona, Pima","-111.789,32.0971","0.5108468510691115","0.0366392924826279","0.7030431888558037","0.9825","0.75","0.7690982121439038","0.6065804571993366","0.29341317365269465","0.5938927650957907","0.23283188419832265","0.4222514400640155","0.47440797803224294"
"0.5508329738827085","10","6","Minnesota, Ramsey","-93.0987,45.0163","0.6521043465596266","0.118583396801219","0.7942994905629285","0.944","1.0","0.42209023252660954","0.5844995451403484","0.3592814371257485","0.47793802351369025","0.20258024318546763","0.20550165555434577","0.41133796225008046"
"0.5508046820618295","10","9","Oklahoma, Grady","-97.8834,35.0168","0.7073431955046825","0.165294924554184","0.5128493333961103","0.2888","0.825","0.9523454485741492","0.6003471993578021","0.39520958083832336","0.5239446622367122","0.40790386696770675","0.26382520194686754","0.5276555628327998"
"0.5507531258623095","10","4","Illinois, Sangamon","-89.6587,39.7584","0.7016535707260637","0.23548199767712","0.6515825944638117","0.6361","1.0","0.48583792883850596","0.4704137868214503","0.5089820359281437","0.5517358041566147","0.32418281826962375","0.20480767798374927","0.3577930023265024"
"0.5506777115072956","10","5","Texas, Swisher","-101.7349,34.5303","0.6686540787733676","0.183206106870229","0.45740906825487654","0.7211","0.5","0.8066953714640763","0.5939837970584799","0.25748502994011974","0.5775976316230177","0.2580975532838342","0.7263372723726319","0.4430548389512488"
"0.550658265389479","7","7","South Dakota, Davison","-98.1446,43.6749","0.8655929989291332","0.414772727272727","0.4925960990016952","0.6453","0.75","0.7704699034685317","0.4443489487360461","0.2275449101796407","0.5734100391661536","0.24181165875605132","0.1592610701231029","0.4142336539561429"
"0.5506050879965207","10","4","Kansas, Cowley","-96.8378,37.2378","0.6431615056390987","0.192946058091286","0.5255094205313249","0.7202","0.75","0.6813178638986801","0.5237984097679943","0.37724550898203596","0.5712984652022484","0.41902011752394835","0.3623404653961347","0.49491311102150615"
"0.5505703010348582","10","6","Louisiana, Iberia","-91.7587,29.868","0.48933854498425666","0.0187747035573123","0.5866868134811503","0.901","1.0","0.3163258823370422","0.6350624544692196","0.38323353293413176","0.48601108590571473","0.5059291607164274","0.6125916840655604","0.4451088695743675"
"0.5505490557302088","10","9","Arkansas, Woodruff","-91.2439,35.189","0.7019236200455358","0.306818181818182","0.45558787416671626","0.4836","0.5","0.610486779204959","0.6072918703311457","0.4251497005988024","0.6595100604482558","0.6660543860743942","0.5659643847804058","0.0"
"0.5505333001596002","10","4","Kentucky, Carter","-83.0509,38.3169","0.6444076317513693","0.246575342465753","0.5103122998653178","0.7991","0.75","0.7986013047908057","0.1811350680003393","0.39520958083832336","0.5755097168756041","0.5351361977835725","0.6023553332297413","0.0"
"0.5505127462857483","10","5","Texas, Frio","-99.108,28.8675","0.5623189134759473","0.0276679841897233","0.5309948719690261","0.9885","0.675","0.8066953714640763","0.46002594271778563","0.34131736526946105","0.4377631248108773","0.2041764087466496","0.7414090602950241","0.5517918150284464"
"0.5504651928500062","10","5","Louisiana, Franklin","-91.6759,32.1368","0.5995994255997744","0.0299921073401736","0.5058766419872988","0.8854","0.75","0.3163258823370422","0.5676610442599939","0.37724550898203596","0.5648909983668218","0.5262128443038857","0.6376022481482123","0.47121024914052956"
"0.5504432459118134","10","9","Arkansas, Randolph","-91.0246,36.3416","0.7588764560812066","0.197278911564626","0.48559758231202615","0.4858","0.75","0.610486779204959","0.30762977063204217","0.43113772455089816","0.6151952376728468","0.5335437706449148","0.4461750148454277","0.43828819609844755"
"0.5504280050651158","10","3","Indiana, Henry","-85.3963,39.9303","0.7516410034594124","0.242001640689089","0.5829606784337992","0.3457","1.0","0.5484650550776322","0.29929550588372356","0.47904191616766467","0.5858342498966352","0.418044157198063","0.3769895688994376","0.48783120552783427"
"0.5503893550805387","10","5","Louisiana, East Feliciana","-91.0498,30.8443","0.6181151424845097","0.0235030777839955","0.49276469242527915","0.9287","0.675","0.3163258823370422","0.6408153600733","0.37724550898203596","0.5472454870957077","0.4963439465581733","0.5254645562158772","0.6458442194320907"
"0.5503476462204402","10","5","Texas, Maverick","-100.3158,28.7429","0.6168489837877382","0.0328295987493486","0.5810012765609038","0.6157","0.75","0.8066953714640763","0.27647777037541543","0.311377245508982","0.40944379978250145","0.41775485005197643","0.903715396043795","0.49728521824766553"
"0.5503157962206546","9","3","Virginia, Washington","-81.9567,36.7234","0.6852890512697131","0.238895558223289","0.5790256553649868","0.3426","1.0","0.7697111946822568","0.2597218848479971","0.38922155688622756","0.6476236650502001","0.41037691985786523","0.41235965575321337","0.4712730260590168"
"0.550247114917888","10","5","Arkansas, Howard","-93.9935,34.0901","0.6459584568750038","0.0667903525046382","0.5085564458021957","0.6581","0.5","0.610486779204959","0.6802747771204481","0.4191616766467066","0.5691748594129424","0.5341934281521422","0.4924807590782379","0.5147377852322785"
"0.5502170920931804","10","4","Kentucky, Graves","-88.6514,36.7229","0.5989481245109995","0.0829383886255924","0.5258765803653634","0.5801","0.825","0.7986013047908057","0.42292891358413","0.47904191616766467","0.5775976316230177","0.44182680095451693","0.4705356864946031","0.4347306231887156"
"0.5501854011170813","7","7","Idaho, Madison","-111.6538,43.7814","0.9245475563211021","0.481072555205047","0.6148080275296198","0.5349","0.825","0.771056031651189","0.24297340810796322","0.2634730538922156","0.19428309279710032","0.1899021067853313","0.44138753851242457","0.4952581725647891"
"0.5501394339736689","10","6","Louisiana, Bossier","-93.6046,32.6793","0.6885171661949882","0.122496147919877","0.6283626015286095","0.6635","1.0","0.3163258823370422","0.6034980205123129","0.43712574850299407","0.46968620728685795","0.3489171658462393","0.3476607203002731","0.5582511778182504"
"0.5500907898465554","10","4","Virginia, Staunton City","-79.0598,38.1597","0.651138382064691","0.199430199430199","0.6859894078590993","0.6081","1.0","0.7697111946822568","0.4887783906574173","0.33532934131736525","0.6317620454190964","0.3767514719577081","0.2521519663121729","0.0"
"0.5500550674404482","10","6","Pennsylvania, Luzerne","-75.9845,41.1782","0.5660567363297762","0.0992481203007519","0.6555536064318211","0.6342","1.0","0.7607330979588356","0.4403429708389222","0.43712574850299407","0.6075890184122873","0.35833423769791894","0.30330852898434263","0.4274704664073294"
"0.5500438759117102","10","5","West Virginia, Randolph","-79.8792,38.7699","0.6859821893156893","0.282666666666667","0.5186914458835865","0.8545","0.675","0.590915881821042","0.2884070344131822","0.3173652694610779","0.6335581539925471","0.43974580423012466","0.4817042441996859","0.4387436165451466"
"0.5500330587057879","10","5","Kansas, Ford","-99.8883,37.692","0.7986846182823855","0.0919753086419753","0.4980375501486683","0.7972","0.675","0.6813178638986801","0.47296661758648073","0.2754491017964072","0.3787943342919467","0.2846091086022538","0.5531264052894413","0.4324261043630384"
"0.5498915678439958","10","6","Oregon, Lane","-122.8478,43.9373","0.5812545177079772","0.296987087517934","0.6223083683795595","0.8956","0.75","0.7438233614458837","0.40217023695119714","0.4131736526946108","0.5858342498966352","0.24133304316249804","0.3561295478088173","0.5232845993636754"
"0.5498590494174675","10","2","Texas, Houston","-95.4223,31.3193","0.45249871884544635","0.0351758793969849","0.45336789573982594","0.958","0.675","0.8066953714640763","0.6176925613937133","0.407185628742515","0.6388951207196634","0.32186031456163405","0.5680529787079689","0.5553070191536794"
"0.5498579497437689","10","3","North Carolina, Lincoln","-81.2174,35.4851","0.7127685576428217","0.176279069767442","0.596267268427052","0.1939","1.0","0.7283659930549282","0.44024320548127865","0.4670658682634731","0.5561726637917245","0.37672920584798736","0.37361209027618736","0.5416142953274123"
"0.5498507054877858","10","3","Kansas, Sedgwick","-97.4608,37.6843","0.6377818778093571","0.123002741798241","0.6744709358404037","0.4588","1.0","0.6813178638986801","0.5846584051572747","0.4191616766467066","0.4752076683887773","0.3481233750516776","0.3216508527385651","0.5075739509054491"
"0.549835525220252","9","3","Kentucky, Shelby","-85.1942,38.2148","0.6750794726420918","0.128425998433829","0.5549197870652686","0.384","1.0","0.7986013047908057","0.48361899177002393","0.5089820359281437","0.5092312328105775","0.34862884229726165","0.27331682885919656","0.5194667218194576"
"0.5497858583425557","10","2","California, Del Norte","-123.8974,41.7423","0.5137197275649256","0.15606936416185","0.5196948102126547","0.9968","0.675","0.6302607543856039","0.6758512238202784","0.32934131736526945","0.5517358041566147","0.3414488687984015","0.5424122636131331","0.4948883718735035"
"0.5496906442896844","9","9","Georgia, Worth","-83.8509,31.5516","0.602043585118743","0.0665529010238908","0.5446823608803358","0.2407","0.5","0.7922333288990623","0.5708384930402403","0.47904191616766467","0.5817386943120182","0.7114433921681319","0.6425736951495813","0.538991519390436"
"0.5496681363490867","10","3","Tennessee, Coffee","-86.0731,35.4909","0.7544952494713871","0.202325581395349","0.5943005233879282","0.3429","1.0","0.4911779531988354","0.4074226002845556","0.43113772455089816","0.560557323866868","0.4631464878419271","0.38417629404108233","0.4172637656306927"
"0.5496110659950549","10","9","Arkansas, Ashley","-91.7698,33.1915","0.6250066008687146","0.0923694779116466","0.4846370150822093","0.49","0.75","0.610486779204959","0.6229999667327797","0.39520958083832336","0.6075890184122873","0.5191922367576652","0.5297267654068774","0.5031914427509492"
"0.5495433714237641","7","5","Minnesota, Mahnomen","-95.8092,47.3256","0.7600672259645981","0.395604395604396","0.44437760342409394","0.7679","0.32499999999999996","0.42209023252660954","0.6341599558867487","0.19161676646706588","0.5648909983668218","0.6165259394466956","0.5953401041160138","0.41884055969861295"
"0.5495285247403826","10","9","Kentucky, Lincoln","-84.6565,37.4548","0.6064774919183742","0.178832116788321","0.5375491475668767","0.4623","0.75","0.7986013047908057","0.28773026439851446","0.43712574850299407","0.5670390838965326","0.5512130604126565","0.5904774166012757","0.562921489790062"
"0.5495203953055695","9","3","North Carolina, Davie","-80.545,35.931","0.6362857518141033","0.151558073654391","0.5557827572608297","0.3356","1.0","0.7283659930549282","0.4918723294611766","0.44311377245508987","0.6151952376728468","0.4273149997515335","0.33260903713821577","0.5453147963250891"
"0.5493698210977408","10","6","Pennsylvania, Dauphin","-76.7799,40.4138","0.5710826371127434","0.0959908361970218","0.703014114032812","0.6562","1.0","0.7607330979588356","0.5403813087437285","0.4610778443113772","0.5380992168517501","0.36511571004788956","0.19995019832861616","0.33369852513276355"
"0.5493251523591789","9","9","Georgia, Putnam","-83.3755,33.3206","0.6395399449922424","0.072632944228275","0.5344186238327027","0.2719","0.75","0.7922333288990623","0.5948183823458437","0.4970059880239522","0.6710290464557254","0.4385830439420605","0.4074877636494064","0.5478437854924791"
"0.5492782068451377","9","3","Georgia, Houston","-83.6688,32.458","0.5732175615967718","0.0695981362842167","0.6514690198645064","0.4031","1.0","0.7922333288990623","0.6104168768756529","0.4970059880239522","0.43472072581226856","0.3777721248851859","0.3844767754289793","0.4938795472811492"
"0.5492532532137947","10","5","Virginia, Scott","-82.6017,36.7147","0.6700285631470001","0.257352941176471","0.5343633892506003","0.8262","0.675","0.7697111946822568","0.21691228247955574","0.4251497005988024","0.6661358670949733","0.42364364792061415","0.5248017046898956","0.0"
"0.549210948757665","10","9","Texas, Cochran","-102.8284,33.6043","0.7824748334742592","0.271604938271605","0.3825298882739105","0.3598","0.5","0.8066953714640763","0.5708272629728521","0.2275449101796407","0.5166605513962695","0.43054393529384494","0.8101966499898084","0.3366974741579177"
"0.5491743356415607","10","2","Georgia, Macon","-84.0423,32.3521","0.41625210776338933","0.0247933884297521","0.42647695604398733","0.9201","0.5","0.7922333288990623","0.6858742368020876","0.502994011976048","0.5357771420024626","0.49489394495033523","0.7521333754645138","0.40233847151532526"
"0.5491086354036518","10","2","Kentucky, Breckinridge","-86.4289,37.7738","0.5675594343346044","0.171428571428571","0.482278351447898","0.7498","0.675","0.7986013047908057","0.3594832084565207","0.5269461077844312","0.5938927650957907","0.3840232558104634","0.5194544440058808","0.5395312672061208"
"0.5489626507049782","9","6","Texas, Johnson","-97.3662,32.3788","0.5700225825494152","0.0750145942790426","0.6165468097744404","0.5431","1.0","0.8066953714640763","0.4677232552160608","0.44910179640718567","0.47793802351369025","0.3668924233112149","0.3753211160176685","0.5923011691896586"
"0.5489093282198154","10","6","Oregon, Multnomah","-122.4169,45.5475","0.5450832378365589","0.117840375586854","0.7841934091665446","0.9271","1.0","0.7438233614458837","0.551834012384599","0.3233532934131737","0.44674408486908573","0.2088731806478489","0.22408366196340423","0.45946663294465595"
"0.5488872765105797","10","6","Michigan, Saginaw","-84.0513,43.3343","0.5795337933550742","0.0911782119597395","0.6699899514293661","0.6399","1.0","0.5192862589944978","0.5779169518920929","0.4191616766467066","0.5837920978957992","0.39800467926512473","0.3718891365380887","0.373453228706029"
"0.5488714090953662","9","9","Missouri, Stoddard","-89.9444,36.8557","0.749089966473862","0.23209549071618","0.5242217733986027","0.2445","0.75","0.6898109656793697","0.31118869931105364","0.4970059880239522","0.6095051758860066","0.4727430243507284","0.5214467530872616","0.503395144824716"
"0.5488567648719969","10","6","New Jersey, Hudson","-74.0752,40.7377","0.5447671910592509","0.0383783535042106","0.8556325871481312","0.8434","1.0","0.5465970409188426","0.5869882546909269","0.4131736526946108","0.41269877075759065","0.19142243575055343","0.40437104134543966","0.4506372463872687"
"0.5486620772057563","9","4","Georgia, Rabun","-83.403,34.8839","0.6082505264436575","0.0825242718446602","0.5467397587988483","0.462","1.0","0.7922333288990623","0.3221341196558434","0.34730538922155696","0.7294045360146626","0.39737678325144893","0.483881492853545","0.4306242086910233"
"0.548647483011098","10","5","Georgia, Dooly","-83.7975,32.1563","0.5107878420742368","0.0362116991643454","0.5232783811967191","0.8727","0.5","0.7922333288990623","0.5967221179972036","0.49101796407185627","0.5878652729484978","0.48200063227911977","0.7172003854785012","0.0"
"0.548624095136366","9","9","Missouri, Ripley","-90.8599,36.6546","0.7313467576273093","0.325581395348837","0.4711394086507404","0.3432","0.5","0.6898109656793697","0.3026232239024452","0.43113772455089816","0.6151952376728468","0.5949813244848856","0.6639197427656472","0.5092719395101041"
"0.5485729410051056","10","5","Virginia, Brunswick","-77.8593,36.7637","0.6297440349601514","0.0955882352941176","0.5073668593064985","0.7415","0.5","0.7697111946822568","0.6274756452666891","0.37724550898203596","0.6226493223021841","0.522401149077772","0.5666578778989461","0.0"
"0.548504006932196","10","6","Texas, Tom Green","-100.4624,31.4046","0.5575878325284095","0.0648931882305522","0.6028198115552039","0.8851","1.0","0.8066953714640763","0.48638091971341646","0.29940119760479045","0.5092312328105775","0.2931807426463982","0.35776045565622605","0.3786283595309222"
"0.5485017889864359","10","2","Texas, Freestone","-96.1507,31.7042","0.5052507865859591","0.0410958904109589","0.487489623485426","0.7294","0.675","0.8066953714640763","0.6452023937934042","0.4191616766467066","0.6037268925796017","0.4323546942021662","0.5297655215713784","0.4876025538346201"
"0.5484458186861373","10","9","Kentucky, Clinton","-85.1338,36.7258","0.7230574658149413","0.259067357512953","0.46633338552632025","0.7125","0.5","0.7986013047908057","0.1710918948944284","0.40119760479041916","0.595880459448231","0.480428376787292","0.5972855424609511","0.39015364316887724"
"0.5482122864199171","10","4","Ohio, Holmes","-81.9264,40.5616","0.6421476729164252","0.21415270018622","0.5452994753228445","0.7994","0.75","0.7247088387345686","0.03990799216286234","0.5089820359281437","0.45839165180163993","0.2996204044527994","0.7594579272161653","0.5088794444915352"
"0.5481922484790562","7","7","California, Shasta","-122.0397,40.7639","0.695553719268415","0.42797118847539","0.5897231316520465","0.815","0.675","0.6302607543856039","0.4672811985320399","0.3233532934131737","0.6170727822364962","0.26185218920596576","0.3241670967187941","0.39164553487070275"
"0.5480841513857018","9","9","Georgia, Irwin","-83.275,31.6021","0.6388325182669384","0.069164265129683","0.4964275082351244","0.3849","0.5","0.7922333288990623","0.5108383439259592","0.4550898203592814","0.5918944128138512","0.559528012087242","0.7254530262569382","0.40604802302324994"
"0.5480602436399886","6","5","South Dakota, Mellette","-100.7563,43.5808","0.7465774172450178","0.25","0.3416433068524034","0.8711","0.0","0.7704699034685317","0.614886794827572","0.11976047904191617","0.5092312328105775","0.7072417264013665","0.9249760589849445","0.0"
"0.5479668240159914","10","3","South Carolina, Kershaw","-80.5876,34.3399","0.6853254151686539","0.102651839178785","0.5330956429762367","0.071","1.0","0.7732051260133426","0.5728237431396641","0.43712574850299407","0.5712984652022484","0.40850145714233593","0.47332358696538146","0.48914414549332447"
"0.5479657969043343","10","6","Florida, Alachua","-82.3593,29.6787","0.6738692543182782","0.0956411341515023","0.6746504647290232","0.8937","1.0","0.4454391386730797","0.539464482710463","0.3173652694610779","0.46408171358848016","0.2569048170651095","0.3589543877488857","0.33303696891322926"
"0.5479268728297806","10","6","Indiana, Monroe","-86.5241,39.1613","0.6349190879100154","0.114935269971582","0.6737255438187925","0.8921","1.0","0.5484650550776322","0.3631053359671794","0.44311377245508987","0.43472072581226856","0.24944564164187338","0.36703068797884303","0.4652275857194959"
"0.5478725047698035","9","3","Mississippi, Madison","-90.0351,32.6339","0.6641086861618043","0.0882432068872747","0.6068587605507838","0.2693","1.0","1.0","0.6004947981948573","0.4610778443113772","0.4437744133187831","0.3009378647178681","0.1511406847560257","0.6208572498494012"
"0.5476844420892976","10","5","Colorado, Alamosa","-105.7885,37.5725","0.6096685793958406","0.119718309859155","0.5541025284735582","0.9943","0.675","0.8662658896035598","0.5364962417269621","0.09580838323353291","0.452613368495235","0.26008755272116346","0.6048297932201178","0.4450423304458247"
"0.5476252316690273","9","3","North Carolina, Brunswick","-78.2281,34.0706","0.6213336723974262","0.151139742319128","0.5728716242726405","0.3419","1.0","0.7283659930549282","0.5535867203661021","0.37724550898203596","0.7612552360903706","0.32263576591818605","0.29106824221779254","0.5349645056153137"
"0.5475959215461864","10","5","Texas, Shelby","-94.1455,31.7921","0.6126244525742224","0.0985130111524164","0.5145915274185971","0.5294","0.75","0.8066953714640763","0.6236098535457156","0.407185628742515","0.5539608364828539","0.33042689336998965","0.7482612712918193","0.0"
"0.5475860397229952","9","6","Pennsylvania, Mercer","-80.2582,41.3025","0.5179944864108614","0.125850340136054","0.5977753194524603","0.8446","1.0","0.7607330979588356","0.3769896943386353","0.4131736526946108","0.6317620454190964","0.3903571716263101","0.28796544791044326","0.3671153620837363"
"0.5474878997244411","10","5","West Virginia, Fayette","-81.0829,38.0297","0.5689832723300495","0.0893854748603352","0.5303581049603335","0.7584","0.75","0.590915881821042","0.3661073021714392","0.38323353293413176","0.613308186513927","0.6150115273632629","0.5349873091728211","0.4682519667265284"
"0.5474815363003803","7","5","Minnesota, Beltrami","-94.9373,47.9737","0.7071911088122802","0.269588313413015","0.5210281953163146","0.9522","0.675","0.42209023252660954","0.6165620053017253","0.21556886227544908","0.5166605513962695","0.37611814968829504","0.4311453742519304","0.42874780852190475"
"0.5473647433262292","10","9","Oklahoma, Blaine","-98.4331,35.8752","0.6826704779493664","0.188888888888889","0.43352513757516586","0.5543","0.5","0.9523454485741492","0.6763185792978026","0.3233532934131737","0.579673914473061","0.4654317205661153","0.3654332073233164","0.3811147020744417"
"0.5471759747395687","9","3","Alabama, St. Clair","-86.3103,33.719","0.6777305481296536","0.110589085652331","0.5671056264562776","0.2502","1.0","0.5802035115828437","0.46801392561998195","0.5389221556886228","0.5334405085950897","0.4398145518905239","0.3809133883291382","0.6629302058636618"
"0.5470713673891068","7","7","Montana, Hill","-110.1129,48.6288","0.9005143300471036","0.583025830258303","0.4560992101532638","0.6122","0.25","0.6163905315403087","0.5807848193313946","0.18562874251497005","0.4939129750014257","0.46002915001245664","0.42592128550322034","0.42925327611976605"
"0.5470537377065061","10","6","New Jersey, Union","-74.3068,40.6584","0.5703364802337404","0.0448447271366722","0.8224708523930072","0.7905","1.0","0.5465970409188426","0.6148609654283366","0.44311377245508987","0.4833394486037307","0.18079778268682717","0.29588926685569183","0.42467805567422584"
"0.547005751532816","10","6","Virginia, Williamsburg City","-76.7091,37.2813","0.500024078918758","0.0637254901960784","0.7300883356432556","0.8348","1.0","0.7697111946822568","0.5483841542047659","0.34131736526946105","0.5067215141840639","0.28059481398687913","0.32261999907711886","0.44282314943492884"
"0.5469323836929624","10","9","Missouri, Madison","-90.3467,37.4787","0.8132942593686114","0.280373831775701","0.4650436133866982","0.574","0.575","0.6898109656793697","0.24060077187417905","0.4191616766467066","0.5918944128138512","0.5219991541076261","0.4557044290181453","0.26003441665214844"
"0.5468628543279853","10","6","Pennsylvania, Lehigh","-75.5944,40.6155","0.5069779221901767","0.0554918972008512","0.7216218181982649","0.7221","1.0","0.7607330979588356","0.5125463853740819","0.49101796407185627","0.540406913436432","0.33470673285068553","0.27128806476058204","0.37234789674642554"
"0.546691081489566","10","5","Louisiana, De Soto","-93.7413,32.0546","0.6230242924656324","0.0628166160081054","0.5202687623012356","0.7128","0.675","0.3163258823370422","0.7001198322327494","0.4131736526946108","0.5561726637917245","0.5090614491479385","0.57263395735199","0.5382265591883038"
"0.5465807927990872","10","5","Georgia, Taylor","-84.2508,32.5579","0.5169960410488842","0.0355555555555556","0.48599647687013814","0.9","0.5","0.7922333288990623","0.5829542150283571","0.49101796407185627","0.5938927650957907","0.4486714010665662","0.7272258785568319","0.0"
"0.546527969910761","10","3","South Carolina, Lexington","-81.2715,33.8967","0.6296914413165515","0.0831359545239223","0.6191180988058298","0.4693","1.0","0.7732051260133426","0.5485395154466849","0.4191616766467066","0.5117241638959221","0.33473884257542963","0.28479931149673765","0.51043261690104"
"0.5464656464443242","10","5","Arkansas, Johnson","-93.4604,35.5676","0.6177146522293951","0.0616365568544102","0.5393327637599826","0.7625","0.75","0.610486779204959","0.41718265715132735","0.407185628742515","0.5357771420024626","0.47359286981742826","0.5449087661720694","0.4294981294052314"
"0.5464159749170728","10","5","Louisiana, Evangeline","-92.3992,30.7299","0.5439629990057422","0.0296671490593343","0.5253784613749448","0.9694","0.75","0.3163258823370422","0.5885109880079915","0.37724550898203596","0.504194780386106","0.6032580804144493","0.662890766598145","0.3165082926373459"
"0.5463706709152703","10","3","Georgia, Douglas","-84.7703,33.7029","0.5996033115076678","0.0694550063371356","0.6842960764772451","0.2267","1.0","0.7922333288990623","0.6442085586384686","0.502994011976048","0.39613196301134124","0.31902006695018964","0.4261282676442587","0.6083706618130518"
"0.5463690126046278","10","5","Arkansas, Nevada","-93.3063,33.6634","0.695659993047041","0.12406015037594","0.4578035112156315","0.8227","0.5","0.610486779204959","0.5917685492036653","0.4191616766467066","0.6170727822364962","0.4765962979860293","0.5328430032587879","0.0"
"0.5463348923375487","10","9","Kentucky, Webster","-87.6799,37.5217","0.7304276023994639","0.241992882562278","0.4573819291741041","0.7112","0.5","0.7986013047908057","0.38954680745813286","0.5149700598802395","0.5539608364828539","0.4805413358616846","0.4759184332917391","0.0"
"0.5462749646796541","10","4","Nebraska, Dodge","-96.656,41.5807","0.7235999987085661","0.123045547246771","0.5449688496070592","0.5737","1.0","0.603814206971114","0.38878662867857566","0.3592814371257485","0.5938927650957907","0.36112482556276954","0.2986834652032016","0.4673242197132345"
"0.5461741164194686","10","4","Iowa, Black Hawk","-92.3052,42.4705","0.6952164301643657","0.101219276175731","0.7228965534919621","0.6663","1.0","0.5124529061342115","0.4763197515286527","0.38323353293413176","0.5239446622367122","0.32745921242557857","0.2202609719004485","0.41131630218575893"
"0.5461602008219846","10","5","Arizona, Coconino","-111.7707,35.8388","0.6648099854280908","0.0944715102732472","0.4990707842492519","0.9713","0.675","0.7690982121439038","0.6868968234167828","0.155688622754491","0.4159255598121659","0.24583968243854948","0.463969544437031","0.46990512463156414"
"0.54608236621102","10","6","Texas, Brazoria","-95.4456,29.1876","0.5206619119301427","0.031704868663209","0.6151855392361406","0.7867","1.0","0.8066953714640763","0.5842043937581789","0.502994011976048","0.4061601502796258","0.24325887429318718","0.2787388162728899","0.5691704124012849"
"0.5459745274315156","10","9","Virginia, Buchanan","-82.0375,37.2682","0.6498199662343553","0.252136752136752","0.49867924852985157","0.673","0.5","0.7697111946822568","0.2759321079652842","0.38922155688622756","0.6299572389493907","0.4427818464210113","0.6640563582455132","0.4614474991202915"
"0.5459083038933935","10","5","Florida, Glades","-81.19,26.9564","0.6492891211563301","0.0647359454855196","0.47917760493135736","0.738","0.5","0.4454391386730797","0.7500058543477229","0.24550898203592814","0.7152857337854508","0.5228444705163868","0.7720012387439079","0.0"
"0.5457567972905638","10","6","New Jersey, Camden","-74.9639,39.8034","0.5613225199446817","0.0656206737425011","0.7705851214344583","0.6301","1.0","0.5465970409188426","0.5867329277979207","0.5149700598802395","0.5117241638959221","0.3421522112418931","0.27740027524143585","0.4111630579767575"
"0.5457227206303508","10","4","North Carolina, Pender","-77.9035,34.5227","0.6374033224414783","0.132377740303541","0.5262215136738666","0.5269","0.75","0.7283659930549282","0.5963966609713282","0.38323353293413176","0.5691748594129424","0.40022459595300786","0.4189981022801826","0.5246431466870609"
"0.5457174514859862","10","5","Virginia, Smyth","-81.5334,36.8446","0.5842064251382528","0.0865874363327674","0.5745982640782249","0.83","0.675","0.7697111946822568","0.26553978705888404","0.34730538922155696","0.6353456481032828","0.4465077042570615","0.5139676611296623","0.5193654280637647"
"0.5457030967323903","10","6","New York, Rockland","-74.0256,41.1503","0.6812801109857557","0.0672645739910314","0.8052237494334107","0.9074","1.0","0.30357014148943134","0.5247973452474197","0.40119760479041916","0.5191044408593759","0.14551207507725952","0.2389671191489243","0.47736733729746217"
"0.5456815815013931","9","9","Texas, Young","-98.6879,33.1766","0.7668015308200778","0.263829787234043","0.504369562279645","0.2967","0.75","0.8066953714640763","0.3982841179330829","0.311377245508982","0.6151952376728468","0.44926193315397206","0.43879499333333416","0.4028451735085155"
"0.5456091176995869","10","3","Tennessee, Loudon","-84.3115,35.7394","0.7169904980387883","0.162622950819672","0.6068426659668061","0.3407","1.0","0.4911779531988354","0.32507171527838513","0.4550898203592814","0.7094849659803716","0.4092621301561034","0.3226942413547411","0.5720055168870094"
"0.5455941428669923","10","5","Arkansas, Bradley","-92.1598,33.4676","0.5188409900244253","0.0308988764044944","0.4144922813890364","0.8924","0.5","0.610486779204959","0.7041861833442915","0.407185628742515","0.5878652729484978","0.5849385731275676","0.595455161479376","0.4207299846756994"
"0.54557802359534","10","2","Georgia, Berrien","-83.2253,31.2759","0.5015420581848081","0.0355648535564854","0.4980106957906993","0.4887","0.75","0.7922333288990623","0.4911174119770505","0.4670658682634731","0.5627304600978258","0.5036338356048613","0.7853821678769289","0.4184279083831711"
"0.5455211868552666","10","6","Pennsylvania, Lancaster","-76.2477,40.039","0.5497704395300915","0.0783850652271705","0.6577561852511286","0.7485","1.0","0.7607330979588356","0.3912016975961974","0.49101796407185627","0.560557323866868","0.27905743667539457","0.27948123904911265","0.4741825195652494"
"0.545511534730326","7","9","Idaho, Clearwater","-115.6622,46.6746","0.7597778246627018","0.475","0.4237321845763967","0.6409","0.5","0.771056031651189","0.39749796801887166","0.34730538922155696","0.7181526079808993","0.3330828932560939","0.406604001985769","0.287237091563087"
"0.5455092170615922","7","7","Indiana, Parke","-87.2038,39.772","0.737878470789974","0.407894736842105","0.5174656963219091","0.8698","0.575","0.5484650550776322","0.37357936516734885","0.48502994011976047","0.5858342498966352","0.3423660366388384","0.47268132465179097","0.0"
"0.5455014721466677","10","6","Michigan, Ionia","-85.0741,42.945","0.6419673215872834","0.3","0.5608254118911237","0.8306","0.75","0.5192862589944978","0.4597235957019572","0.4550898203592814","0.4833394486037307","0.3598751018647568","0.29669067166976454","0.6968395775600497"
"0.5452842038609631","7","7","South Dakota, Beadle","-98.2786,44.4146","0.8320833733960701","0.202448210922787","0.4920106801067116","0.6555","0.675","0.7704699034685317","0.38447770885207777","0.19161676646706588","0.5494974081927578","0.3243563970885881","0.3266559691578443","0.5300703519537843"
"0.5452568776872471","10","2","Colorado, Las Animas","-104.0376,37.3153","0.5525412580256465","0.431818181818182","0.4508995292044054","0.8351","0.675","0.8662658896035598","0.528093941496823","0.10778443113772454","0.6694051144412375","0.3721179615571259","0.4650263765977683","0.49751098215747314"
"0.5451101297313148","9","3","Pennsylvania, Lawrence","-80.3339,40.9921","0.5839881157905157","0.204836415362731","0.5971418663841236","0.5253","1.0","0.7607330979588356","0.30967825399415944","0.502994011976048","0.6388951207196634","0.432099496668541","0.2824485078937224","0.4043955377773715"
"0.5450779997313219","10","9","Indiana, Cass","-86.3483,40.7614","0.7209938504992395","0.0829931972789116","0.5682286882376971","0.5088","0.75","0.5484650550776322","0.40553027754759174","0.5389221556886228","0.560557323866868","0.47527133392119103","0.4483935630370832","0.33065074875456524"
"0.544991378614142","10","6","Florida, Escambia","-87.3728,30.6765","0.5799512559856325","0.039340980829933","0.6850112089118844","0.6896","1.0","0.4454391386730797","0.637678437438885","0.4131736526946108","0.540406913436432","0.39943277934094895","0.3566198132897553","0.35096331702426453"
"0.5449576303656688","10","5","Oregon, Klamath","-121.6496,42.6876","0.5615135447362648","0.239294710327456","0.5017121158484507","0.8561","0.675","0.7438233614458837","0.4797995263657941","0.281437125748503","0.6226493223021841","0.36694456037345374","0.5015874888318662","0.5189713233006689"
"0.5449166212634825","9","3","South Carolina, Lancaster","-80.7051,34.6827","0.6094124694854567","0.0796387520525452","0.5479739690648922","0.3216","1.0","0.7732051260133426","0.5398657459278837","0.4670658682634731","0.6207997313712245","0.3732087483334407","0.371021604018336","0.46673284612205046"
"0.544907442243036","9","3","Ohio, Mahoning","-80.7729,41.0163","0.5698695714360154","0.096439585085506","0.6418249846940678","0.4422","1.0","0.7247088387345686","0.48419150323875465","0.502994011976048","0.6189409155096902","0.39787709262914656","0.35059153412764904","0.3502408519904658"
"0.5448263823789239","9","5","Georgia, Brooks","-83.583,30.8392","0.536847896013037","0.0330882352941176","0.5395327383560673","0.6097","0.5","0.7922333288990623","0.600464037478614","0.4610778443113772","0.6017807168377609","0.4028784412837656","0.6910903574541609","0.5058169148721781"
"0.5447967046502751","10","4","Virginia, Tazewell","-81.5669,37.1219","0.5978696506247281","0.182254196642686","0.5661206282577655","0.6845","0.75","0.7697111946822568","0.31119525999135617","0.3592814371257485","0.6317620454190964","0.44808788625105295","0.5280200408126635","0.3509581814106685"
"0.5447119610894502","10","2","Texas, Jasper","-94.0267,30.7469","0.46566652984216705","0.0473372781065089","0.5314221127886637","0.6711","0.75","0.8066953714640763","0.5860600004385447","0.38922155688622756","0.5998243249034969","0.4346505281993702","0.6004395675732501","0.5033021754116506"
"0.5446070740797464","9","9","Missouri, Dent","-91.5079,37.6066","0.733483378832076","0.356521739130435","0.5073748606082964","0.4123","0.675","0.6898109656793697","0.3133352438137789","0.38323353293413176","0.6406572602088578","0.3629988955449244","0.6069246850244122","0.4079673310753022"
"0.5445782090492883","10","5","Louisiana, Union","-92.3749,32.8312","0.6317862241158384","0.0508953817153629","0.49254443367837825","0.8647","0.675","0.3163258823370422","0.5992924671730491","0.407185628742515","0.6075890184122873","0.4886716877266044","0.49812087103026365","0.5057687457373751"
"0.5445336060894037","10","5","Texas, Pecos","-102.7241,30.781","0.6099046620651931","0.0754716981132075","0.44762217299577256","0.9691","0.675","0.8066953714640763","0.5142423181040102","0.23952095808383234","0.44674408486908573","0.3793394400150199","0.5428832721248347","0.44604990848265696"
"0.5443852739433677","9","9","Tennessee, White","-85.4559,35.9293","0.7471468830849618","0.149532710280374","0.5439310884505895","0.376","0.75","0.4911779531988354","0.34567501402729844","0.38922155688622756","0.6151952376728468","0.5375372744952172","0.5801125648575329","0.4666633437019124"
"0.54437303892612","10","5","North Carolina, Tyrrell","-76.1706,35.8715","0.5858060425940084","0.0573770491803279","0.49121698638664596","0.8602","0.5","0.7283659930549282","0.6978991247622636","0.29341317365269465","0.6424111072462477","0.47251095331457516","0.6254420170839596","0.0"
"0.5441007692593278","9","9","Tennessee, Monroe","-84.249,35.4455","0.7040138284897297","0.148597422289613","0.5529141734208608","0.3416","0.825","0.4911779531988354","0.37570236661210427","0.4610778443113772","0.626321192473144","0.44163539250763156","0.5840287541673473","0.5349373133623344"
"0.544071053415645","10","4","Nebraska, Madison","-97.6005,41.9168","0.7197434506178845","0.159433962264151","0.5606336278489829","0.6848","1.0","0.603814206971114","0.43903598830009594","0.3173652694610779","0.5191044408593759","0.33112315942266907","0.26432128085248063","0.40322917260595853"
"0.5440661382835613","10","3","Alabama, Marshall","-86.3049,34.3698","0.6252739493916244","0.0519633200094051","0.5903284664112379","0.3149","1.0","0.5802035115828437","0.4474968700103158","0.5269461077844312","0.5539608364828539","0.43553706150300325","0.536395369074349","0.45178394442343595"
"0.5439564985837545","9","7","Illinois, Fulton","-90.2086,40.4729","0.7306292724616126","0.462915601023018","0.5456214037763634","0.5126","0.75","0.48583792883850596","0.4415107659773196","0.49101796407185627","0.6114115319998742","0.28613333399775476","0.3955064165069287","0.443571810925576"
"0.5438564001801381","10","4","Michigan, St. Joseph","-85.528,41.9144","0.6710468627212092","0.192864030858245","0.5823557908902991","0.5756","0.825","0.5192862589944978","0.3853207489110823","0.5748502994011976","0.5561726637917245","0.3975074261614213","0.3786593540243614","0.45880657568999333"
"0.543681365311941","9","9","Tennessee, Cocke","-83.1183,35.9279","0.6864107714621432","0.144578313253012","0.5805042608961675","0.2127","0.825","0.4911779531988354","0.37254869461136536","0.39520958083832336","0.624489779413553","0.6306470592742186","0.6379152041765581","0.47501689741675496"
"0.5436780596625604","10","5","Kentucky, Leslie","-83.38,37.0925","0.6342475983964179","0.21551724137931","0.44377216051584834","0.8911","0.5","0.7986013047908057","0.1024180480448909","0.38922155688622756","0.5539608364828539","0.6143743865206966","0.582451983837226","0.4533957040455145"
"0.5436011830330172","10","9","West Virginia, Mingo","-82.1334,37.7305","0.7083567998030883","0.207171314741036","0.5223698183418272","0.6457","0.5","0.590915881821042","0.21921141323577292","0.407185628742515","0.5670390838965326","0.681203005983358","0.5762276227053474","0.4213693526161617"
"0.5433672982115187","10","3","Indiana, Allen","-85.068,41.0919","0.6613585778503287","0.146451033243486","0.673939844871029","0.3878","1.0","0.5484650550776322","0.5136768651389199","0.5748502994011976","0.4833394486037307","0.3697772156014267","0.31640423696923886","0.3944326014664909"
"0.543325715245901","10","4","Pennsylvania, Cambria","-78.7138,40.4953","0.5868345186453346","0.256556442417332","0.607878214358211","0.667","0.825","0.7607330979588356","0.29025875083821634","0.5149700598802395","0.6441567395133083","0.37893714440163756","0.30915235302602684","0.39624112555057234"
"0.543268607957949","10","5","Georgia, Telfair","-82.9349,31.9283","0.6082409459282018","0.0747663551401869","0.5229811293557157","0.8672","0.5","0.7922333288990623","0.5901929561483908","0.4670658682634731","0.5561726637917245","0.3939553555547894","0.5430707550706082","0.0"
"0.5431212242576903","9","9","Missouri, Barry","-93.8292,36.7098","0.7239307890792953","0.25035360678925","0.520615865397546","0.3384","0.675","0.6898109656793697","0.3066029189081109","0.407185628742515","0.6170727822364962","0.46931064597336203","0.5588235614710919","0.5423783174395483"
"0.5431186043844224","9","7","Iowa, Dubuque","-90.8818,42.4682","0.8100544935794091","0.200820557115094","0.704524656405088","0.5352","1.0","0.5124529061342115","0.3557295002597343","0.4251497005988024","0.5561726637917245","0.26947795940600805","0.11982001152753667","0.36981728835220845"
"0.5430509982929524","10","6","Kentucky, Campbell","-84.3788,38.9438","0.5783495476642201","0.139252336448598","0.6986316839610048","0.6778","1.0","0.7986013047908057","0.3028806581392557","0.5209580838323353","0.5092312328105775","0.35653466872122713","0.1656000041662877","0.4847996097111262"
"0.5429626533919638","9","4","Indiana, Kosciusko","-85.8631,41.2452","0.7022792977113307","0.193454120397428","0.6024406941897914","0.6202","0.825","0.5484650550776322","0.2728456246362564","0.5868263473053893","0.5310891329236117","0.38481091824270724","0.274593117801421","0.5766739454913951"
"0.5429026965709774","9","9","Virginia, Russell","-82.101,36.9303","0.7116788246430985","0.293398533007335","0.5552647547423288","0.2646","0.75","0.7697111946822568","0.21754013597070743","0.38323353293413176","0.6189409155096902","0.5188001389785573","0.5659720149002919","0.4326493826156805"
"0.5428129681243891","10","6","Michigan, Kent","-85.5493,43.032","0.6517473163273269","0.149477436603743","0.7348699018351841","0.6501","1.0","0.5192862589944978","0.541240828653296","0.5089820359281437","0.4555137084840577","0.25067502319368135","0.19888428269182393","0.4430061053079792"
"0.5427764377437174","10","6","North Carolina, New Hanover","-77.8708,34.2576","0.5990358127037331","0.0890886800163466","0.7217696083090198","0.6205","1.0","0.7283659930549282","0.542926834316164","0.3233532934131737","0.5517358041566147","0.24563151883447426","0.29979346597711376","0.41699016393494787"
"0.5427717839347983","10","4","Missouri, Pike","-91.1698,39.3431","0.6408566822230394","0.158940397350993","0.5002474180701072","0.6794","0.675","0.6898109656793697","0.412099873984616","0.44311377245508987","0.5539608364828539","0.473886264231446","0.4117318058882968","0.5275689163202099"
"0.5427188680796602","10","9","Washington, Pend Oreille","-117.2742,48.5323","0.6751432067351922","0.362204724409449","0.47878058851711813","0.5683","0.5","0.9576955189784127","0.43721382568952255","0.3592814371257485","0.7050743605672205","0.4133396099483631","0.3174835961505924","0.35571306995213836"
"0.5426971670394123","10","9","Kentucky, Owsley","-83.6881,37.4282","0.7175810793055531","0.304347826086957","0.37597256017163133","0.7348","0.5","0.7986013047908057","0.1907248129738232","0.38922155688622756","0.5817386943120182","0.6966930430497419","0.569836004501044","0.0"
"0.5426441240773194","10","4","Michigan, Branch","-85.0593,41.916","0.6371986496368353","0.143415906127771","0.5918130904245337","0.7896","0.75","0.5192862589944978","0.366264650835638","0.5269461077844312","0.5734100391661536","0.3968354996901979","0.37050396699621924","0.4673747198376966"
"0.5425934769889091","10","6","Illinois, DeKalb","-88.7696,41.8937","0.6720989300828434","0.166023166023166","0.6105283899448761","0.6848","1.0","0.48583792883850596","0.47357106298230295","0.5449101796407185","0.42544161229202965","0.24057066951392522","0.30856810384617384","0.4898632141682804"
"0.5425904447375682","10","4","West Virginia, Harrison","-80.3792,39.2854","0.6443233999904643","0.28892455858748","0.601923970773734","0.5425","1.0","0.590915881821042","0.2675612644779924","0.39520958083832336","0.5918944128138512","0.5029580472559054","0.34210066405054484","0.3840919158366153"
"0.5425437910638256","9","5","North Carolina, Washington","-76.573,35.8381","0.5715714969011687","0.0759493670886076","0.525934745746921","0.5033","0.5","0.7283659930549282","0.7148445378787552","0.33532934131736525","0.667774075480636","0.5217547504317807","0.6227628760998122","0.3896552849807935"
"0.5424745646176872","7","7","Montana, Pondera","-112.2253,48.2277","0.8320898172203878","0.511278195488722","0.39773469564545544","0.8803","0.32499999999999996","0.6163905315403087","0.5016692627463122","0.17964071856287425","0.6151952376728468","0.39433689144382933","0.41175481736096925","0.2460925239063258"
"0.54247247402176","10","5","Missouri, McDonald","-94.3487,36.6287","0.6610763195708268","0.0591715976331361","0.5117043229530747","0.68","0.75","0.6898109656793697","0.5280030450934311","0.40119760479041916","0.5092312328105775","0.39139104738641495","0.6372911088150776","0.0"
"0.5424248798128329","10","9","South Carolina, Fairfield","-81.1196,34.3929","0.6264909618461644","0.0620525059665871","0.4282082368170098","0.4581","0.675","0.7732051260133426","0.6312723771179514","0.4251497005988024","0.613308186513927","0.5947413581482636","0.5840723548524112","0.0"
"0.5423457564908868","10","3","Texas, Montgomery","-95.5057,30.3008","0.6191549815391159","0.105126541207008","0.6777140173612115","0.5221","1.0","0.8066953714640763","0.5064801326597558","0.502994011976048","0.4437744133187831","0.22290356380719767","0.26957601119374924","0.45326741980793733"
"0.5423083585490074","7","5","North Dakota, Sioux","-101.044,46.1132","0.8165439190210575","0.206572769953052","0.3374522693487823","0.7673","0.5","0.10985976568982879","0.7191912923815573","0.12574850299401197","0.25833027569813477","0.9228169908726291","0.8935092023484782","0.0"
"0.5422330048486776","10","5","Virginia, Lunenburg","-78.2413,36.9462","0.561730786807307","0.121428571428571","0.4882602997227735","0.9449","0.5","0.7697111946822568","0.6256779781846928","0.3712574850299401","0.6371246099900815","0.4435578142519327","0.5323819260142397","0.0"
"0.5420339350316883","10","4","North Carolina, Granville","-78.6518,36.3034","0.6143171682116647","0.0665269774751179","0.5625221454705592","0.517","0.75","0.7283659930549282","0.66148971861807","0.44910179640718567","0.540406913436432","0.36437953126200623","0.4037806154018693","0.4586421299566638"
"0.542000557357953","10","5","California, Tulare","-118.802,36.2203","0.5740882179764036","0.0421144859813084","0.6123668999562277","0.6371","0.575","0.6302607543856039","0.46964912849917617","0.8862275449101797","0.3927283612037091","0.3133814773322623","0.6121459881737986","0.3797380491635831"
"0.5419763820199057","10","9","Arkansas, Little River","-94.2347,33.7038","0.6698096190946432","0.0968523002421307","0.5085278785634111","0.4187","0.575","0.610486779204959","0.6815773264798503","0.4251497005988024","0.626321192473144","0.5487159469129428","0.4185533752925334","0.47744475573100986"
"0.5417768963255859","10","6","Florida, Monroe","-81.0781,25.209","0.6307591972656122","0.0878477306002928","0.6178750471711969","0.9777","1.0","0.4454391386730797","0.4627492311333948","0.29940119760479045","0.6424111072462477","0.21522874650870125","0.25014754592938554","0.4808746626777004"
"0.5415903185642129","10","5","North Carolina, Jones","-77.3587,35.0225","0.5459755363864629","0.069364161849711","0.4978043762068292","0.6568","0.5","0.7283659930549282","0.6734642397914852","0.38922155688622756","0.6406572602088578","0.6078690202519262","0.6760756137613936","0.0"
"0.5415394815137821","10","2","Kentucky, Carroll","-85.126,38.666","0.4795834441162594","0.037914691943128","0.5332846966102249","0.8621","0.75","0.7986013047908057","0.32635795509406584","0.48502994011976047","0.5117241638959221","0.4589678410205726","0.5950530662726781","0.4604171897120691"
"0.5415102717353399","10","3","North Carolina, Mecklenburg","-80.8318,35.2447","0.6099366044440367","0.0704998737692502","0.7557166735865674","0.4616","1.0","0.7283659930549282","0.6551229077896426","0.4970059880239522","0.38232698451072306","0.22385748335345715","0.27698037642167","0.4556210839121826"
"0.5414670671668862","10","5","Texas, Reeves","-103.6904,31.3232","0.6013797519394638","0.12396694214876","0.5016692563526249","0.9112","0.675","0.8066953714640763","0.48893191760520927","0.22155688622754494","0.43165328621112686","0.2554194623736304","0.6571513419745855","0.5072559329084806"
"0.5414010701091662","9","9","Missouri, Camden","-92.7608,38.022","0.7701147100293521","0.223066298342541","0.5512447753599966","0.2945","0.825","0.6898109656793697","0.2791788590935583","0.407185628742515","0.732165228694653","0.2956630149732277","0.4309056915970943","0.45007857595902295"
"0.5413885332868277","10","4","Texas, Calhoun","-96.6163,28.4705","0.6210898070699171","0.0546075085324232","0.54548692613729","0.5603","0.75","0.8066953714640763","0.4236074559947283","0.38323353293413176","0.5539608364828539","0.31368354452103936","0.5771443271088107","0.5464327990028222"
"0.541383922398393","10","5","Alabama, Choctaw","-88.2656,32.0223","0.5749075024450554","0.0518134715025907","0.45047110452861744","0.5775","0.675","0.5802035115828437","0.5467603398411922","0.4251497005988024","0.6561524538860896","0.5480634977589401","0.6035755468464533","0.4824947661460778"
"0.5412726896855614","10","5","Kentucky, Powell","-83.8255,37.8322","0.6025588919981987","0.180451127819549","0.5337624922182435","0.7927","0.75","0.7986013047908057","0.2658030048939196","0.40119760479041916","0.5142005305328247","0.5902555794666392","0.522765310471395","0.0"
"0.5412600259152899","9","3","Oklahoma, McClain","-97.4457,35.0112","0.7301895036286202","0.177074422583405","0.5341631140761313","0.0691","1.0","0.9523454485741492","0.5212031923004243","0.407185628742515","0.5117241638959221","0.3594942177325171","0.21263945103830792","0.5677682744358065"
"0.5412566868698205","10","5","Alabama, Wilcox","-87.3089,31.9877","0.5705251146381509","0.0288808664259928","0.44630749474030673","0.6176","0.5","0.5802035115828437","0.6145645341442499","0.44311377245508987","0.5878652729484978","0.6598698844142745","0.657104471238142","0.436652849081957"
"0.5412515585799158","9","6","South Carolina, Berkeley","-79.9465,33.2022","0.5424999361460411","0.0460877042132416","0.5766717867130688","0.5107","1.0","0.7732051260133426","0.6165354826343274","0.4131736526946108","0.45839165180163993","0.35416625927349105","0.3094599800817538","0.7480937011299799"
"0.5411892298118447","10","9","Texas, San Saba","-98.8176,31.1578","0.7649191984762561","0.372727272727273","0.45475605108309414","0.6721","0.5","0.8066953714640763","0.5065395648608143","0.3053892215568862","0.6628376879802886","0.2318256531295703","0.5260601900190522","0.0"
"0.5411618916991794","10","4","Texas, Atascosa","-98.5273,28.8933","0.5899097021066217","0.0701754385964912","0.5501246617546114","0.6192","0.75","0.8066953714640763","0.35191289738745435","0.39520958083832336","0.49129758316188105","0.39918040208760347","0.6263684105285481","0.5293455289048883"
"0.5410967125864732","10","7","Texas, Lavaca","-96.9319,29.3851","0.6911951388328113","0.0708371665133395","0.48014720643543707","0.7424","0.575","0.8066953714640763","0.477784994264238","0.39520958083832336","0.667774075480636","0.37497175445494296","0.2541591722942838","0.4523206435205589"
"0.5410830727717466","9","9","Texas, Ochiltree","-100.8158,36.2783","0.8306421410825605","0.4375","0.5024357571640571","0.391","0.675","0.8066953714640763","0.36035797361375715","0.24550898203592814","0.3606106398115555","0.3147414312727581","0.5863387426846226","0.4509883177873512"
"0.5410581271276571","10","7","Idaho, Latah","-116.7114,46.8159","0.7450050657112276","0.288723667905824","0.5545030397163312","0.8179","0.675","0.771056031651189","0.3492868812522087","0.37724550898203596","0.44674408486908573","0.1558766232163752","0.29719486514732013","0.6230901120603726"
"0.5410013846737297","10","9","Missouri, Sullivan","-93.1115,40.2099","0.7896172054238343","0.185454545454545","0.42188637605041246","0.4944","0.5","0.6898109656793697","0.46809094158023895","0.37724550898203596","0.6226493223021841","0.46471981214516705","0.4604022817207398","0.3930836273492316"
"0.5409694648608966","10","5","Texas, Mitchell","-100.9212,32.3062","0.7132924554394564","0.274074074074074","0.4449501958195438","0.6543","0.5","0.8066953714640763","0.6184103424265173","0.2634730538922156","0.5166605513962695","0.27183570275752167","0.5523600021364337","0.42632983046590234"
"0.5409210534217086","10","6","Kansas, Douglas","-95.2925,38.885","0.6246991687367348","0.103384157679435","0.6517191846459752","0.6991","1.0","0.6813178638986801","0.5851394838823794","0.407185628742515","0.4061601502796258","0.2257452491624587","0.2232084993237655","0.5369942143088092"
"0.540895564964211","9","9","Texas, Hardeman","-99.7463,34.2894","0.7968393055408187","0.576271186440678","0.49855433050769227","0.2359","0.5","0.8066953714640763","0.5287191434679581","0.2754491017964072","0.6226493223021841","0.3288158905716555","0.5523528564686038","0.2636493768033458"
"0.5408054625485148","10","5","Tennessee, Perry","-87.8614,35.6371","0.7213903573933944","0.198979591836735","0.4739988003982603","0.6434","0.5","0.4911779531988354","0.41752360277275125","0.38922155688622756","0.626321192473144","0.5095366515733376","0.6397272970930091","0.3323910761180355"
"0.5407961563634055","10","3","Tennessee, Marion","-85.6227,35.13","0.6895158893444436","0.157894736842105","0.5485181515412201","0.2923","1.0","0.4911779531988354","0.4105939875693648","0.43113772455089816","0.6017807168377609","0.4989408137964702","0.4539014195777492","0.4577281913762195"
"0.5406119328668272","7","7","New York, Broome","-75.8133,42.159","0.724433504060199","0.327693370165746","0.6988406430580051","0.8303","0.825","0.30357014148943134","0.39035149676876785","0.3532934131736527","0.5858342498966352","0.2823178192594189","0.31436735829868195","0.3976871873147525"
"0.5405888895380674","10","6","Rhode Island, Providence","-71.5775,41.8706","0.6295632400716134","0.0739762219286658","0.7650028184736936","0.8832","1.0","0.3389621621377484","0.5868175817128228","0.2694610778443114","0.504194780386106","0.2577156700127973","0.35979842434390963","0.36262478634217343"
"0.5405148639395069","10","6","Virginia, Fredericksburg City","-77.4922,38.2978","0.4689484985692111","0.034965034965035","0.7882977564226704","0.9109","1.0","0.7697111946822568","0.6253985409612007","0.34730538922155696","0.38232698451072306","0.33890334950248274","0.2859754399763297","0.23552676012214027"
"0.5404582791461097","10","4","Arkansas, Independence","-91.57,35.7424","0.7004723711475289","0.113304093567251","0.5527458620307544","0.6326","0.75","0.610486779204959","0.4089955342015113","0.43113772455089816","0.5627304600978258","0.38745034733691885","0.43206510648074525","0.35936740154062174"
"0.5404169103269102","10","3","Illinois, St. Clair","-89.9306,38.47","0.6267093006811444","0.08080404685836","0.661231604082896","0.4499","1.0","0.48583792883850596","0.5833907304742773","0.532934131736527","0.5067215141840639","0.3890211319651288","0.3176738646956897","0.44265039595449457"
"0.5403304407255413","10","9","Alabama, Clay","-85.8584,33.2698","0.7678995201963151","0.130867709815078","0.4950450805678319","0.1579","0.675","0.5802035115828437","0.5435851436658028","0.4550898203592814","0.6151952376728468","0.48650207897635556","0.5533881305128374","0.41407770066628025"
"0.5402783311478104","10","9","Arkansas, Scott","-94.0632,34.8559","0.6755228580712743","0.238095238095238","0.4516726152695136","0.5731","0.5","0.610486779204959","0.39840910263559176","0.38323353293413176","0.6170727822364962","0.5505326411892176","0.6308396607818257","0.46055452174017797"
"0.5402661469290264","9","3","Kentucky, Scott","-84.5817,38.2962","0.6564669368353075","0.164658634538153","0.6472101892898362","0.5138","1.0","0.7986013047908057","0.4143137652341142","0.4730538922155689","0.41269877075759065","0.33839024304218146","0.16740349805874005","0.5287170277332931"
"0.5402514295440741","7","7","Montana, Deer Lodge","-113.0734,46.0595","0.8886245802621229","0.480597014925373","0.367055474797825","0.8128","0.32499999999999996","0.6163905315403087","0.4006106089299011","0.2634730538922156","0.6578350382684304","0.3949633736379219","0.30986691980901454","0.28657582061462994"
"0.5402442979541412","9","3","Georgia, Haralson","-85.2101,33.796","0.6464550765704128","0.133779264214047","0.5304146864363923","0.2859","1.0","0.7922333288990623","0.40486779024481895","0.4610778443113772","0.526341402378779","0.3019663925920938","0.4746003603596621","0.5852491913430474"
"0.5401575615446168","10","9","Ohio, Highland","-83.6033,39.1839","0.6522668329820885","0.328840970350404","0.4490615127487175","0.4932","0.75","0.7247088387345686","0.2871681724642594","0.4730538922155689","0.5712984652022484","0.43907023376542725","0.5169521280222693","0.5047374170484547"
"0.5401481355429382","10","6","California, Merced","-120.7209,37.1892","0.5205256086616372","0.0301696371054327","0.6269899167751491","0.8274","0.675","0.6302607543856039","0.5434240131486126","0.5389221556886228","0.3927283612037091","0.29676891090619234","0.6106429756692433","0.5866315326055649"
"0.5401389130147372","9","4","Georgia, Lumpkin","-84.0043,34.5729","0.6186604002879318","0.0711462450592885","0.5612901528594335","0.4358","1.0","0.7922333288990623","0.36604746292861673","0.39520958083832336","0.5517358041566147","0.3613310869787863","0.45165501539285857","0.5084197147620904"
"0.5400565545451222","10","9","Texas, Burleson","-96.6216,30.4927","0.6828324871517347","0.157142857142857","0.5486598160292607","0.4709","0.5","0.8066953714640763","0.5977287733467306","0.407185628742515","0.624489779413553","0.29666502442823023","0.4493300088618393","0.5267997661541164"
"0.5400387323992654","10","6","West Virginia, Ohio","-80.622,40.0955","0.5880627972351833","0.158241758241758","0.6691781372717263","0.7482","1.0","0.590915881821042","0.3221131748483586","0.4730538922155689","0.6317620454190964","0.45651825533728935","0.17253033305715526","0.2738691256234867"
"0.5399550962101127","10","7","Missouri, Nodaway","-94.8813,40.3608","0.8024944022195699","0.24220623501199","0.4670459419581164","0.5384","0.75","0.6898109656793697","0.3694095633881392","0.38323353293413176","0.49908933331939354","0.3419025980139098","0.3804192472317501","0.40557679409335723"
"0.5399092165670036","10","5","South Dakota, Lyman","-99.852,43.8952","0.7704099765506093","0.128571428571429","0.35904197520884895","0.6944","0.5","0.7704699034685317","0.6625241979659214","0.155688622754491","0.5191044408593759","0.5298566816400231","0.5674687295281159","0.0"
"0.5399069686145164","10","3","Alabama, Coffee","-85.989,31.3993","0.668689148847893","0.102516881522406","0.5572092360758014","0.1923","1.0","0.5802035115828437","0.6537090254478314","0.4730538922155689","0.542700408721451","0.4105001020841834","0.39093839695541266","0.45048244343485344"
"0.5398919304165929","7","7","South Dakota, Brown","-98.3517,45.5899","0.8162344543910329","0.226027397260274","0.5276576669459297","0.758","0.675","0.7704699034685317","0.5534570111060954","0.17365269461077848","0.5494974081927578","0.262996440065229","0.12738582040320703","0.39386470161432857"
"0.5398817311634238","9","3","Georgia, Barrow","-83.7144,33.9915","0.6379747043244123","0.0826946349334409","0.6092880150720673","0.0506","1.0","0.7922333288990623","0.5263901952320739","0.48502994011976047","0.42544161229202965","0.4547008514721233","0.4635851317303865","0.6099369728950848"
"0.5398312106746838","10","9","Alabama, Monroe","-87.37,31.5673","0.5544046054133093","0.0448","0.49405381454282354","0.3728","0.675","0.5802035115828437","0.7307000859402578","0.44311377245508987","0.5978576089534523","0.6110638945418219","0.644599189196816","0.3801734853743395"
"0.5397015565470884","10","6","Washington, Pierce","-122.1406,47.0389","0.5282971281254878","0.104513064133017","0.697905002018588","0.7046","1.0","0.9576955189784127","0.5894935194940605","0.24550898203592814","0.46408171358848016","0.2775526243744112","0.19132513503192727","0.49021521787314076"
"0.5396016614081404","10","6","North Carolina, Polk","-82.1681,35.2782","0.6065370020140974","0.109625668449198","0.5440529725624703","0.7338","0.75","0.7283659930549282","0.4436705763225326","0.38922155688622756","0.7625250560842407","0.34496918026215895","0.2275794680013967","0.4993612503359113"
"0.5395745141193953","10","5","Texas, Childress","-100.2078,34.5293","0.6192324515853052","0.175824175824176","0.5183185917244025","0.6737","0.675","0.8066953714640763","0.5708674820182567","0.2694610778443114","0.46408171358848016","0.30341442848396355","0.648248808762672","0.3578014714618541"
"0.5395691110078417","10","7","Arkansas, Carroll","-93.5427,36.3404","0.7497686089047662","0.183387270765912","0.5327857040337647","0.524","0.75","0.610486779204959","0.32403699388179014","0.38323353293413176","0.6527643232093532","0.33616597254552794","0.4141411070771057","0.5017686341330355"
"0.5395551236489703","10","3","South Carolina, York","-81.1809,34.9728","0.6158469987754269","0.0942576805533215","0.6104697292574662","0.3547","1.0","0.7732051260133426","0.6162922703858514","0.47904191616766467","0.47793802351369025","0.31516597625603915","0.25158164512893755","0.5585960433478159"
"0.5395435056419845","10","9","Tennessee, Benton","-88.0685,36.0711","0.6313318765067171","0.102094240837696","0.49492342879003604","0.51","0.75","0.4911779531988354","0.3839281697261088","0.4191616766467066","0.6853345393682004","0.5489838410199098","0.5758868106837665","0.5110411788112057"
"0.5394927780197485","10","6","Ohio, Ashland","-82.2728,40.8477","0.5657763078505883","0.210810810810811","0.585100444719171","0.7373","1.0","0.7247088387345686","0.20623344844594993","0.4970059880239522","0.5775976316230177","0.3586880750419219","0.3059066453620801","0.46254495652863553"
"0.5394486596812138","7","7","Minnesota, Mille Lacs","-93.6324,45.9371","0.7443634193435232","0.438953488372093","0.5559296401757708","0.8042","0.675","0.42209023252660954","0.4809068333670265","0.22155688622754494","0.5755097168756041","0.3673492292884769","0.2820775387316391","0.5562057525552953"
"0.5394153936919085","10","3","Tennessee, Knox","-83.9464,35.9951","0.6863476841778853","0.146930387875674","0.7129959497983217","0.5244","1.0","0.4911779531988354","0.45989526074187514","0.44910179640718567","0.5142005305328247","0.37066858139994385","0.2413313662965009","0.3791731567816388"
"0.5390656454443471","7","7","South Dakota, Brule","-99.0812,43.7176","0.8352220214271915","0.293269230769231","0.4617328645711629","0.8252","0.5","0.7704699034685317","0.5106863263268806","0.17964071856287425","0.5648909983668218","0.23059901214214357","0.27458500322947854","0.371652144867698"
"0.5390389140396409","10","4","Georgia, Lamar","-84.1426,33.0784","0.5305635848352276","0.0522388059701493","0.5214100937057612","0.3699","1.0","0.7922333288990623","0.5835907134034696","0.49101796407185627","0.5449798764246452","0.47747424812889583","0.6048518357886776","0.0"
"0.5390145676321282","10","2","Pennsylvania, Fayette","-79.6429,39.9204","0.46820282695098636","0.0970556161395856","0.5758455025922843","0.7479","0.825","0.7607330979588356","0.3478956026361032","0.5089820359281437","0.6207997313712245","0.5043883075855191","0.3925358776109393","0.4691341285425893"
"0.5389581139538351","10","6","California, Stanislaus","-120.9971,37.5586","0.5188382111331801","0.0320957668285913","0.6775719785601612","0.6043","1.0","0.6302607543856039","0.5104021126820444","0.5568862275449102","0.44674408486908573","0.2749661742848966","0.4935826452802077","0.45823807113756504"
"0.5389167875773494","9","7","Wisconsin, Brown","-88.0041,44.4527","0.8056887247639773","0.186669720568026","0.6938353488050043","0.5482","1.0","0.38022621028167947","0.5610494698477523","0.3652694610778443","0.4833394486037307","0.28921052325229163","0.11416597157889342","0.3872134781514286"
"0.5388767711989727","9","9","Ohio, Fayette","-83.4562,39.5602","0.7217278112351244","0.332535885167464","0.49289099771304","0.1662","0.825","0.7247088387345686","0.3206567829957946","0.48502994011976047","0.558371441896005","0.4833209327450198","0.4184067074324998","0.5815730553578554"
"0.5387481599441453","10","7","Louisiana, Red River","-93.3421,32.0953","0.7045852442593838","0.0895522388059701","0.4924633059048894","0.5712","0.675","0.3163258823370422","0.6551488867404115","0.38323353293413176","0.5837920978957992","0.49928175019452736","0.536037843456827","0.43125893957348854"
"0.5387128134647665","10","5","North Carolina, Pamlico","-76.6656,35.1525","0.624676557199931","0.0966666666666667","0.5113820351448697","0.8551","0.5","0.7283659930549282","0.6066923957562461","0.33532934131736525","0.7456700325571273","0.4206542608160495","0.4206913833298352","0.0"
"0.5386850196058829","10","2","Texas, Wharton","-96.2232,29.2777","0.47092077789963","0.0204946996466431","0.5355200981626769","0.7615","0.75","0.8066953714640763","0.5698916940500016","0.4191616766467066","0.542700408721451","0.40150376061377335","0.5765390042645104","0.36500287315588903"
"0.5386813273500447","6","5","South Dakota, Ziebach","-101.6655,44.9788","0.6972221245902829","0.141025641025641","0.24320924803066338","0.971","0.0","0.7704699034685317","0.6837349499393475","0.11377245508982038","0.3213436387749264","0.7549821163111871","0.8451425990683261","0.4325870984084597"
"0.5386444594404564","7","9","Tennessee, Fentress","-84.9287,36.3813","0.8227698795014765","0.228132387706856","0.4983455012076025","0.4814","0.675","0.4911779531988354","0.18124235200372235","0.3652694610778443","0.6317620454190964","0.4825461138330276","0.5679926644269642","0.3746575184629853"
"0.5385507976632314","10","5","California, Tehama","-122.237,40.1257","0.6053689575414043","0.172366621067031","0.5263715302041144","0.8456","0.675","0.6302607543856039","0.43859410563476026","0.34131736526946105","0.5978576089534523","0.2813815772193524","0.5242328368628291","0.543326975747589"
"0.5385434942646937","9","9","Kentucky, Logan","-86.8776,36.8595","0.6956955511369847","0.155749636098981","0.49893556852874066","0.2534","0.75","0.7986013047908057","0.458923690013958","0.47904191616766467","0.5755097168756041","0.43402131115386594","0.44694904811832165","0.43859485353551797"
"0.5385187333415451","10","5","Tennessee, Bledsoe","-85.2061,35.5994","0.6646242825866417","0.0501635768811341","0.48607025406676974","0.8233","0.5","0.4911779531988354","0.48885657282055606","0.38323353293413176","0.5817386943120182","0.41742401791916944","0.6232224999881916","0.49963629324493736"
"0.5385100822763902","10","5","West Virginia, Logan","-81.9353,37.83","0.5898310128054864","0.0806223479490806","0.5399859503871082","0.7217","0.675","0.590915881821042","0.22725271328571406","0.407185628742515","0.5898852876912913","0.6896413305796325","0.5824605828612248","0.3849198941961863"
"0.5384677419696225","10","9","Texas, Lynn","-101.8163,33.1766","0.7589318177253328","0.256756756756757","0.44000349879857154","0.4288","0.5","0.8066953714640763","0.48835648093188544","0.2634730538922156","0.5539608364828539","0.3629698617896797","0.6653287715712876","0.39110195399600256"
"0.5384618726839233","10","3","North Carolina, Stokes","-80.2389,36.4018","0.6675573409855281","0.231629392971246","0.5443518582363586","0.1643","1.0","0.7283659930549282","0.4120168020599646","0.407185628742515","0.6151952376728468","0.3790959238960083","0.4573526560265654","0.4764025198208196"
"0.5384143937165414","10","4","Arkansas, Conway","-92.7051,35.2621","0.5843372845673985","0.106382978723404","0.5354824265045193","0.5393","0.75","0.610486779204959","0.5697156043474904","0.43113772455089816","0.595880459448231","0.4963696992460143","0.43725952254100914","0.5010260096668997"
"0.5384059641797541","9","9","Arkansas, Fulton","-91.8173,36.3818","0.7533879950896497","0.277372262773723","0.49016390242946095","0.4642","0.5","0.610486779204959","0.28881287798748656","0.40119760479041916","0.7065503696555112","0.41106867320844404","0.5970017746689952","0.47687290238132773"
"0.5383939919447808","10","5","Texas, Brooks","-98.2181,27.031","0.6224096523421341","0.0469208211143695","0.5260728326074923","0.9914","0.5","0.8066953714640763","0.25455886659593513","0.33532934131736525","0.5239446622367122","0.40878758096596","0.8036517027096978","0.0"
"0.5383745476335379","9","6","Ohio, Columbiana","-80.7809,40.7693","0.5102867580688282","0.046679499518768","0.5786640315552976","0.7023","1.0","0.7247088387345686","0.29650991840639873","0.5089820359281437","0.6056629582719985","0.43414168807819786","0.3731433829117531","0.41302469320281976"
"0.538325450867882","7","7","Tennessee, Overton","-85.2899,36.3412","0.841858815609495","0.24502712477396","0.5327384215519398","0.4218","0.675","0.4911779531988354","0.2257476678642694","0.38922155688622756","0.6151952376728468","0.4984114291568238","0.4715646626621052","0.362101210889517"
"0.5383037187283743","10","7","New Mexico, Curry","-103.3469,34.5742","0.7764356734566203","0.287284144427002","0.5484908777295922","0.5692","0.575","0.5871956657568004","0.5881979787262274","0.24550898203592814","0.42856039038869453","0.32471351763229284","0.5419037100670712","0.4705882118260393"
"0.5382851529477533","10","6","Maryland, Washington","-77.82,39.6084","0.5765095360753077","0.113387327298714","0.6653258246895866","0.8007","1.0","0.4028734589185817","0.47905469692092534","0.4251497005988024","0.5449798764246452","0.3863663821282485","0.2994498683562094","0.4533941999445802"
"0.5382838931594087","10","3","Indiana, Scott","-85.7463,38.6867","0.6723075391707265","0.155206286836935","0.5984414486354486","0.3894","1.0","0.5484650550776322","0.17739740227009965","0.502994011976048","0.540406913436432","0.4865888094469936","0.446970121782769","0.5590258210438052"
"0.5382277253418639","10","4","Virginia, Prince George","-77.2292,37.185","0.7087338220905998","0.161978661493695","0.6190906390249492","0.4136","1.0","0.7697111946822568","0.6506316858143564","0.3712574850299401","0.45839165180163993","0.3280278270703837","0.2643121973764257","0.0"
"0.5381885982282908","10","4","Pennsylvania, Centre","-77.822,40.9206","0.6991631582009818","0.179820992676973","0.6203402015972707","0.9701","0.75","0.7607330979588356","0.30180926961788895","0.3532934131736527","0.46689449529952165","0.2007375965046059","0.2121631135539875","0.5069357966138585"
"0.5381473273521252","10","9","Alabama, Lowndes","-86.6516,32.1597","0.6835610016659078","0.0515759312320917","0.43743668749462405","0.4954","0.5","0.5802035115828437","0.6627456862749715","0.4730538922155689","0.5775976316230177","0.6424542734722426","0.6232594394574816","0.0"
"0.5381272495905602","9","9","Illinois, Fayette","-89.0245,39.0007","0.7743391972189292","0.252019386106624","0.5193270045883372","0.4623","0.75","0.48583792883850596","0.3765715876270981","0.5089820359281437","0.5858342498966352","0.2777368568016146","0.5167393324565559","0.36280787528895747"
"0.538105953913348","10","9","Texas, Hemphill","-100.2704,35.8376","0.8473237070776257","0.371212121212121","0.49575273549213295","0.5912","0.5","0.8066953714640763","0.31402800179799734","0.23353293413173656","0.46689449529952165","0.2707696311894244","0.5794165283656973","0.32823879575227577"
"0.5381034716835597","9","10","Kansas, Sherman","-101.7198,39.3515","0.8609979729953016","0.65625","0.42073814906551765","0.3569","0.675","0.6813178638986801","0.2981002188409898","0.2035928143712575","0.5938927650957907","0.4806139074078832","0.34225447757840827","0.38652653459542685"
"0.5380585611524912","9","9","Tennessee, Marshall","-86.7642,35.458","0.747267081253059","0.194525904203324","0.5550091837521365","0.2996","0.825","0.4911779531988354","0.4518749289932658","0.44311377245508987","0.526341402378779","0.451543207107128","0.4159053603530008","0.6014711018671892"
"0.5380560936583199","10","6","South Carolina, Charleston","-79.9651,32.8249","0.5685791226426381","0.0362039932643733","0.664026242864252","0.7122","1.0","0.7732051260133426","0.5754227428623864","0.3532934131736527","0.5215324091055006","0.2703819695596318","0.2305284487808825","0.3711220302611367"
"0.5380347400097835","10","9","South Dakota, Roberts","-96.9467,45.6298","0.6879189880607188","0.141818181818182","0.4263328722650007","0.5059","0.5","0.7704699034685317","0.6592340284036724","0.16766467065868262","0.6017807168377609","0.5224793960153817","0.5523465585918723","0.45703908564100715"
"0.5380122518656855","7","4","Oklahoma, Woodward","-99.2628,36.4232","0.6762952024671953","0.0580319596299411","0.5061816276392503","0.6495","0.75","0.9523454485741492","0.5355391332194013","0.2694610778443114","0.49908933331939354","0.3252825192878048","0.32566478025073065","0.384670484406137"
"0.5379883589829471","9","3","Texas, Kaufman","-96.2873,32.5991","0.5589003567011185","0.0523823616454572","0.593402993082145","0.3715","1.0","0.8066953714640763","0.5891576150676885","0.4550898203592814","0.42229651508178717","0.3219679497769076","0.4376117191859123","0.6073808613870284"
"0.5379360151345565","10","5","Illinois, Lawrence","-87.7288,38.7199","0.6243750506404859","0.117647058823529","0.5177164294548421","0.8777","0.575","0.48583792883850596","0.48754713621393553","0.5269461077844312","0.560557323866868","0.3442453992438183","0.4749862264224754","0.5078049626881999"
"0.5379121763354965","9","9","Arkansas, Clay","-90.4148,36.3683","0.7505896245950319","0.20979020979021","0.51140289363602","0.2935","0.675","0.610486779204959","0.26418976725320265","0.4670658682634731","0.6335581539925471","0.5372208249453977","0.49990716687471864","0.5004031672814092"
"0.537820272576587","7","5","New Mexico, Roosevelt","-103.4799,34.021","0.6986061103187643","0.2","0.4866672286870742","0.7389","0.675","0.5871956657568004","0.49847403959064335","0.23353293413173656","0.47245716285929296","0.2992599379803185","0.6314219721534536","0.506658380502214"
"0.5377341708014773","10","4","Michigan, Gratiot","-84.6051,43.2927","0.627530373667851","0.23989898989899","0.5771288180520527","0.7001","0.75","0.5192862589944978","0.4898949432097215","0.40119760479041916","0.5517358041566147","0.39196389979679047","0.4001511005963484","0.5028865526057993"
"0.5376021567181986","10","4","Tennessee, Dickson","-87.3589,36.1467","0.6920504778764545","0.134201954397394","0.5735331578346968","0.4734","1.0","0.4911779531988354","0.4169452889370595","0.43113772455089816","0.5239446622367122","0.41436316162421605","0.38242499985769224","0.4317456776950783"
"0.5375974528975452","9","7","Illinois, Clinton","-89.4239,38.607","0.7689605603149131","0.168589743589744","0.5458565607446835","0.5358","1.0","0.48583792883850596","0.3799314370589891","0.5149700598802395","0.540406913436432","0.36138154865081906","0.10501612559225779","0.4881426288704698"
"0.5375637799287633","9","7","Wisconsin, Winnebago","-88.6448,44.0689","0.8531027160671685","0.311700680272109","0.670882160592895","0.4304","1.0","0.38022621028167947","0.3996427684980942","0.407185628742515","0.5215324091055006","0.3056505594053344","0.09491057681162966","0.44101961073582907"
"0.5374134578672277","9","3","North Carolina, Johnston","-78.3662,35.5175","0.6238666794675263","0.0895145631067961","0.6014672311212154","0.2401","1.0","0.7283659930549282","0.6072251720430007","0.44311377245508987","0.4496902805094778","0.35349537845917184","0.4063121196218707","0.5669485917067558"
"0.5373871679789374","10","2","Washington, Yakima","-120.738,46.4574","0.4961724623882426","0.0181926887598223","0.6031205968473241","0.7915","0.675","0.9576955189784127","0.5127703020880279","0.29341317365269465","0.46408171358848016","0.3308165151533888","0.6028326396181742","0.47316327891939625"
"0.5373549192103108","10","6","Florida, Bay","-85.6212,30.2655","0.5589114371363095","0.0395410141107148","0.6429219666379569","0.7144","1.0","0.4454391386730797","0.563672005739315","0.407185628742515","0.5472454870957077","0.4073635692296202","0.375727571292873","0.39186404564337385"
"0.5373399307699525","9","3","Wisconsin, Rock","-89.0715,42.6715","0.7599362423252114","0.262988619495299","0.6390203600799524","0.3814","1.0","0.38022621028167947","0.4477450037909235","0.4730538922155689","0.5310891329236117","0.37015832951187866","0.25689971757656255","0.41164314536710367"
"0.5372871252129996","10","2","Kentucky, Breathitt","-83.3196,37.5233","0.49878188671734847","0.101851851851852","0.491376751540943","0.9249","0.675","0.7986013047908057","0.14283807612458657","0.40119760479041916","0.5287228277828","0.6824671327275774","0.5810501006994155","0.38410924797330204"
"0.5372749027097048","10","5","Illinois, Alexander","-89.3291,37.1805","0.6509779772951828","0.158878504672897","0.5230174081174832","0.8488","0.5","0.48583792883850596","0.6071937032778935","0.4970059880239522","0.624489779413553","0.34327524979401774","0.5794320308314979","0.0"
"0.5371131060748662","10","6","Kansas, Riley","-96.7342,39.2894","0.6316164873938397","0.0874692874692875","0.5880585043475189","0.9532","1.0","0.6813178638986801","0.4912873179752511","0.3592814371257485","0.30440018439969097","0.1604668976835348","0.2949187882739833","0.5164139400243551"
"0.5369782724562411","10","2","Georgia, Seminole","-84.8682,30.9346","0.49536900071290463","0.0184210526315789","0.5270614732231372","0.7791","0.575","0.7922333288990623","0.5716275575094201","0.44311377245508987","0.6561524538860896","0.37328550139136835","0.5915250441729442","0.3109924921357001"
"0.5369618933297948","9","2","Texas, Wood","-95.3824,32.7872","0.5308757313415167","0.0847457627118644","0.53646658853749","0.4454","0.825","0.8066953714640763","0.5120408876739825","0.4251497005988024","0.7294045360146626","0.34898343062149945","0.4372982787055102","0.5520453265933775"
"0.5369397543031881","10","5","New Mexico, San Juan","-108.3204,36.5084","0.5750694628663612","0.05442366731789","0.5489530175016788","0.7857","0.675","0.5871956657568004","0.6511436045910098","0.2095808383233533","0.47793802351369025","0.4646586993018217","0.6068360302981162","0.47971111735706473"
"0.5368933166780084","10","4","Kentucky, Grayson","-86.3425,37.4623","0.5897986950561265","0.100217864923747","0.47869674832936576","0.5501","0.825","0.7986013047908057","0.24342032584360862","0.4970059880239522","0.5539608364828539","0.5449382199118187","0.47708596274733245","0.4355028044863567"
"0.536848220387835","9","3","Kentucky, Marshall","-88.328,36.8801","0.6293147081201024","0.178313253012048","0.5610760334264661","0.4263","1.0","0.7986013047908057","0.1552077966628942","0.48502994011976047","0.6441567395133083","0.4300963189574849","0.2516971869443562","0.5919880752531625"
"0.5367807680799447","9","3","Ohio, Pickaway","-83.0243,39.6417","0.6897878770114455","0.0746775288526816","0.544113750556157","0.3655","1.0","0.7247088387345686","0.36586876319904366","0.5089820359281437","0.5142005305328247","0.41261255378487094","0.2508886364624536","0.5221520696925831"
"0.5363841153893711","7","7","New York, Chemung","-76.7639,42.1389","0.7536579111403998","0.420418006430868","0.6720344887155536","0.6899","0.825","0.30357014148943134","0.42416215540756325","0.3173652694610779","0.5775976316230177","0.37333386772780613","0.23982072367205937","0.37532676640839197"
"0.5363018157723506","9","3","Wisconsin, Racine","-88.0594,42.7475","0.7165778427048254","0.137413741374137","0.6738683018807355","0.4839","1.0","0.38022621028167947","0.5440786630043883","0.5209580838323353","0.526341402378779","0.3132008781794048","0.1948923977482184","0.412310564799418"
"0.5362460991827334","9","4","Kentucky, Grant","-84.6242,38.6496","0.540571153898838","0.13953488372093","0.5753733035219061","0.6087","1.0","0.7986013047908057","0.21768771321002958","0.4730538922155689","0.46689449529952165","0.4935765050293506","0.36535036602169546","0.565286666175458"
"0.5362175986441574","10","6","Texas, San Patricio","-97.5176,28.0088","0.47471744001159294","0.0309877340219496","0.5845321340049511","0.625","1.0","0.8066953714640763","0.39139081444650897","0.40119760479041916","0.4965101409658336","0.38213686771664673","0.5376807414926283","0.5505776822618905"
"0.5362109147735419","10","7","Idaho, Nez Perce","-116.7501,46.3264","0.684578124562795","0.238636363636364","0.5318545787916424","0.709","0.675","0.771056031651189","0.44778330813889894","0.3592814371257485","0.6075890184122873","0.29024810407995233","0.27653322717373946","0.4070544721412912"
"0.5361975028514068","7","7","Michigan, Houghton","-88.685,46.8999","0.7417228343261876","0.242316784869976","0.5880098874427292","0.9306","0.675","0.5192862589944978","0.31277161510186585","0.18562874251497005","0.5494974081927578","0.30880672115565794","0.40721416935063204","0.5003770092780326"
"0.5361410643676304","9","3","Indiana, Clark","-85.7051,38.4802","0.6842922093549849","0.150743099787686","0.6732621520657267","0.2541","1.0","0.5484650550776322","0.4652461646686272","0.5389221556886228","0.5117241638959221","0.45859820294727904","0.23619544782203075","0.4582957782964692"
"0.5360697014198177","10","6","Michigan, Van Buren","-86.0194,42.2519","0.5869667335065145","0.138858988159311","0.5687816525530545","0.6842","0.75","0.5192862589944978","0.49345897612443246","0.5269461077844312","0.558371441896005","0.403002710207766","0.3842558652913235","0.5514438541005348"
"0.5360416363530598","10","5","Florida, Hamilton","-82.95,30.4967","0.5844750483192739","0.0269966254218223","0.47190742776386024","0.9857","0.5","0.4454391386730797","0.6852065258230375","0.3712574850299401","0.5472454870957077","0.5273333621103252","0.6917450944082001","0.0"
"0.5360002958716389","9","7","Iowa, Webster","-94.1799,42.4285","0.7775992862433352","0.163154726068633","0.6226780401116794","0.6011","0.75","0.5124529061342115","0.43186967489961275","0.3532934131736527","0.5691748594129424","0.3813836105349495","0.27543860775261364","0.35407401546633704"
"0.5359478853140368","7","7","South Dakota, Fall River","-103.5276,43.2393","0.8020606939092563","0.367469879518072","0.4414337897694442","0.7517","0.5","0.7704699034685317","0.5438128271454994","0.04191616766467067","0.7238210337160854","0.35226385535265475","0.18339501820994727","0.40329859313290106"
"0.5359006872562628","9","3","Tennessee, Maury","-87.0746,35.6187","0.7190291821093918","0.150537634408602","0.5981547958508157","0.3792","1.0","0.4911779531988354","0.518596473789792","0.4191616766467066","0.5191044408593759","0.3876384907375132","0.2918767926996951","0.442012388885541"
"0.5358461344682457","10","3","Pennsylvania, Schuylkill","-76.2151,40.705","0.6085326117097107","0.185760517799353","0.6066905256162523","0.4715","0.825","0.7607330979588356","0.35467494285376416","0.5089820359281437","0.613308186513927","0.4095682925063864","0.3085906308667901","0.44963436087003816"
"0.5358424848821549","10","6","Florida, Okaloosa","-86.5927,30.6914","0.6586505141976172","0.106507854306922","0.6494441131411176","0.6313","1.0","0.4454391386730797","0.5368055975365301","0.4251497005988024","0.5215324091055006","0.3203883563517505","0.25839691665644277","0.4193892326324179"
"0.5357427525750806","10","9","Missouri, Wayne","-90.46,37.113","0.7097552301786061","0.2","0.46498375470474745","0.6323","0.5","0.6898109656793697","0.26986270500193277","0.4251497005988024","0.667774075480636","0.49070687422033915","0.6818082560561655","0.0"
"0.5357201898773569","10","2","Arkansas, Van Buren","-92.513,35.581","0.5540119001175713","0.11","0.4897076891402989","0.7342","0.75","0.610486779204959","0.3067550925319315","0.407185628742515","0.7065503696555112","0.46471984643253667","0.5297698816398848","0.5141946716507919"
"0.5356396777818734","10","5","Texas, Dimmit","-99.7565,28.4227","0.5823028544915035","0.0618181818181818","0.5334144757756905","0.9316","0.5","0.8066953714640763","0.3371882492841919","0.3053892215568862","0.542700408721451","0.28621602405639784","0.778172915714668","0.3749061571244071"
"0.5355963999744099","10","5","Texas, Zavala","-99.7605,28.8662","0.7237040286031544","0.135321100917431","0.4865564082078924","0.9331","0.5","0.8066953714640763","0.31848877549415056","0.3173652694610779","0.47793802351369025","0.2609810575539193","0.7169094720187154","0.0"
"0.5355941006772432","9","9","Georgia, Gilmer","-84.458,34.6932","0.6933760336970642","0.122574055158325","0.5233687653263769","0.2728","1.0","0.7922333288990623","0.277607684227269","0.4131736526946108","0.6774549264631455","0.3711948547813903","0.5723659342518626","0.0"
"0.5355848021789097","9","3","Ohio, Stark","-81.3644,40.8148","0.5618171256024607","0.145076282940361","0.6733643717559918","0.3846","1.0","0.7247088387345686","0.43558656460342393","0.5508982035928144","0.5918944128138512","0.4037195702923411","0.25767375084945643","0.39056671823518513"
"0.5353631088266254","10","2","Texas, Nueces","-97.5433,27.7363","0.36235531767481477","0.00676346487962274","0.706723205006205","0.8742","1.0","0.8066953714640763","0.457173757957728","0.4131736526946108","0.47793802351369025","0.3336861364914124","0.5243233082843362","0.37771075658782394"
"0.5353283324216741","10","6","Texas, Hays","-98.0294,30.0567","0.5063261981224118","0.0331437855402112","0.6712153877061238","0.7845","1.0","0.8066953714640763","0.49653210862313235","0.43712574850299407","0.37522787829441234","0.22454081647856855","0.3473419508472522","0.5320750105564596"
"0.5352609218344129","9","3","Texas, Burnet","-98.1819,30.788","0.5896633100109471","0.0971896955503513","0.5504076325750359","0.4479","1.0","0.8066953714640763","0.4260260142421219","0.3652694610778443","0.6493451083308717","0.3443697235294343","0.3203903084881693","0.5152095608401319"
"0.5351475708553362","9","9","Kentucky, Allen","-86.1946,36.752","0.6779511433747376","0.15531914893617","0.4742381219977539","0.3674","0.75","0.7986013047908057","0.2615022471288908","0.4550898203592814","0.558371441896005","0.48423617900900756","0.4954206563816688","0.5438948624467196"
"0.5349602495412275","9","9","Idaho, Minidoka","-113.6357,42.8552","0.8521848436581898","0.266859344894027","0.5082305870236159","0.1761","0.675","0.771056031651189","0.32943200440783876","0.2634730538922156","0.526341402378779","0.3324031762540227","0.5700012026522298","0.5421477588259274"
"0.5349150706650996","10","4","Indiana, Jay","-85.0058,40.4378","0.6481760832209083","0.200704225352113","0.5530529238500774","0.6348","0.75","0.5484650550776322","0.13155486333439037","0.5449101796407185","0.560557323866868","0.529643834827705","0.4625250295182694","0.5002737049395175"
"0.5348603934927885","10","9","Missouri, Morgan","-92.8879,38.4182","0.7687330031292535","0.248686514886165","0.5055063944299938","0.5463","0.5","0.6898109656793697","0.31651651663188873","0.39520958083832336","0.6774549264631455","0.3627328262798481","0.64604794307107","0.0"
"0.5348524357500515","10","2","West Virginia, Lewis","-80.4999,38.9947","0.5698496815322831","0.369230769230769","0.4817050901886821","0.8475","0.75","0.590915881821042","0.17875791630250543","0.38323353293413176","0.6114115319998742","0.5815506813158727","0.4599479868049794","0.3827864741249265"
"0.5348424158165247","10","2","Georgia, Wheeler","-82.7257,32.1201","0.45883278379895","0.0142045454545455","0.4680739615986524","0.9911","0.5","0.7922333288990623","0.4782610068880233","0.4610778443113772","0.4833394486037307","0.3662108703745349","0.7799328089220566","0.42223339176895075"
"0.5348403197140964","10","6","Virginia, Alexandria City","-77.0818,38.814","0.5492375849170507","0.0497935389846976","0.8733320701327731","0.7192","1.0","0.7697111946822568","0.6019379764480858","0.40119760479041916","0.38929338935206537","0.15128347178683696","0.14137970250041457","0.4803557098967519"
"0.5347156060337295","10","6","Illinois, Morgan","-90.2026,39.7165","0.6571850216618853","0.126262626262626","0.5638097162207134","0.7358","0.825","0.48583792883850596","0.455411614344928","0.4730538922155689","0.6056629582719985","0.36249656027290283","0.25977300272225723","0.4220110704974374"
"0.5346900874503382","9","9","Tennessee, Macon","-86.0078,36.5316","0.7513866960253945","0.11792828685259","0.531989922578111","0.3566","0.75","0.4911779531988354","0.3199911005893646","0.43712574850299407","0.526341402378779","0.5430848603236709","0.5093795368178112","0.5610093704997619"
"0.534495355007536","7","7","South Dakota, Yankton","-97.3947,43.0092","0.75639943751277","0.232744783306581","0.5420896202429679","0.6151","0.675","0.7704699034685317","0.5258298790668633","0.2874251497005988","0.579673914473061","0.32990152250233135","0.15637821704929697","0.38390549131066815"
"0.5344742786083914","7","7","Wyoming, Fremont","-108.6297,43.0418","0.7424453945441128","0.221238938053097","0.4711789571009284","0.7106","0.675","0.5947001907015348","0.5842363765312724","0.14371257485029942","0.5627304600978258","0.38377846137462823","0.41919212532871597","0.33813276246571383"
"0.5344725697374343","10","3","South Carolina, Dorchester","-80.405,33.0794","0.6114727227417514","0.072236727589208","0.5819801868418131","0.3378","1.0","0.7732051260133426","0.6268511188279781","0.4191616766467066","0.46124754169706367","0.31811414224544093","0.288578885326686","0.6183365469398288"
"0.5344712181532251","7","7","South Dakota, Lawrence","-103.7929,44.3592","0.7800678597345854","0.29607250755287","0.5003816212574971","0.8625","0.675","0.7704699034685317","0.4093349955872896","0.11976047904191617","0.6207997313712245","0.2597806860229763","0.140394327017976","0.4485251600700059"
"0.534391769774146","9","3","Ohio, Greene","-83.8903,39.6912","0.6441417357350304","0.212049335863378","0.6498201266196106","0.3817","1.0","0.7247088387345686","0.4369732427580984","0.5089820359281437","0.542700408721451","0.3178388695832112","0.13862728814275738","0.5243346088394377"
"0.5343897953843603","9","3","Alabama, Marion","-87.887,34.137","0.562149399544136","0.0404234841193455","0.5345545580156764","0.4209","1.0","0.5802035115828437","0.39860297602622763","0.44910179640718567","0.6335581539925471","0.528437487455937","0.5125892739165805","0.39267888797498773"
"0.5343749020619808","10","5","Texas, Ward","-103.0928,31.51","0.5800855843599415","0.121794871794872","0.5155665822245024","0.6116","0.675","0.8066953714640763","0.519329785477147","0.24550898203592814","0.4806485213347297","0.5225531624065229","0.5560600047161408","0.47122493863684783"
"0.534369976789374","10","6","California, Sacramento","-121.3425,38.4511","0.49926860649729216","0.0552662037037037","0.7717265654675405","0.7603","1.0","0.6302607543856039","0.6088939707658106","0.3652694610778443","0.46968620728685795","0.22055603170337892","0.3368971645142261","0.48045987314166155"
"0.5343182746850406","7","7","Michigan, Alger","-86.6026,46.4129","0.7698429133945258","0.727272727272727","0.4994323672094048","0.545","0.32499999999999996","0.5192862589944978","0.6794558670274855","0.2035928143712575","0.6915204375207985","0.2676175810270368","0.3892015152206964","0.5412558901383047"
"0.5342678711098204","10","5","Georgia, Chattahoochee","-84.7881,32.3434","0.6710290134322127","0.020372526193248","0.549222915337114","0.8889","0.675","0.7922333288990623","0.6590056212804025","0.5089820359281437","0.0","0.33656489462706085","0.4016186269877825","0.35812433827206924"
"0.5341777375803397","10","5","Oregon, Jefferson","-121.1783,44.6281","0.5496818010633128","0.0522765598650927","0.5138128087860596","0.7889","0.675","0.7438233614458837","0.6254749280459276","0.2754491017964072","0.5898852876912913","0.5157425266729165","0.5487909227249315","0.0"
"0.5340836064844718","10","9","Virginia, Charlotte","-78.6631,37.0191","0.7197320440843408","0.289340101522843","0.46765933851170316","0.3524","0.5","0.7697111946822568","0.5727873643227469","0.37724550898203596","0.6458942336050534","0.4628716489477186","0.5834756310321094","0.0"
"0.5340598337564672","10","4","Texas, Midland","-102.0316,31.869","0.6554062521667301","0.112736273627363","0.655204659623549","0.5559","1.0","0.8066953714640763","0.5359357392042848","0.29341317365269465","0.3679909167750092","0.25056036184325375","0.29435888280995764","0.44161009870501544"
"0.5340231312019967","10","6","Florida, Manatee","-82.3183,27.472","0.6043028794708768","0.0615728186313607","0.6942796439880398","0.6511","1.0","0.4454391386730797","0.49077062520651543","0.3053892215568862","0.7238210337160854","0.2728381577023857","0.3117801420922104","0.4766551381937717"
"0.5339430795211872","10","9","Oklahoma, Jefferson","-97.8318,34.1113","0.6640202092344054","0.287878787878788","0.4013779381221725","0.3859","0.32499999999999996","0.9523454485741492","0.5596191333927504","0.3532934131736527","0.6151952376728468","0.38031720104058875","0.6814233588974647","0.4316536922316153"
"0.5338697675952211","10","3","Alabama, Autauga","-86.6441,32.5395","0.6550761197612698","0.0809451985922574","0.575494546488637","0.3741","1.0","0.5802035115828437","0.5636532711451172","0.5209580838323353","0.5016507991249867","0.3624320166709362","0.26055466611503725","0.512324602562135"
"0.5334905522871483","7","7","Montana, Silver Bow","-112.662,45.9002","0.7181125163323862","0.361842105263158","0.5823597690865453","0.8415","0.575","0.6163905315403087","0.39882716135044305","0.29940119760479045","0.5858342498966352","0.2741411555637174","0.3001568050193109","0.43763738013011627"
"0.5334892439319425","10","9","Tennessee, Hickman","-87.4764,35.8061","0.6770216624914315","0.118294360385144","0.5035559172348126","0.561","0.675","0.4911779531988354","0.4629673353042928","0.407185628742515","0.5449798764246452","0.5005294985824826","0.48801726005786056","0.5650014863653725"
"0.5334492538956628","10","6","Florida, Citrus","-82.4761,28.848","0.5598060550707102","0.0674342105263158","0.6013562398439474","0.5304","1.0","0.4454391386730797","0.37466772448526076","0.3053892215568862","0.8369674946274659","0.43815965899321135","0.47002664849648484","0.46495460815903095"
"0.5334209402142105","9","7","Iowa, Mahaska","-92.6408,41.3352","0.7657905466117509","0.249584026622296","0.6336665420233403","0.5989","0.75","0.5124529061342115","0.3255340230245822","0.39520958083832336","0.5755097168756041","0.33347208627568475","0.24641508506190876","0.5146668652069025"
"0.5333976333121941","10","9","Tennessee, Unicoi","-82.4371,36.1089","0.6539924151711711","0.147398843930636","0.5802926051139194","0.5317","0.75","0.4911779531988354","0.21166412394210615","0.34730538922155696","0.6742558355103007","0.526892443508638","0.5704800835098455","0.5500430450079566"
"0.5332584199847888","10","6","Kansas, Geary","-96.7577,38.9987","0.6200843948070519","0.140625","0.5774475751138924","0.7408","0.825","0.6813178638986801","0.6486020833640563","0.34730538922155696","0.272758857225477","0.45213444778625655","0.30696299307076114","0.3857551062231013"
"0.5332458577628253","9","7","Wisconsin, Fond du Lac","-88.4889,43.7535","0.8059875404447229","0.276368876080692","0.6152670248756542","0.5419","1.0","0.38022621028167947","0.3662549592438328","0.407185628742515","0.5670390838965326","0.2867401186261071","0.09411498542223207","0.5073838435892181"
"0.5331577270695013","9","3","Ohio, Summit","-81.5312,41.1246","0.5727384231274991","0.129566031845145","0.7211997123052075","0.4037","1.0","0.7247088387345686","0.4651403531497479","0.5449101796407185","0.558371441896005","0.3486713941449849","0.20305638380035926","0.39616842191170665"
"0.5331315536138463","10","2","Texas, Kerr","-99.3493,30.0604","0.5414295097643187","0.0941704035874439","0.563731378823775","0.7319","0.825","0.8066953714640763","0.40248246033347135","0.32934131736526945","0.7294045360146626","0.33753293920952493","0.37219191907325294","0.3304110433690565"
"0.5330386273848849","10","6","Wisconsin, Kenosha","-88.0405,42.5764","0.6792515115118789","0.124920735573874","0.6761042646593534","0.6135","1.0","0.38022621028167947","0.5073018101849586","0.49101796407185627","0.46408171358848016","0.27892654044739157","0.2777592542151265","0.42695187659116346"
"0.5329979224690375","9","4","Missouri, Stone","-93.4526,36.75","0.68734712969058","0.186413902053712","0.5220489394204694","0.4438","1.0","0.6898109656793697","0.24299083431301804","0.407185628742515","0.7663087617572133","0.40652187599014256","0.3722322497069368","0.0"
"0.5328746962455617","10","9","Missouri, Cooper","-92.809,38.8445","0.7382601225950747","0.170175438596491","0.48201187597759687","0.4852","0.75","0.6898109656793697","0.4892966538576593","0.40119760479041916","0.558371441896005","0.3296589238739562","0.34745749266267084","0.3943814370918234"
"0.5328073912433179","9","3","Alabama, Blount","-86.5679,33.9821","0.657762541362701","0.0935960591133005","0.5373404066847484","0.1741","1.0","0.5802035115828437","0.35014087640672614","0.5209580838323353","0.5755097168756041","0.47931187519043555","0.4462276990065463","0.6101916759976616"
"0.5328070379554921","9","7","Iowa, Lee","-91.4818,40.6418","0.7269966909584509","0.198614318706697","0.6250252373050363","0.5568","0.675","0.5124529061342115","0.3520556829918439","0.4610778443113772","0.6114115319998742","0.4424224715823952","0.3029059493255883","0.4082749280876942"
"0.5327377205894313","10","4","Kentucky, Clark","-84.1462,37.9689","0.6215710504076667","0.183673469387755","0.599641750557146","0.4772","1.0","0.7986013047908057","0.3658708199337951","0.44311377245508987","0.5627304600978258","0.4218642847625644","0.34443475405761903","0.0"
"0.5326680884594576","7","9","Missouri, Miller","-92.4261,38.2145","0.7760411232659802","0.249666221628838","0.5266834602252756","0.4893","0.75","0.6898109656793697","0.27097151620271537","0.407185628742515","0.5837920978957992","0.39798507694710417","0.4776864410710703","0.0"
"0.5326360207078281","10","5","Kentucky, Elliott","-83.0977,38.1162","0.6306679042111525","0.290322580645161","0.4762371362645173","0.6775","0.5","0.7986013047908057","0.367810448864827","0.38323353293413176","0.5878652729484978","0.6247983017998667","0.5200732103947424","0.0"
"0.5325621654601682","10","6","Louisiana, Lafourche","-90.4098,29.5247","0.5468478305624431","0.0321064996084573","0.5477452968946015","0.6727","1.0","0.3163258823370422","0.701547770311479","0.37724550898203596","0.5016507991249867","0.44559488854052587","0.4735493416235999","0.47498950845499066"
"0.5325561573841553","10","6","South Carolina, Beaufort","-80.7262,32.3923","0.5332746946436522","0.035678391959799","0.5877707284400184","0.6059","1.0","0.7732051260133426","0.5428117403929927","0.4251497005988024","0.712396635537302","0.1851629400569703","0.21768719923853827","0.5116839288698881"
"0.5324921573856718","10","4","Arkansas, Boone","-93.0937,36.3085","0.6925316486142127","0.152471083070452","0.5606440018072968","0.46","1.0","0.610486779204959","0.2460931067874232","0.38323353293413176","0.6207997313712245","0.43318286474577317","0.3465071188412973","0.37528033711606723"
"0.5324343051764301","10","9","Kentucky, Harrison","-84.3287,38.4419","0.6467939604583332","0.211618257261411","0.4485604910626033","0.5575","0.75","0.7986013047908057","0.3016199997793458","0.44910179640718567","0.5712984652022484","0.4271948878113535","0.4190916015270414","0.4193324766965101"
"0.5323491418904633","9","9","Indiana, Jackson","-86.0385,38.9092","0.7387536382906245","0.228464419475655","0.602036264339725","0.3722","0.825","0.5484650550776322","0.266996947363403","0.4970059880239522","0.5287228277828","0.43628043364125974","0.3802069361180929","0.4726670316390742"
"0.5323463879151993","10","5","Florida, Lafayette","-83.1817,29.9848","0.6682636151404563","0.0222045995241872","0.4780428743656049","0.9975","0.5","0.4454391386730797","0.5762709485246751","0.34131736526946105","0.47245716285929296","0.4546920443553241","0.7068489772793197","0.0"
"0.5322994505143606","10","6","Florida, Pinellas","-82.7224,27.9313","0.5808124624262712","0.0659778414042076","0.7667605076073993","0.8112","1.0","0.4454391386730797","0.48577574999238715","0.2275449101796407","0.6853345393682004","0.28191702150524356","0.2672688082757976","0.3949647581199549"
"0.5322972468917204","10","5","West Virginia, Summers","-80.8601,37.6539","0.5621045228192197","0.233766233766234","0.5079715538244083","0.8746","0.5","0.590915881821042","0.40100972570843146","0.34131736526946105","0.6742558355103007","0.49435212869594236","0.5062916394111922","0.4817140639491227"
"0.5321956857871578","9","3","Indiana, Steuben","-85.001,41.6442","0.7098633274785404","0.261986301369863","0.5786003293109473","0.467","1.0","0.5484650550776322","0.22287894098172137","0.5389221556886228","0.595880459448231","0.28842557451365836","0.20425455484851124","0.6047350661777294"
"0.5321586960523093","10","6","Georgia, Camden","-81.666,30.9295","0.5207725470126133","0.0397398843930636","0.5549700434546823","0.6823","0.825","0.7922333288990623","0.5891604809512754","0.3592814371257485","0.43472072581226856","0.44060293354419927","0.3514253972294914","0.6009760878181439"
"0.5321457873564762","10","3","Alabama, Madison","-86.5507,34.7633","0.6043752167532203","0.080102781812088","0.6752706638204405","0.3836","1.0","0.5802035115828437","0.6346671043808639","0.5149700598802395","0.4939129750014257","0.37095937103486804","0.23202237780938295","0.43045369131358846"
"0.532038427972782","10","3","Georgia, Gwinnett","-84.0214,33.9604","0.5892841880532722","0.0543972515072923","0.7427176110517328","0.2337","1.0","0.7922333288990623","0.6503632717580714","0.49101796407185627","0.3295349972503631","0.2597439573582348","0.3557838912666738","0.5899524642339079"
"0.532013594761616","10","9","Missouri, Audrain","-91.8424,39.2159","0.6346902088655935","0.119544592030361","0.5286195026665661","0.4737","0.675","0.6898109656793697","0.4822620530039707","0.4191616766467066","0.560557323866868","0.45634945989370995","0.5123405077856896","0.4117412535963103"
"0.5317281914204487","10","6","Pennsylvania, Allegheny","-79.9817,40.4681","0.5186338670377506","0.0879719177591518","0.7333550996256472","0.6074","1.0","0.7607330979588356","0.4240292716733985","0.6167664670658684","0.5817386943120182","0.29504030530343406","0.11555828678859276","0.3428210871077218"
"0.5316898430544197","10","6","Florida, Pasco","-82.4023,28.3081","0.5584471776336556","0.0724353954581049","0.6758783747501633","0.66","1.0","0.4454391386730797","0.4463498698969912","0.33532934131736525","0.6628376879802886","0.38256747872458674","0.3779384893646424","0.45489403131987594"
"0.5316079376486851","7","7","Illinois, Bond","-89.4353,38.8883","0.748249611416417","0.215217391304348","0.5157195571721609","0.9265","0.575","0.48583792883850596","0.48625931471473005","0.4970059880239522","0.5691748594129424","0.21381147262577407","0.2508886364624536","0.29333747832965495"
"0.5315894451507956","9","7","Missouri, Lafayette","-93.7808,39.0699","0.7032365473643304","0.185636856368564","0.5237639152886071","0.5842","0.75","0.6898109656793697","0.3825068383036499","0.38922155688622756","0.5837920978957992","0.36005760264576075","0.2471176616565039","0.5669752588678376"
"0.5315047298368014","10","6","Delaware, Kent","-75.5688,39.0865","0.5179501678122483","0.053737616331432","0.6154588727216288","0.8373","1.0","0.34917477553283943","0.6304153843266543","0.37724550898203596","0.542700408721451","0.38054493506931947","0.32408800992060927","0.5302739999782872"
"0.5314462959794881","10","5","Texas, Presidio","-104.2408,29.9995","0.6778807750192555","0.198347107438017","0.41685760826601803","0.7026","0.5","0.8066953714640763","0.3935420237534801","0.17365269461077848","0.6611775880966219","0.3502853761132626","0.8443925461722173","0.0"
"0.5314404081003589","9","3","Kentucky, Nelson","-85.4657,37.8034","0.6673585928312233","0.215022091310751","0.5270358260233403","0.2697","1.0","0.7986013047908057","0.3654277672847166","0.5089820359281437","0.5016507991249867","0.4008772649266849","0.2040556872794154","0.5815337763259141"
"0.5312043141927866","10","9","Georgia, Jasper","-83.6884,33.3154","0.534518902257835","0.0663900414937759","0.45689924681500316","0.3493","0.75","0.7922333288990623","0.5657341117789747","0.4970059880239522","0.5561726637917245","0.43518786461314707","0.5974839255779908","0.5410890430370039"
"0.5310534480908324","10","5","Arkansas, Prairie","-91.5516,34.8362","0.691550655369074","0.161458333333333","0.44754273702701747","0.695","0.5","0.610486779204959","0.5042482304979801","0.43113772455089816","0.6694051144412375","0.508305335531989","0.46243637479197325","0.0"
"0.5310018142754883","10","9","Idaho, Cassia","-113.6012,42.2835","0.8495421637302859","0.279424977538185","0.5065217998897631","0.4658","0.5","0.771056031651189","0.32348774385574913","0.24550898203592814","0.4752076683887773","0.3502855894842738","0.4566102332503427","0.5589534635855479"
"0.5309178510165785","10","9","Texas, Parmer","-102.7845,34.5299","0.8020086880092542","0.167293233082707","0.5111445944636637","0.5062","0.5","0.8066953714640763","0.4018808758718706","0.23952095808383234","0.45839165180163993","0.34860967626079914","0.550384406650994","0.44995453309173195"
"0.530872873757905","9","7","Illinois, Montgomery","-89.4781,39.232","0.7229480321998417","0.256880733944954","0.5364165918388623","0.5689","0.75","0.48583792883850596","0.33004261075540525","0.502994011976048","0.6114115319998742","0.34094818457140813","0.3256615101993508","0.49577620864455224"
"0.5308367080407225","10","6","Oregon, Yamhill","-123.3087,45.2333","0.5407895739807456","0.136460554371002","0.6268277680118255","0.8902","0.825","0.7438233614458837","0.4143861055525035","0.32934131736526945","0.542700408721451","0.2977258548797764","0.27395763781661825","0.5425843691566755"
"0.530822624851498","10","3","North Carolina, Cabarrus","-80.5527,35.3878","0.6001039714256948","0.0872029649008066","0.6577384088281598","0.3633","1.0","0.7283659930549282","0.5940286625045391","0.47904191616766467","0.452613368495235","0.3384128705760963","0.2431483037335146","0.46954375253789216"
"0.5307625746733252","9","3","North Carolina, Moore","-79.4847,35.3089","0.6693080035431337","0.150259067357513","0.586893061660326","0.3372","0.825","0.7283659930549282","0.5797912088101492","0.44311377245508987","0.6822026570079781","0.26667220199042496","0.23640679003157541","0.40097391173900426"
"0.5306642146800585","10","6","Illinois, Perry","-89.3686,38.0851","0.6030530106745567","0.101736972704715","0.5544446061551449","0.7854","0.75","0.48583792883850596","0.4769786476988657","0.502994011976048","0.579673914473061","0.3156751575010192","0.41251068368175337","0.4225734402751701"
"0.5306319745710721","9","9","Alabama, Cherokee","-85.6064,34.1781","0.6544243375600268","0.105042016806723","0.5034738890541324","0.2741","0.825","0.5802035115828437","0.4511247346117807","0.502994011976048","0.6493451083308717","0.4663868317163816","0.46085427548923297","0.4616709341473671"
"0.5306273325254434","9","9","Texas, Leon","-95.9936,31.2987","0.6828662824298669","0.19435736677116","0.49972481164696225","0.2655","0.675","0.8066953714640763","0.5238433442267787","0.40119760479041916","0.6853345393682004","0.463061529379494","0.5081400662318628","0.0"
"0.5306142015962002","9","3","Ohio, Trumbull","-80.7611,41.3174","0.5077357119375144","0.0846366145354186","0.6283791217352196","0.3868","1.0","0.7247088387345686","0.41762304933214545","0.49101796407185627","0.626321192473144","0.47763279680224957","0.3506792199498326","0.435715499483985"
"0.530609622378391","10","6","Florida, Hillsborough","-82.3201,27.9277","0.5924896127654132","0.0564074359256407","0.7432750928988894","0.8099","1.0","0.4454391386730797","0.5536549913317519","0.24550898203592814","0.4806485213347297","0.2623250555865962","0.3758962817214665","0.4130889325421838"
"0.5305555252574746","10","2","Texas, Milam","-96.9772,30.7858","0.522019561939881","0.0484171322160149","0.5271389630144575","0.5829","0.675","0.8066953714640763","0.5783132546776106","0.4131736526946108","0.613308186513927","0.3903267335421083","0.4539186176257465","0.5238236304563737"
"0.5305326685818468","9","9","Arkansas, Logan","-93.7195,35.2141","0.7096491574126325","0.177121771217712","0.5209765071186235","0.4763","0.5","0.610486779204959","0.4006751132145725","0.4131736526946108","0.6037268925796017","0.4743063223298458","0.5261278921939151","0.4864028375930408"
"0.530515136680374","10","9","Virginia, Southampton","-77.1064,36.7223","0.7546445557019271","0.122494432071269","0.49307505869766166","0.5584","0.5","0.7697111946822568","0.6230482063308138","0.3652694610778443","0.595880459448231","0.48502775998271047","0.29316846299470584","0.0"
"0.5305038934739357","10","2","Texas, Fannin","-96.1075,33.5956","0.549062677141563","0.0603217158176944","0.46669468280217385","0.7281","0.75","0.8066953714640763","0.5582650387426716","0.4191616766467066","0.5978576089534523","0.3054615005403373","0.4493290399577267","0.2938323971085951"
"0.5305030947627309","10","2","Virginia, Dickenson","-82.3512,37.1256","0.5453732660793728","0.15","0.5009753212461645","0.816","0.675","0.7697111946822568","0.153343022503046","0.38323353293413176","0.6317620454190964","0.4659950548384286","0.5479948468834775","0.4976810016582062"
"0.5304758375915045","9","5","Georgia, Crawford","-83.9806,32.7139","0.5736519664519719","0.100529100529101","0.45438798046744805","0.5431","0.5","0.7922333288990623","0.5986155094056629","0.502994011976048","0.5734100391661536","0.5601722328994997","0.6216404006854512","0.0"
"0.53040462342825","10","5","Tennessee, Wayne","-87.7864,35.2387","0.6106408804918396","0.0218931101094656","0.4774348343299513","0.879","0.5","0.4911779531988354","0.44562022116287253","0.40119760479041916","0.595880459448231","0.5035653282560172","0.6134543720647504","0.3703565266354325"
"0.530358912123977","10","2","New Mexico, Otero","-105.7418,32.6135","0.5255446352208988","0.202857142857143","0.48628532383468853","0.8618","0.675","0.5871956657568004","0.668102909383088","0.22155688622754494","0.5517358041566147","0.3620909646019955","0.5499804947490847","0.500896386718154"
"0.5303440237447613","9","3","Kentucky, Kenton","-84.5324,38.9395","0.5652444178940967","0.101223112610713","0.7375494870127464","0.4343","1.0","0.7986013047908057","0.3668939411737671","0.5508982035928144","0.4752076683887773","0.4147550309780445","0.20021906921984206","0.3743059812242439"
"0.5303305142572333","10","6","California, San Diego","-116.7365,33.0348","0.5252319645210434","0.0682159208956947","0.7513754529733966","0.8411","1.0","0.6302607543856039","0.5256070399365563","0.44311377245508987","0.46689449529952165","0.10405807845522021","0.28490189421965134","0.4692641374798374"
"0.5302143370309932","10","9","Missouri, Scotland","-92.1471,40.4521","0.7157960819904654","0.377049180327869","0.45608355451558213","0.7004","0.5","0.6898109656793697","0.038158568062392755","0.38922155688622756","0.5837920978957992","0.3467928664376066","0.7627621324659059","0.3652853516088635"
"0.5301901163791327","9","9","Virginia, Amherst","-79.1455,37.6031","0.6636759512018237","0.186666666666667","0.5609649679753087","0.3763","0.75","0.7697111946822568","0.6213219669763671","0.3652694610778443","0.6189409155096902","0.3873120578607793","0.4250326793190203","0.0"
"0.5301278124441753","10","4","Pennsylvania, Blair","-78.3492,40.4796","0.5956584642912774","0.22333000997009","0.6373557369016981","0.6189","0.825","0.7607330979588356","0.24546972131177858","0.49101796407185627","0.6151952376728468","0.3853275386325244","0.25339046799400883","0.38679345059081033"
"0.5301059054525114","10","5","New Mexico, San Miguel","-104.8164,35.4801","0.5656381890646226","0.27972027972028","0.46405580821410547","0.9128","0.675","0.5871956657568004","0.5061373602977052","0.14371257485029942","0.613308186513927","0.3925873158722016","0.5366484952737464","0.4818455977118223"
"0.5300816440876063","10","6","Nebraska, Lancaster","-96.6878,40.7842","0.696836523192635","0.157463705174339","0.6428036974469801","0.6925","1.0","0.603814206971114","0.4819818691395992","0.3652694610778443","0.45839165180163993","0.2015500437677037","0.1463627763511338","0.4250473679406104"
"0.5300488577989942","9","7","Illinois, Randolph","-89.8251,38.051","0.7300253756952929","0.145486415425066","0.5592562563550084","0.5635","0.75","0.48583792883850596","0.4645683948346995","0.47904191616766467","0.579673914473061","0.335901789245117","0.3373572728546616","0.34533320553589253"
"0.5300131180776814","10","3","Kansas, Saline","-97.6519,38.7837","0.6626271440055231","0.176160337552743","0.5941480729807423","0.4947","1.0","0.6813178638986801","0.4401778526201871","0.32934131736526945","0.5494974081927578","0.3600009311161914","0.22867990084719764","0.4053052003196233"
"0.529959378431498","10","6","New Jersey, Middlesex","-74.4143,40.4363","0.5450809315751509","0.0490205446727186","0.7899517613475465","0.907","1.0","0.5465970409188426","0.5254391831881451","0.40119760479041916","0.4939129750014257","0.18351034901998775","0.17297651340097336","0.4333884029042947"
"0.5298933421974805","10","9","Oklahoma, Cotton","-98.3705,34.2885","0.6645726955840175","0.202247191011236","0.39768958808903854","0.4059","0.5","0.9523454485741492","0.646417625029153","0.33532934131736525","0.6056629582719985","0.44142537612161314","0.576341105599527","0.0"
"0.529841027020476","10","6","Louisiana, St. Mary","-91.447,29.6926","0.5045893709566703","0.022567703109328","0.5972961567918977","0.7908","0.75","0.3163258823370422","0.7555643773906404","0.3592814371257485","0.5287228277828","0.4981681257594198","0.5534015740573986","0.40139035512932575"
"0.5298098892823191","10","3","Tennessee, Tipton","-89.7369,35.5019","0.7106113155602354","0.126209120221096","0.5584225446844816","0.1429","1.0","0.4911779531988354","0.5568771296480562","0.4251497005988024","0.4806485213347297","0.4688036021515985","0.4065728759411541","0.5048768789203901"
"0.5297699655484142","10","7","South Dakota, Clay","-96.9766,42.913","0.7894951052306446","0.164285714285714","0.47075122184122287","0.5677","0.675","0.7704699034685317","0.5312030951271898","0.311377245508982","0.41269877075759065","0.24799828291840514","0.3322869976338151","0.49351686375993953"
"0.5297618086185675","7","7","Iowa, Buena Vista","-95.151,42.7355","0.7672094950738118","0.0624430264357338","0.6138054111437913","0.7052","0.675","0.5124529061342115","0.4133860292352635","0.34131736526946105","0.4965101409658336","0.2633522309153966","0.4043188416363773","0.49486886305872185"
"0.5295704147029402","10","2","Washington, Okanogan","-119.7387,48.5486","0.4860415438791114","0.0302752293577982","0.4734547867833624","0.744","0.675","0.9576955189784127","0.5614209500114693","0.24550898203592814","0.6317620454190964","0.3286005875536643","0.5371027901895068","0.4696860968772661"
"0.5295520339152017","10","2","West Virginia, McDowell","-81.6508,37.38","0.42642258306560804","0.0857142857142857","0.531612898485804","0.9255","0.5","0.590915881821042","0.41230366401065466","0.37724550898203596","0.6170727822364962","0.7923967357660658","0.5993852787858082","0.3281081466619047"
"0.5294605124440914","9","3","Missouri, St. Louis","-90.4458,38.6377","0.6273745245251419","0.089340490797546","0.7680182285817985","0.3273","1.0","0.6898109656793697","0.510984586875149","0.5449101796407185","0.5648909983668218","0.29845736207025775","0.1164420484522302","0.36867095834633856"
"0.529458347351481","9","3","Ohio, Portage","-81.1974,41.1679","0.5848280642995818","0.179084967320261","0.6187902039792124","0.5403","1.0","0.7247088387345686","0.3485616630804249","0.5089820359281437","0.5215324091055006","0.33171229189375834","0.22775253849849658","0.488553432528643"
"0.5294564467020701","10","9","Texas, Menard","-99.8205,30.8899","0.7170070691416476","0.256410256410256","0.41894106955336163","0.5174","0.5","0.8066953714640763","0.4258985033812664","0.2634730538922156","0.7252247709976565","0.4617975809397777","0.5780524324882754","0.0"
"0.5293479054133096","10","2","California, Lake","-122.7536,39.1012","0.5407622431757924","0.117021276595745","0.5228540991444802","0.837","0.675","0.6302607543856039","0.5464717483741685","0.23353293413173656","0.6493451083308717","0.32404817178582856","0.5032486749327915","0.5693421606870687"
"0.5292142516791596","10","9","Ohio, Adams","-83.4719,38.8454","0.5650165012476911","0.207253886010363","0.5020847634045441","0.595","0.675","0.7247088387345686","0.22721256583498514","0.44311377245508987","0.5561726637917245","0.526266594841856","0.5607253991309658","0.577450703342705"
"0.5292020098417808","7","7","Nebraska, Sheridan","-102.4127,42.5028","0.796861282665147","0.445544554455446","0.37633946970520993","0.7736","0.5","0.603814206971114","0.4919213631797576","0.09580838323353291","0.7035924826400836","0.3508588952328931","0.3188005790655429","0.37072851820707053"
"0.5291843986565027","10","2","Pennsylvania, Clarion","-79.4241,41.1927","0.5216325217820749","0.225988700564972","0.5709163469004476","0.774","0.75","0.7607330979588356","0.2423342466752027","0.4730538922155689","0.5938927650957907","0.3971721560682538","0.3994752899778618","0.4723030671533004"
"0.5291457911338573","10","6","North Carolina, Franklin","-78.2871,36.0815","0.5794636931511516","0.079388201019665","0.5570095081476889","0.6052","0.825","0.7283659930549282","0.6515125028677756","0.4550898203592814","0.5380992168517501","0.35907505342580576","0.40661696107827405","0.0"
"0.529141276734778","9","3","Missouri, Lincoln","-90.9559,39.0535","0.6596104895948973","0.164918970448046","0.5469118174457118","0.276","1.0","0.6898109656793697","0.3307743085946706","0.4730538922155689","0.4496902805094778","0.49165631853236713","0.29095802937499265","0.6678492752425998"
"0.5291252716300416","9","9","Indiana, Clinton","-86.4728,40.3032","0.684222744278835","0.145341614906832","0.5565031388465577","0.453","0.825","0.5484650550776322","0.2519643048834843","0.5089820359281437","0.5357771420024626","0.48229701955045595","0.37079584936011756","0.5961073631523267"
"0.5290026372830114","9","3","North Carolina, Transylvania","-82.7964,35.2038","0.5766179867104871","0.138461538461538","0.5858496634491583","0.3992","1.0","0.7283659930549282","0.393987987728615","0.34131736526946105","0.7574196090175283","0.2682941938016196","0.4073200221249254","0.44000479116884056"
"0.52890319636204","10","4","Kansas, Neosho","-95.3067,37.5586","0.6116098221348949","0.160194174757282","0.49470361312682826","0.6702","0.675","0.6813178638986801","0.41530193178051455","0.39520958083832336","0.5998243249034969","0.44704154538312035","0.3689434258099827","0.5092520521373491"
"0.528898201239421","9","7","Illinois, Warren","-90.6147,40.8493","0.7411834928738471","0.213333333333333","0.4927688174865449","0.6756","0.675","0.48583792883850596","0.3604043178924302","0.4730538922155689","0.5858342498966352","0.322352509025677","0.3169358019879733","0.5276291985962859"
"0.5288801064144237","10","3","Illinois, Williamson","-88.9299,37.7303","0.6780888258289227","0.136792452830189","0.6062833590237966","0.4741","1.0","0.48583792883850596","0.42841717773760307","0.5149700598802395","0.5817386943120182","0.303279825180745","0.2851846931074948","0.33514260222498204"
"0.528833460947762","10","2","Texas, Brown","-98.9991,31.7743","0.5245147910316638","0.0632911392405063","0.566416731450294","0.6931","0.825","0.8066953714640763","0.45875563571384714","0.3173652694610779","0.6017807168377609","0.4015475057325626","0.4151695987925517","0.3633097703908837"
"0.5287847543239561","10","6","Louisiana, Calcasieu","-93.354,30.2293","0.5381173971394828","0.0290775809407453","0.637290768656863","0.7829","1.0","0.3163258823370422","0.6073303430007575","0.38922155688622756","0.4939129750014257","0.428450078435743","0.39881195399982394","0.391467174824978"
"0.5287054084684751","10","6","Pennsylvania, Erie","-80.033,41.9925","0.48659094624867916","0.115239633817986","0.6600727252077683","0.7848","0.825","0.7607330979588356","0.4188970911126116","0.4730538922155689","0.5539608364828539","0.3762833767071982","0.281697486093501","0.4004438350938247"
"0.5285512556758317","10","9","Arkansas, Yell","-93.4117,35.0029","0.6340563128137999","0.0401211203633611","0.5180083522710432","0.5521","0.75","0.610486779204959","0.40394534379670305","0.4251497005988024","0.558371441896005","0.4922105846624996","0.4868626896947722","0.4091089232138637"
"0.5284595376238348","10","4","Ohio, Madison","-83.4018,39.8938","0.6263750349000654","0.101678183613031","0.5291048549337735","0.5291","0.825","0.7247088387345686","0.4316582116122646","0.5209580838323353","0.5092312328105775","0.4372707842026957","0.24584088826222325","0.47218929370563445"
"0.5281553427128155","9","3","Texas, Chambers","-94.6715,29.7097","0.651956250349277","0.0801603206412826","0.5762857279228492","0.3317","1.0","0.8066953714640763","0.5523570422972138","0.4131736526946108","0.3927283612037091","0.24842087685841674","0.32302972440370314","0.5751604817435602"
"0.5280350765607104","9","7","Michigan, Marquette","-87.6404,46.4339","0.7844659227244293","0.548117154811716","0.5537985321481801","0.5804","0.675","0.5192862589944978","0.45618359029283784","0.21556886227544908","0.5755097168756041","0.3367341400482208","0.26100617543147425","0.383455593451364"
"0.528027488351757","10","2","Illinois, Massac","-88.7104,37.2208","0.4857105740206461","0.079136690647482","0.5314119735912118","0.8064","0.75","0.48583792883850596","0.4561732369647072","0.49101796407185627","0.6388951207196634","0.5318659350635735","0.40796712895907844","0.49385907162601717"
"0.5279786183430912","10","6","New York, Queens","-73.8168,40.7109","0.4993174440948198","0.0263350597132168","0.922989089118118","0.8478","1.0","0.30357014148943134","0.6519438104360983","0.3053892215568862","0.5067215141840639","0.17514723447415712","0.37889370770657854","0.4916337404592994"
"0.5279037398243502","10","3","Alabama, Colbert","-87.8017,34.6985","0.6521318116520964","0.0820539968237163","0.5792006430720915","0.1025","1.0","0.5802035115828437","0.5760947771460523","0.4610778443113772","0.6056629582719985","0.4333194409025589","0.4237113363355635","0.3313394172795877"
"0.5279032026442969","10","7","Florida, Baker","-82.2847,30.3306","0.7429337805724903","0.0961424332344214","0.5083509694572517","0.6597","0.75","0.4454391386730797","0.5240118050967826","0.3233532934131737","0.4806485213347297","0.5143994808596531","0.4342395695352809","0.10648317327064837"
"0.5278669039142202","10","9","Oklahoma, Harmon","-99.8474,34.744","0.6886312650787656","0.161290322580645","0.4123938855324764","0.3553","0.5","0.9523454485741492","0.6328461367036904","0.2874251497005988","0.5918944128138512","0.38338041956126145","0.5363028387316028","0.28844936664576876"
"0.5278168168101868","9","9","Alabama, Lamar","-88.0967,33.78","0.6959646872187182","0.120879120879121","0.48826610678471283","0.3251","0.75","0.5802035115828437","0.4576357487785338","0.43712574850299407","0.6388951207196634","0.5314846907484172","0.5886480045238134","0.0"
"0.5276682744074497","10","5","Florida, Dixie","-83.1572,29.6063","0.6056775055115796","0.0380184331797235","0.4828182041068724","0.9904","0.5","0.4454391386730797","0.5154309475954534","0.3053892215568862","0.6661358670949733","0.5178930538797769","0.6391440168172686","0.0"
"0.5276179336443069","10","5","Kentucky, Magoffin","-83.0658,37.7082","0.6364800052661591","0.236641221374046","0.49761885169166675","0.8879","0.5","0.7986013047908057","0.1168707038285959","0.40119760479041916","0.5357771420024626","0.5676636464523761","0.5800742931450882","0.0"
"0.527613410569515","9","9","Kansas, Cherokee","-94.8463,37.1693","0.6983545527431957","0.131493506493506","0.5398904469072233","0.219","0.675","0.6813178638986801","0.4684450876966048","0.4131736526946108","0.5878652729484978","0.5056010629730309","0.4043499676809922","0.5777822844291151"
"0.5275895258528918","10","5","Missouri, Lewis","-91.7207,40.0967","0.708083424152235","0.254437869822485","0.46517570953276594","0.7771","0.5","0.6898109656793697","0.3939187535523764","0.43712574850299407","0.5837920978957992","0.4858792334159227","0.36463906929008766","0.0"
"0.5275567341950834","9","3","Georgia, Henry","-84.1481,33.4533","0.6150152080816472","0.0828111769686706","0.6824103860885055","0.0474","1.0","0.7922333288990623","0.6165437581186366","0.5209580838323353","0.39613196301134124","0.36628016327165047","0.30699315021126355","0.5731294706345884"
"0.527554076087323","7","9","Tennessee, Houston","-87.7188,36.2887","0.8249047761366284","0.234828496042216","0.4813404308733863","0.368","0.5","0.4911779531988354","0.37111461768761533","0.4191616766467066","0.6388951207196634","0.4146173645040217","0.5163904058630325","0.4281043864711965"
"0.5275110840499996","10","7","Pennsylvania, Montour","-76.6635,41.0302","0.6969163459638621","0.269372693726937","0.6311077121231555","0.7778","0.75","0.7607330979588356","0.2331158318633882","0.4550898203592814","0.626321192473144","0.2920858939832291","0.09940713968484698","0.18250130081198024"
"0.52750864188353","10","2","Arizona, Cochise","-109.7516,31.8793","0.5027592341320035","0.0556102362204724","0.49495544240266837","0.936","0.675","0.7690982121439038","0.5361026333002963","0.2694610778443114","0.6371246099900815","0.2891275049719524","0.4429221615136511","0.5187263558740302"
"0.5273533832006083","10","4","Ohio, Hardin","-83.6593,40.6602","0.5638179521946253","0.145631067961165","0.4627242757111745","0.7093","0.75","0.7247088387345686","0.22362495538892446","0.5209580838323353","0.5166605513962695","0.4540341207186322","0.450983080390822","0.593125938735463"
"0.5272372185233231","10","9","Texas, Hamilton","-98.1108,31.7047","0.6719884949607259","0.153846153846154","0.4925023164612121","0.5049","0.675","0.8066953714640763","0.37542052906993834","0.33532934131736525","0.7050743605672205","0.337706631828524","0.4172649750489024","0.36735478291881385"
"0.5272020191271781","10","2","Texas, Jackson","-96.5775,28.9547","0.5682286986989318","0.0345911949685535","0.5164159453764706","0.6418","0.675","0.8066953714640763","0.5080116212039545","0.38922155688622756","0.5539608364828539","0.37589933685855453","0.4348395634069624","0.5006273263580405"
"0.527159260926011","10","9","Kansas, Wilson","-95.7432,37.5594","0.6981074947440962","0.35","0.45106363460351234","0.6514","0.5","0.6813178638986801","0.35237742186813303","0.40119760479041916","0.6299572389493907","0.49941134468410936","0.32702645386787127","0.35094092410556027"
"0.5271090578900914","10","3","Illinois, Madison","-89.9042,38.8304","0.6534141429294325","0.112033195020747","0.6519646536990167","0.3725","1.0","0.48583792883850596","0.4543615495130991","0.5748502994011976","0.5472454870957077","0.3742854547991511","0.23596206304392614","0.4046076648031684"
"0.5270107637239642","9","3","Texas, Van Zandt","-95.8377,32.5648","0.5198691053579869","0.0874233128834356","0.5249095706983499","0.3391","1.0","0.8066953714640763","0.44190808021251843","0.43712574850299407","0.6207997313712245","0.28802169888738033","0.49875199094656003","0.5738758692595244"
"0.5269616461400515","10","6","Indiana, Putnam","-86.8452,39.6644","0.6178126735873218","0.1169757489301","0.5673438977673284","0.7186","0.825","0.5484650550776322","0.38061145602246493","0.49101796407185627","0.5310891329236117","0.3491402278141925","0.2649184891248386","0.6156295910307286"
"0.52696098757818","10","6","North Carolina, Orange","-79.1217,36.0609","0.5569874758660575","0.0673927842069435","0.6782484977195634","0.8367","1.0","0.7283659930549282","0.5364433444799","0.4610778443113772","0.452613368495235","0.14584454476974454","0.15111815773540951","0.3408710247849549"
"0.5268466662023836","9","2","Oklahoma, Coal","-96.298,34.5884","0.5048337525677142","0.0632911392405063","0.4576223217251912","0.39","0.5","0.9523454485741492","0.5967316090840138","0.37724550898203596","0.6226493223021841","0.502161336398121","0.6901657807047834","0.40586409743955854"
"0.5267937716413514","7","5","Michigan, Baraga","-88.3636,46.6721","0.6373203577724822","0.318181818181818","0.4712923898539654","0.7396","0.32499999999999996","0.5192862589944978","0.7979463585674862","0.17964071856287425","0.6335581539925471","0.4979749256378812","0.4222438099441294","0.4919754528827946"
"0.5266944545060206","7","5","Alaska, Northwest Arctic","-159.7504,67.0492","0.8053038249574276","0.349753694581281","0.19010101691177858","0.9656","0.5","0.0","0.771252261884368","0.0","0.26320213340736576","0.6795190851226548","0.7926129781556934","0.4665135923183758"
"0.5266168555378674","10","4","Ohio, Clinton","-83.8085,39.4149","0.6229690490150126","0.226190476190476","0.5490935491119706","0.5247","0.825","0.7247088387345686","0.3222156094967125","0.4970059880239522","0.5380992168517501","0.4272003883494128","0.3061453591128036","0.39604776781880285"
"0.5264998896326722","9","9","Kentucky, Ohio","-86.8537,37.4775","0.6744130726126321","0.144642857142857","0.46537677940257094","0.2101","0.75","0.7986013047908057","0.24927196649145178","0.5209580838323353","0.5734100391661536","0.46714285434905867","0.5079829826526197","0.5601009992407961"
"0.5264302079730091","7","7","Minnesota, Clearwater","-95.3779,47.5799","0.7031461135893247","0.5","0.47526109947792716","0.8332","0.5","0.42209023252660954","0.5295564752792684","0.18562874251497005","0.6207997313712245","0.32319015321415395","0.46477954827510237","0.4360126660600924"
"0.5263268800648638","10","3","Texas, Wise","-97.6546,33.2157","0.5092086103090064","0.0754716981132075","0.5576016966466735","0.4903","1.0","0.8066953714640763","0.38847424469545416","0.4131736526946108","0.504194780386106","0.41816483402606036","0.4302729972116151","0.5189020977141643"
"0.5261225824306713","10","6","Florida, Lake","-81.7125,28.762","0.5547275368819632","0.0581537708129285","0.65122171118707","0.5855","1.0","0.4454391386730797","0.5268750264220536","0.311377245508982","0.7209975974271429","0.33774237192805356","0.3560590600346311","0.4508488031820102"
"0.5260611987453991","10","3","Illinois, Lake","-88.0037,42.3225","0.6477804210866829","0.0986727029529787","0.7175600967705097","0.5365","1.0","0.48583792883850596","0.5212312440295588","0.5748502994011976","0.46408171358848016","0.19104013110600213","0.15508848456251134","0.5215753636550535"
"0.5260611342328955","10","9","Alabama, Crenshaw","-86.3159,31.7294","0.6581740249506828","0.0697278911564626","0.5106663929866616","0.2353","0.75","0.5802035115828437","0.6062022864442137","0.4610778443113772","0.5858342498966352","0.495279260858975","0.4840469332307587","0.37370938128958203"
"0.5260438497753369","10","6","Florida, Osceola","-81.1488,28.0631","0.6033153395064835","0.0529909455247143","0.6534500540276372","0.5501","1.0","0.4454391386730797","0.547144758955188","0.3053892215568862","0.452613368495235","0.31846319938448886","0.5446475254007297","0.44703406833979925"
"0.526007722656287","10","5","Louisiana, LaSalle","-92.1591,31.6788","0.6574658625598033","0.0920502092050209","0.47260733540732713","0.6039","0.75","0.3163258823370422","0.614077910571674","0.3652694610778443","0.558371441896005","0.502270905108769","0.5268534802611826","0.35146071108345306"
"0.5259881678939895","10","6","Florida, Orange","-81.318,28.5137","0.5950542265692621","0.0578326007410305","0.7518000161565772","0.787","1.0","0.4454391386730797","0.5835326766156953","0.23353293413173656","0.40944379978250145","0.23372938774260194","0.4081501307233317","0.41134429611134726"
"0.52584000295429","9","9","Tennessee, McNairy","-88.5648,35.1747","0.719375959724319","0.113573407202216","0.5208655221306281","0.347","0.75","0.4911779531988354","0.4388006054781176","0.4131736526946108","0.624489779413553","0.5092327207537686","0.6230332003472068","0.0"
"0.5257754459466013","10","2","Washington, Lewis","-122.3926,46.5776","0.5010032828299391","0.106221547799697","0.5641868472973997","0.8255","0.675","0.9576955189784127","0.3926354529664814","0.2275449101796407","0.626321192473144","0.3337914472712026","0.40938960130928015","0.5090182457645177"
"0.5257232146943801","10","9","Alabama, Washington","-88.2069,31.4093","0.6264332653960839","0.0612903225806452","0.4528787239081611","0.2566","0.5","0.5802035115828437","0.8436973495780474","0.4251497005988024","0.5858342498966352","0.4972183913982199","0.5769742844370624","0.512511294998894"
"0.5256889748020662","10","4","Missouri, Vernon","-94.3413,37.8458","0.6605241780806423","0.215277777777778","0.5212743145088378","0.617","0.75","0.6898109656793697","0.33065520803666687","0.38323353293413176","0.5878652729484978","0.34404756343119375","0.3824776840188108","0.4115966187556476"
"0.5256460641350195","9","9","Oklahoma, Kingfisher","-97.9419,35.9453","0.7350265001700292","0.174180327868852","0.500994013373531","0.128","0.675","0.9523454485741492","0.5094209143037113","0.3592814371257485","0.5166605513962695","0.42891596053646186","0.3211993434221282","0.5082034371924906"
"0.5256277458942442","9","3","Georgia, Jackson","-83.5681,34.1379","0.643880398564231","0.0830004438526409","0.5998855596927257","0.1735","1.0","0.7922333288990623","0.44210811323455845","0.47904191616766467","0.4965101409658336","0.3060347824779316","0.36261841976341547","0.5344266882799269"
"0.5256209644587077","9","9","Missouri, Harrison","-93.9922,40.3557","0.712539462067209","0.222222222222222","0.45706197788445835","0.4002","0.75","0.6898109656793697","0.25648867361649696","0.3712574850299401","0.6527643232093532","0.3796357723264563","0.48848451406612603","0.4641971552850235"
"0.5256106418960396","10","3","Kentucky, Jessamine","-84.5825,37.8712","0.672746319508099","0.212589073634204","0.6173097699804772","0.2703","1.0","0.7986013047908057","0.3789870138662695","0.4670658682634731","0.4965101409658336","0.4052100170169363","0.34798857322934895","0.0"
"0.525567198826415","10","9","North Carolina, Graham","-83.8337,35.3507","0.7495077736495733","0.219827586206897","0.5015124327989127","0.3321","0.5","0.7283659930549282","0.4717479382266798","0.3233532934131737","0.6758588134982833","0.4026993132735403","0.6502689738372879","0.0"
"0.5255549684334672","10","5","Virginia, Richmond","-76.7292,37.9376","0.5914633764226893","0.0426666666666667","0.5324815292189574","0.9341","0.5","0.7697111946822568","0.6043500245957452","0.3233532934131737","0.6335581539925471","0.42022508633716177","0.35166604878843993","0.0"
"0.5255374051093454","9","9","Indiana, Vermillion","-87.4616,39.8523","0.699089291917283","0.308823529411765","0.5549987031295122","0.4817","0.75","0.5484650550776322","0.18518492439198297","0.502994011976048","0.6037268925796017","0.4828443555859823","0.30439551828558237","0.505546216682772"
"0.525294582105481","9","9","West Virginia, Braxton","-80.7201,38.7004","0.5864872003371908","0.648648648648649","0.4656421677089832","0.7058","0.5","0.590915881821042","0.23522161859241184","0.3652694610778443","0.6441567395133083","0.46582736607356745","0.5558377623353303","0.49393790805744364"
"0.5251459660244556","10","2","Ohio, Coshocton","-81.9173,40.301","0.5470749794912758","0.160839160839161","0.48163473142475216","0.5998","0.75","0.7247088387345686","0.2564904390525076","0.4970059880239522","0.5898852876912913","0.46067502246195013","0.49985872166909234","0.5123170341996239"
"0.5250555497796143","7","7","Montana, Cascade","-111.3468,47.308","0.7544735702955827","0.367170626349892","0.5769786363281417","0.8564","0.5","0.6163905315403087","0.5428179682643772","0.16766467065868262","0.5775976316230177","0.27365434592750004","0.20291976832049313","0.3580031613375091"
"0.5250493347973677","10","5","Tennessee, Morgan","-84.6488,36.1325","0.6715924810701562","0.175742574257426","0.49021001166111294","0.7689","0.5","0.4911779531988354","0.41677587259165344","0.38323353293413176","0.5472454870957077","0.5998896664830371","0.5988316711985138","0.0"
"0.5250227046297031","9","3","Ohio, Hancock","-83.6684,41.0025","0.6270396786009284","0.181538461538462","0.6160427446106231","0.4674","1.0","0.7247088387345686","0.31286207306677555","0.5209580838323353","0.540406913436432","0.3609190037192224","0.13063104361509753","0.46097335916936766"
"0.5249998179503684","10","6","Texas, Travis","-97.7854,30.3343","0.507871439614032","0.0374660282127605","0.7525193558491371","0.7386","1.0","0.8066953714640763","0.5682631032816879","0.44910179640718567","0.3295349972503631","0.13205448623003843","0.25729648381064174","0.4800410338900289"
"0.5249802367484421","10","2","California, Mendocino","-123.3911,39.4381","0.5458723189610768","0.100925925925926","0.5383033140523362","0.8491","0.675","0.6302607543856039","0.5027411422786932","0.34730538922155696","0.626321192473144","0.2594128015452195","0.4656767534833011","0.5059757031000324"
"0.5248964255199476","9","3","West Virginia, Berkeley","-78.0241,39.467","0.6379211616031335","0.213669064748201","0.612684386282541","0.3286","1.0","0.590915881821042","0.4080051379267634","0.40119760479041916","0.4886637078344629","0.4743304601374209","0.30427186189822125","0.5017976838530823"
"0.5248600808676821","9","9","Mississippi, Franklin","-90.8967,31.4779","0.6734739241737758","0.11304347826087","0.4583678515945365","0.1592","0.5","1.0","0.5723418897987951","0.3532934131736527","0.5938927650957907","0.47880780911800164","0.49424065228562664","0.42080016042949575"
"0.5248331200029231","10","2","Ohio, Ashtabula","-80.7483,41.7086","0.40244866804542784","0.0561009817671809","0.5588572461268503","0.844","0.75","0.7247088387345686","0.36577895640262775","0.47904191616766467","0.5817386943120182","0.4795465649768519","0.5293548273406816","0.42642958995623276"
"0.5247265463307259","10","9","Idaho, Gooding","-114.8108,42.9693","0.7735286644181854","0.252293577981651","0.481758328138397","0.4588","0.5","0.771056031651189","0.3138238846885897","0.2694610778443114","0.5517358041566147","0.3406656488201406","0.5399132176809014","0.5437987722352826"
"0.524697286862853","9","3","North Carolina, Henderson","-82.4767,35.3379","0.6123929563677015","0.103801794105083","0.6366154471056961","0.4167","1.0","0.7283659930549282","0.4277122506399702","0.3712574850299401","0.7035924826400836","0.25272819011593955","0.21967139374797667","0.4383791109586665"
"0.5246702647258215","9","3","Indiana, Howard","-86.1135,40.4853","0.5916292535682275","0.0935297885970532","0.6121209827059508","0.2509","1.0","0.5484650550776322","0.4576886435524141","0.5149700598802395","0.5918944128138512","0.4937278889202989","0.34214426473560855","0.44125794633535426"
"0.5246522590004178","9","3","Texas, Ellis","-96.7937,32.3489","0.5589388662306857","0.0522309156269824","0.6149939461210303","0.3617","1.0","0.8066953714640763","0.5640149993939342","0.44910179640718567","0.4377631248108773","0.3350070267141145","0.29918281416019454","0.532463070087208"
"0.5245707831441705","7","7","Montana, Yellowstone","-108.2691,45.9396","0.8030895375218002","0.287490134175217","0.6114547108033804","0.7453","0.675","0.6163905315403087","0.46309284873958967","0.19760479041916168","0.5380992168517501","0.25599466779252666","0.10082961203504867","0.40379900045651085"
"0.5245300886857855","9","9","Washington, Asotin","-117.2023,46.1889","0.6348768569406767","0.307692307692308","0.5385066322120096","0.3142","0.75","0.9576955189784127","0.3749563421097952","0.33532934131736525","0.6578350382684304","0.312264704493238","0.29865330806269924","0.5522938538650475"
"0.5244845304119659","9","7","Illinois, Stephenson","-89.6626,42.3513","0.7105300780834714","0.255128205128205","0.5840660611653964","0.4301","0.75","0.48583792883850596","0.4532695957982679","0.4610778443113772","0.6441567395133083","0.32676969531889943","0.28414130449131875","0.46549632587943396"
"0.5244706716693187","10","6","California, Solano","-121.9357,38.2683","0.5293474826275996","0.0697674418604651","0.7170739500044421","0.6905","0.825","0.6302607543856039","0.6229925540650683","0.47904191616766467","0.504194780386106","0.23623675997963473","0.23518851422308848","0.514283478311285"
"0.5243419696346081","10","6","Washington, King","-121.8346,47.4914","0.5078786382664029","0.0825329773243534","0.7570142855563582","0.8666","1.0","0.9576955189784127","0.5310167840746925","0.2694610778443114","0.4496902805094778","0.09410375368131388","0.08477147972610534","0.4659167114674888"
"0.5243346380169793","10","3","North Carolina, Iredell","-80.8743,35.8095","0.6043522118285329","0.098559728890144","0.6249523804554137","0.3069","1.0","0.7283659930549282","0.5302594389936846","0.4730538922155689","0.5166605513962695","0.32321114845384613","0.2719585464064497","0.4373212604393533"
"0.5243140940497953","7","7","Nebraska, Dawson","-99.8201,40.8703","0.6886345367173266","0.0743525480367586","0.49435428437318163","0.7475","0.675","0.603814206971114","0.5767465988832265","0.251497005988024","0.5215324091055006","0.3044224463433107","0.39313587148262075","0.45432147332753625"
"0.5243084373230518","9","3","Indiana, Lawrence","-86.4836,38.8411","0.716094579136762","0.275682704811443","0.5892502755265574","0.1917","1.0","0.5484650550776322","0.21224234850016255","0.48502994011976047","0.6037268925796017","0.4114112290592231","0.3071968623009221","0.553510126253323"
"0.5243062931484239","7","7","Wisconsin, Jackson","-90.8057,44.3186","0.6937920307706607","0.306513409961686","0.5185627260564236","0.7278","0.675","0.38022621028167947","0.6059920530163403","0.311377245508982","0.5817386943120182","0.2856488626271568","0.30970874621264466","0.5400746888651168"
"0.5243037451402013","10","9","Arkansas, Sevier","-94.2425,33.9978","0.6752287756959883","0.045633359559402","0.5179500895192566","0.3432","0.575","0.610486779204959","0.5894438021622739","0.4131736526946108","0.4886637078344629","0.42453982276945534","0.6421490729222669","0.47660253625111804"
"0.5242606977083835","10","2","Texas, Haskell","-99.7304,33.1782","0.5217181169853392","0.0779220779220779","0.4448770643241861","0.8048","0.5","0.8066953714640763","0.48834088249959323","0.2874251497005988","0.6493451083308717","0.28612736611152595","0.7500341235917131","0.38471464781567893"
"0.5242364084890482","9","9","Pennsylvania, Mifflin","-77.6107,40.6112","0.5802006495433285","0.23961661341853","0.602064235157512","0.5097","0.75","0.7607330979588356","0.16590038417082295","0.44910179640718567","0.6335581539925471","0.49380262578851875","0.39581452801471184","0.4439407081107626"
"0.5241614363028734","9","3","Ohio, Wood","-83.6229,41.3622","0.6233096238447493","0.123281965847564","0.6112361574437566","0.4995","1.0","0.7247088387345686","0.3351404713514455","0.532934131736527","0.49908933331939354","0.3295941385137595","0.1425525609286268","0.5146945584443697"
"0.5241588338646077","9","7","Illinois, Johnson","-88.8817,37.4594","0.816789949385232","0.405144694533762","0.49574741582841647","0.5762","0.575","0.48583792883850596","0.44395520393631027","0.49101796407185627","0.626321192473144","0.2407398972075958","0.3726186002218064","0.0"
"0.524130941102905","9","7","Michigan, Delta","-86.9081,45.9048","0.7935342774574199","0.316283924843424","0.5548637278178881","0.4807","0.675","0.5192862589944978","0.34756443002209664","0.24550898203592814","0.6661358670949733","0.39407478245029953","0.2219312414774286","0.6091876356558795"
"0.5241014539067326","10","6","Florida, Lee","-81.884,26.5841","0.5756409157439449","0.0538202349512795","0.6937633269337034","0.6103","1.0","0.4454391386730797","0.4859920750473031","0.2754491017964072","0.7389787970328645","0.2576080684526201","0.36082255599084917","0.43380540614365515"
"0.523939785851337","10","2","Washington, Walla Walla","-118.4776,46.2304","0.5198923342964934","0.0623115577889447","0.5854682823307561","0.9484","0.675","0.9576955189784127","0.45005019021257414","0.32934131736526945","0.560557323866868","0.2271706656606012","0.30387836571552174","0.3615980887520109"
"0.5239254150353074","9","9","Tennessee, Humphreys","-87.7799,36.0396","0.7470114457052874","0.271144278606965","0.5249644812150026","0.1843","0.75","0.4911779531988354","0.4083980657240222","0.4191616766467066","0.5998243249034969","0.42894763351661946","0.47546837733147096","0.5274488436769779"
"0.5239197514916968","10","2","Pennsylvania, Somerset","-79.027,39.9717","0.5194439705972308","0.23961661341853","0.5423586864626435","0.7564","0.75","0.7607330979588356","0.28638750986100053","0.4610778443113772","0.6424111072462477","0.3985684413488785","0.31866020908224074","0.4279635283452874"
"0.5238990966488305","10","9","Texas, Bailey","-102.83,34.0685","0.7288378323222258","0.136363636363636","0.4989196061565447","0.5769","0.5","0.8066953714640763","0.4892571260896993","0.2275449101796407","0.4886637078344629","0.2936784701134445","0.5727459868900007","0.4081142607902613"
"0.52380119808945","9","3","Pennsylvania, Westmoreland","-79.4662,40.3138","0.6526025626469276","0.291910902696366","0.6217093036088782","0.3967","1.0","0.7607330979588356","0.2538926353409713","0.407185628742515","0.6476236650502001","0.3629907883825274","0.0753302358276276","0.487775526482136"
"0.5236605627501894","10","9","Texas, Jim Hogg","-98.6968,27.0445","0.7954245433818483","0.288461538461538","0.4453323718938055","0.4919","0.5","0.8066953714640763","0.26725577349723206","0.3053892215568862","0.5712984652022484","0.24207675125248979","0.7830169518252398","0.0"
"0.5234785799707412","9","9","Georgia, Twiggs","-83.4308,32.6744","0.555791646131158","0.0523809523809524","0.45979080214081275","0.2757","0.675","0.7922333288990623","0.6091714459890971","0.49101796407185627","0.6406572602088578","0.5682281245282206","0.6160137322779868","0.0"
"0.5234607735120179","9","7","Kansas, Butler","-96.8388,37.7813","0.7038827027061919","0.217928902627512","0.5431975299034515","0.6243","0.75","0.6813178638986801","0.42885978003275277","0.39520958083832336","0.4965101409658336","0.3317159660915497","0.18030990640265157","0.4863353853754905"
"0.5233935068871798","10","6","Florida, St. Lucie","-80.4711,27.3776","0.5440640371152745","0.0458192813117804","0.6854660357249557","0.4941","1.0","0.4454391386730797","0.5807150112470018","0.23952095808383234","0.6758588134982833","0.33621045956189444","0.47871493278651617","0.44664750614021426"
"0.5233879820584244","10","3","Connecticut, New London","-72.1043,41.489","0.6714772136861665","0.284463185209212","0.6682659584134995","0.5396","1.0","0.5061291060158074","0.5334867774044315","0.2874251497005988","0.5627304600978258","0.22829547070194225","0.14742009296392736","0.49614426722450167"
"0.5233057958434753","9","3","Ohio, Tuscarawas","-81.4723,40.4421","0.6164683358903171","0.168081494057725","0.5914583961493013","0.3181","1.0","0.7247088387345686","0.2633560594767889","0.5149700598802395","0.5978576089534523","0.3526776124574951","0.3126031050227869","0.4807583612283059"
"0.5230914479561061","10","9","Kentucky, Fleming","-83.6966,38.3676","0.6321543006950389","0.286885245901639","0.45375754901146736","0.4989","0.675","0.7986013047908057","0.20402823212968155","0.4251497005988024","0.558371441896005","0.4640359100480122","0.5336956388778105","0.4065498948206494"
"0.5229564013747975","9","9","Kentucky, Bourbon","-84.2183,38.2055","0.6668134507301993","0.231884057971014","0.5607108219100146","0.1738","0.75","0.7986013047908057","0.4331670684229883","0.44910179640718567","0.5837920978957992","0.3867073987189357","0.4008676051875611","0.4344625360813446"
"0.5227823627946777","10","6","Michigan, Montcalm","-85.1525,43.3108","0.5978743573819297","0.247916666666667","0.5269095038839172","0.7233","0.75","0.5192862589944978","0.39299469554631467","0.4191616766467066","0.5494974081927578","0.4065588283842499","0.39782657851738534","0.4612007159589686"
"0.5227132734829053","10","2","Oregon, Jackson","-122.7289,42.432","0.5280482340481631","0.159517426273458","0.6037055330918938","0.8472","0.75","0.7438233614458837","0.37527504311288745","0.33532934131736525","0.6371246099900815","0.27360909271699957","0.3417066834157891","0.4525259103765576"
"0.52267653662742","10","9","Texas, Moore","-101.893,35.8377","0.6923453950071331","0.0654574132492114","0.5465492813726766","0.4922","0.675","0.8066953714640763","0.5181953274437991","0.23353293413173656","0.37522787829441234","0.25464413244695294","0.5948210137377281","0.545997149617858"
"0.5226623198112756","10","9","Missouri, Adair","-92.6008,40.1906","0.6771003640986158","0.189130434782609","0.5339307190117961","0.6148","0.675","0.6898109656793697","0.3478990045753708","0.38922155688622756","0.49129758316188105","0.32840609420962796","0.47346068689730386","0.4042725191630487"
"0.5225341875928126","9","9","North Carolina, Cherokee","-84.0597,35.1349","0.610015354561654","0.079343365253078","0.5227971484537818","0.2884","0.825","0.7283659930549282","0.43055842293486596","0.3592814371257485","0.7483132479461376","0.3640486837225479","0.535462677753029","0.32947932977688776"
"0.5224380750721288","9","9","Kansas, Allen","-95.3003,37.8858","0.651314874151556","0.336538461538462","0.5146981582574728","0.4152","0.675","0.6813178638986801","0.4165088588713128","0.38922155688622756","0.624489779413553","0.4806068684280943","0.2975663187614596","0.47862023547337823"
"0.5224078437749168","9","9","Ohio, Noble","-81.4594,39.7682","0.6981538059968583","0.517857142857143","0.4831625895912507","0.5072","0.5","0.7247088387345686","0.3603289711975457","0.4730538922155689","0.7152857337854508","0.39631451658152445","0.3657304186598337","0.0"
"0.5223447811764668","10","5","Texas, Castro","-102.2617,34.5302","0.6651840578052297","0.0836236933797909","0.44021839210000546","0.6415","0.5","0.8066953714640763","0.47936702699639777","0.25748502994011974","0.5067215141840639","0.3392817932186023","0.620060118077922","0.46641705504335457"
"0.5223273502354238","10","2","Oregon, Linn","-122.5373,44.489","0.5572453503914372","0.233468286099865","0.5880171631543727","0.6428","0.75","0.7438233614458837","0.3515329248996567","0.34730538922155696","0.5775976316230177","0.343038745925257","0.3766305899257469","0.5969971054375582"
"0.5221551688678836","9","9","Idaho, Twin Falls","-114.6685,42.3544","0.8020613094185801","0.238197424892704","0.5725179975176197","0.3203","0.75","0.771056031651189","0.3337205000540284","0.2754491017964072","0.5092312328105775","0.2764702540192729","0.37059213727045903","0.44670073947237876"
"0.5221169667446413","10","9","North Carolina, Ashe","-81.4986,36.433","0.6525857219283469","0.210382513661202","0.5075449211328811","0.4218","0.825","0.7283659930549282","0.2457708674951048","0.32934131736526945","0.6868906660868291","0.3450769052400458","0.4812618183593038","0.4375080678443676"
"0.5219661697844249","9","9","Missouri, Dade","-93.8503,37.4318","0.7480802507535655","0.36","0.4593975179324755","0.4327","0.5","0.6898109656793697","0.27983506318887913","0.3712574850299401","0.6661358670949733","0.46220173208638093","0.6130378644093785","0.0"
"0.5218672107338385","7","7","Minnesota, Pine","-92.7407,46.1211","0.7022851132223875","0.245019920318725","0.48898756179060776","0.7393","0.675","0.42209023252660954","0.5397677248127886","0.22155688622754494","0.6075890184122873","0.40292253309595544","0.2843766270776483","0.5270536140284122"
"0.5218077360648352","10","5","New Mexico, Sierra","-107.1926,33.1303","0.6292085810651211","0.346666666666667","0.4553715774418032","0.6975","0.5","0.5871956657568004","0.42268570361478297","0.14970059880239522","0.829628740900383","0.3999370627895195","0.5027008807701722","0.4630433694768974"
"0.5218049662026224","7","9","Idaho, Idaho","-115.4634,45.8472","0.700603074767213","0.236111111111111","0.40151474336309495","0.5966","0.5","0.771056031651189","0.39520443923184323","0.3532934131736527","0.7181526079808993","0.2994003158840415","0.3915317296113205","0.45249110832630274"
"0.5217648605079943","9","7","Nebraska, Red Willow","-100.477,40.1756","0.8023054737486429","0.62987012987013","0.4865961906920414","0.4365","0.75","0.603814206971114","0.35821757619131595","0.22155688622754494","0.6114115319998742","0.30679532835226286","0.1963249224785875","0.46029072826102935"
"0.5217615543252412","10","6","Minnesota, Hennepin","-93.4769,45.0076","0.6439070486185805","0.104563926226946","0.7900959703830556","0.822","1.0","0.42209023252660954","0.6074815038337296","0.32934131736526945","0.46689449529952165","0.13416010730662822","0.08637562159740557","0.4030611921867407"
"0.5217368416125965","10","6","Michigan, Washtenaw","-83.8385,42.2531","0.6122045131778646","0.165415146964171","0.7196138680653313","0.7873","1.0","0.5192862589944978","0.4999155712533015","0.47904191616766467","0.4555137084840577","0.15405395377820247","0.1083360755338268","0.37086062290765287"
"0.5217135264569079","9","9","Missouri, Cedar","-93.8545,37.7239","0.6998673555363323","0.278846153846154","0.5213970675763574","0.2018","0.675","0.6898109656793697","0.24102544945850088","0.3652694610778443","0.6726459331898672","0.3931765510245279","0.6249013685891703","0.4946016367036084"
"0.521696681173349","9","9","Pennsylvania, Bradford","-76.5157,41.7887","0.6945231958515468","0.519565217391304","0.5531957287948753","0.5065","0.675","0.7607330979588356","0.20209290332651914","0.3592814371257485","0.624489779413553","0.4108562540238085","0.2567755767371452","0.3523862779237205"
"0.521693097688422","10","9","Texas, Upshur","-94.94,32.7371","0.5524128934577177","0.118421052631579","0.5445965202702351","0.4021","0.825","0.8066953714640763","0.552404515527501","0.4251497005988024","0.5670390838965326","0.4143445916959942","0.5435911776920487","0.0"
"0.5216416270057775","10","9","Alabama, Conecuh","-86.9932,31.434","0.5346031171837347","0.0252707581227437","0.4789064964903947","0.213","0.675","0.5802035115828437","0.6505354014597281","0.43712574850299407","0.6476236650502001","0.6433094778859235","0.6591102238640841","0.37312528143068496"
"0.5216162063765228","9","7","Illinois, Wayne","-88.4259,38.4296","0.7699550461212942","0.266203703703704","0.5210188220703231","0.5259","0.75","0.48583792883850596","0.19683485238117437","0.5149700598802395","0.6335581539925471","0.34157933174690774","0.28506963574413235","0.41488865579523865"
"0.52157725299611","10","5","Texas, Hudspeth","-105.3882,31.4563","0.6126473423946094","0.138888888888889","0.35344208282778433","0.794","0.5","0.8066953714640763","0.5120581313965474","0.18562874251497005","0.526341402378779","0.3997735141812932","0.8407136172569574","0.0"
"0.5215735188342405","10","9","West Virginia, Boone","-81.6989,38.0197","0.5885704231593585","0.13013698630137","0.49939698935525373","0.5638","0.675","0.590915881821042","0.16645404406704106","0.4131736526946108","0.5858342498966352","0.6503201962996308","0.5639571787982949","0.5486444828928341"
"0.5215399644610105","10","6","Michigan, Hillsdale","-84.5931,41.8875","0.5992236350178336","0.190687361419069","0.5240889369942571","0.7504","0.75","0.5192862589944978","0.26608582630366534","0.4970059880239522","0.5918944128138512","0.4158494843429138","0.3505560480145277","0.5213596640416948"
"0.5214802983485771","10","9","Idaho, Lewis","-116.4341,46.2332","0.7783018896491346","0.446153846153846","0.4635159555335959","0.3709","0.5","0.771056031651189","0.46725346817606145","0.32934131736526945","0.6915204375207985","0.29652662678482394","0.45955824512571597","0.0"
"0.5214737164383754","10","7","Minnesota, Stearns","-94.6108,45.5519","0.7408029538552261","0.171620325982742","0.6082450977007918","0.7806","1.0","0.42209023252660954","0.45313115212567623","0.23952095808383234","0.4886637078344629","0.22234810280248185","0.16242623763269595","0.4071568382874126"
"0.5214484056017943","10","7","Indiana, Ripley","-85.2621,39.1024","0.6632754541911864","0.21256038647343","0.5620239921257488","0.6937","0.75","0.5484650550776322","0.18218227039549406","0.502994011976048","0.558371441896005","0.3812264811483826","0.2841949575565498","0.580956062263774"
"0.5213803787188124","10","6","Maryland, Allegany","-78.6928,39.6236","0.5139763032398631","0.122994652406417","0.6434844233621446","0.752","1.0","0.4028734589185817","0.40246677827441024","0.3592814371257485","0.6114115319998742","0.4204523882762776","0.41056960540532234","0.33655405263985944"
"0.5213694345243844","7","7","Nebraska, Johnson","-96.2652,40.3926","0.6997339999263181","0.225806451612903","0.43170946691217155","0.8287","0.5","0.603814206971114","0.5672528307157347","0.3532934131736527","0.5837920978957992","0.345083099956503","0.23627501907227186","0.40991914247062267"
"0.5213218833318407","9","9","Virginia, Pittsylvania","-79.3973,36.8198","0.6314426170417877","0.120689655172414","0.5226495971378389","0.419","0.675","0.7697111946822568","0.5372226283017123","0.4251497005988024","0.6388951207196634","0.4292578805043641","0.46068604951269576","0.0"
"0.5211774076396781","10","6","New York, Orange","-74.3024,41.4034","0.6090997989434882","0.0588503303212089","0.703428336835467","0.9004","1.0","0.30357014148943134","0.558560200280601","0.3592814371257485","0.46689449529952165","0.26496048348311","0.17746447725019202","0.45596672242515857"
"0.5211442038510258","10","6","Florida, Volusia","-81.1826,29.0586","0.571871051505012","0.0697479695218957","0.6787335307593151","0.5205","1.0","0.4454391386730797","0.5037398569027408","0.2754491017964072","0.6837718879901644","0.3759565589309137","0.3639757333120498","0.404370252499345"
"0.5210928766499124","9","3","Georgia, Fannin","-84.317,34.8643","0.6476768492446842","0.091025641025641","0.5500923951453649","0.1019","1.0","0.7922333288990623","0.2500825940650358","0.38323353293413176","0.743007936898218","0.34875028950921083","0.4377348911212171","0.48384209185426946"
"0.5208827477216889","9","3","Georgia, Union","-83.9897,34.83","0.6224567752804797","0.0630105017502917","0.5407944558943798","0.3005","1.0","0.7922333288990623","0.2635513073380542","0.3592814371257485","0.795270263597675","0.30177017080827984","0.32641531759889575","0.48714175236534146"
"0.5208656900209396","9","3","Michigan, Macomb","-82.9275,42.6916","0.6082275517862465","0.104505038529935","0.770925572302067","0.313","1.0","0.5192862589944978","0.4838978411173149","0.47904191616766467","0.540406913436432","0.3520409473815882","0.21146816707927854","0.5358642201046369"
"0.5208469082679686","10","6","Virginia, Arlington","-77.1014,38.8768","0.5589562404919558","0.0747941445562672","0.8760398537390036","0.7765","1.0","0.7697111946822568","0.5205239269354758","0.40119760479041916","0.3643190466040495","0.0586193165995627","0.04757052743869835","0.5226344181042398"
"0.5206867244825443","10","2","Oregon, Coos","-124.0595,43.1741","0.44944785540096627","0.177570093457944","0.5754866196488495","0.8914","0.675","0.7438233614458837","0.38538294624154834","0.29940119760479045","0.7021046890169179","0.40938970693400967","0.4065077171395868","0.4153662655376599"
"0.5206463573284625","10","5","Utah, San Juan","-109.8034,37.6276","0.6668500564539057","0.0649867374005305","0.3715503986039805","0.88","0.5","0.4487874423273804","0.6232493659239627","0.1377245508982036","0.46124754169706367","0.40343236058334403","0.7523097160129935","0.4603191614476449"
"0.5203007949683799","10","9","Texas, Gaines","-102.6353,32.7406","0.6943410520674759","0.177874186550976","0.514653650516883","0.4171","0.675","0.8066953714640763","0.4031857943936793","0.2634730538922156","0.3087088081983978","0.250642479876322","0.7682124603248907","0.5425971899882125"
"0.5201889454991292","10","6","New York, Westchester","-73.7574,41.1628","0.5220104094870662","0.025357179045496","0.8257911120910538","0.9386","1.0","0.30357014148943134","0.5966747240849553","0.44311377245508987","0.5449798764246452","0.11299810812597917","0.18923932670368768","0.45938028824771693"
"0.5201219498668872","10","6","Colorado, El Paso","-104.5251,38.8324","0.5923054666752432","0.150372384442606","0.6673375408419235","0.5782","1.0","0.8662658896035598","0.5529374025572921","0.18562874251497005","0.43165328621112686","0.1905170934027913","0.19155948871414438","0.562950141161743"
"0.5201051246192038","10","5","Virginia, Buckingham","-78.5252,37.5724","0.5674909696001824","0.0346740638002774","0.4600104207321378","0.7488","0.5","0.7697111946822568","0.602472117005825","0.34730538922155696","0.5858342498966352","0.46367984036994125","0.5874363899311","0.0"
"0.5199023116825738","10","6","Louisiana, Orleans","-89.9266,30.0697","0.5317058911879348","0.0330127962444158","0.75830149593438","0.7771","0.75","0.3163258823370422","0.6356051663422082","0.3592814371257485","0.47245716285929296","0.40718769875092287","0.4747379447436407","0.4040219636937822"
"0.5198446090161648","4","2","Georgia, Stewart","-84.8321,32.08","0.423796154759118","0.00570342205323194","0.4482264598853721","0.7759","0.5","0.7922333288990623","0.7089659711458394","0.47904191616766467","0.5142005305328247","0.49677267168273626","0.7203746364641492","0.0"
"0.5198370208533585","9","6","West Virginia, Marion","-80.2424,39.5098","0.5126993886542588","0.152112676056338","0.5613841095731565","0.6336","1.0","0.590915881821042","0.344591467425864","0.4191616766467066","0.5978576089534523","0.44653231491450146","0.3443106132182017","0.40360855690048"
"0.5198369067307009","10","6","West Virginia, Monongalia","-80.0477,39.6322","0.5384285861963231","0.056205035971223","0.6239890671866366","0.992","1.0","0.590915881821042","0.324218585530253","0.40119760479041916","0.41912465076501093","0.3193339357354525","0.2999890634948299","0.30603712266739447"
"0.519720911818114","10","9","Oklahoma, Washita","-98.9918,35.2907","0.7144478831488957","0.335526315789474","0.41989420774228364","0.3531","0.5","0.9523454485741492","0.4801313452516769","0.311377245508982","0.5670390838965326","0.35932594607100193","0.33123828004502015","0.5363539497396035"
"0.519623979305098","10","6","Massachusetts, Suffolk","-71.0785,42.328","0.588620657974785","0.0508900294856394","0.8686862788121811","0.9774","1.0","0.18489378053159447","0.6085734817079178","0.2754491017964072","0.41269877075759065","0.1750654145518905","0.3314482900114101","0.3281759269298998"
"0.5196223157197722","9","7","Wisconsin, Juneau","-90.1112,43.9246","0.7186211527636388","0.215384615384615","0.5347323031117184","0.6441","0.75","0.38022621028167947","0.4734984702012427","0.34131736526946105","0.6151952376728468","0.3194312705942352","0.2753144669131962","0.5144368657027377"
"0.5196200185549616","9","7","Illinois, Crawford","-87.7595,39.0032","0.7714811892394247","0.217886178861789","0.5266081000659857","0.3865","0.75","0.48583792883850596","0.41395267029149385","0.5209580838323353","0.5878652729484978","0.2830688069013647","0.29504196020928813","0.41554269264018795"
"0.519615250279562","9","6","Texas, Cooke","-97.2124,33.6398","0.5281045039564782","0.0871287128712871","0.5710168493106719","0.5925","0.825","0.8066953714640763","0.490433694185571","0.407185628742515","0.5755097168756041","0.2286825514729063","0.39231339300410056","0.48405561422448323"
"0.5195840185495294","9","3","Georgia, Walton","-83.7355,33.7802","0.6008542059796712","0.087041564792176","0.6082690591318674","0.0328","1.0","0.7922333288990623","0.5416884111280397","0.502994011976048","0.5117241638959221","0.3189229049542196","0.3932019991883006","0.49462011070078216"
"0.519573971497675","7","7","Wisconsin, Adams","-89.7678,43.9697","0.692989164370691","0.212365591397849","0.4601995397443899","0.6275","0.575","0.38022621028167947","0.47559050801732716","0.34730538922155696","0.7443413616038496","0.3860987917898535","0.3901126484255127","0.5392889760222351"
"0.5195413922693685","9","9","South Carolina, Calhoun","-80.7772,33.6693","0.6276208776481952","0.068","0.47509316591435347","0.4241","0.575","0.7732051260133426","0.6375877581071788","0.43113772455089816","0.6476236650502001","0.46654688196367416","0.46092088764696915","0.0"
"0.5195186201438575","9","3","Arkansas, Saline","-92.6758,34.6492","0.6472742203261554","0.127700617283951","0.6038353276545086","0.3257","1.0","0.610486779204959","0.5045714488467281","0.4550898203592814","0.5627304600978258","0.339823537666763","0.14702562787711534","0.5253677812673477"
"0.5194527459623302","9","7","Nebraska, York","-97.5971,40.8727","0.8417645629307964","0.444736842105263","0.4981553237410617","0.3604","0.75","0.603814206971114","0.3828299177106538","0.3173652694610779","0.6056629582719985","0.3273393484234132","0.10107644035771456","0.439472062424941"
"0.5193715029888607","10","5","Colorado, Prowers","-102.3926,37.9554","0.5942313832753464","0.188034188034188","0.5105929513699945","0.7367","0.5","0.8662658896035598","0.38414076455014157","0.2035928143712575","0.560557323866868","0.3471121092799287","0.5656801325363936","0.4758124991543095"
"0.5193572765428651","10","7","Nevada, Washoe","-119.6632,40.6656","0.6734038900634404","0.135791681230339","0.6674109622528746","0.772","0.675","0.5897697212390978","0.5062541285157798","0.3233532934131737","0.5239446622367122","0.20883959432173116","0.2724852669046215","0.4030055242561019"
"0.5192802077991586","7","7","Minnesota, Nobles","-95.7533,43.6743","0.7225661593783976","0.050543221539915","0.5257494416181494","0.7533","0.675","0.42209023252660954","0.5317365890484309","0.29341317365269465","0.526341402378779","0.27673847062055373","0.42094014946072617","0.4680122579351729"
"0.5192358620398972","7","7","Nebraska, Lincoln","-100.7475,41.0466","0.741627015959132","0.297904191616766","0.4873486838580611","0.7491","0.75","0.603814206971114","0.36857570281360363","0.2095808383233533","0.5858342498966352","0.364590670879506","0.15982993795016953","0.41750869820011965"
"0.5191685613434959","9","9","Missouri, Bates","-94.3411,38.2527","0.7058704944396801","0.3125","0.4614810939409946","0.404","0.75","0.6898109656793697","0.3471306080274825","0.38323353293413176","0.6017807168377609","0.4205920717468878","0.3086203035552362","0.40406297594526946"
"0.5191533258244628","10","6","Maryland, Baltimore","-76.6291,39.4578","0.5667084205433467","0.0618962432915921","0.7571557469155167","0.618","1.0","0.4028734589185817","0.5932413368443549","0.4730538922155689","0.5472454870957077","0.28930038482611153","0.12965426715665762","0.4623456516582477"
"0.5191310256123266","7","7","Wisconsin, Waushara","-89.2432,44.1132","0.8405702225393183","0.393333333333333","0.5165490557532317","0.4951","0.5","0.38022621028167947","0.3978255590838707","0.3532934131736527","0.6758588134982833","0.331093709072484","0.2605992357042135","0.560999201143411"
"0.5191279175411778","9","3","Georgia, Pickens","-84.4641,34.4659","0.6011092927992796","0.088023088023088","0.5652758117977307","0.319","1.0","0.7922333288990623","0.2974385980108162","0.43113772455089816","0.6335581539925471","0.32554645127348536","0.325766878521588","0.5047144924177054"
"0.5190895350948213","9","9","Tennessee, Henry","-88.3012,36.3316","0.6330187302693974","0.107336956521739","0.5596111934631978","0.2748","0.75","0.4911779531988354","0.46448163612949844","0.44311377245508987","0.6595100604482558","0.514464289646014","0.5041329210484851","0.3822241167230507"
"0.5190593903096722","9","3","Georgia, Effingham","-81.3428,32.3662","0.6571560815579192","0.108348134991119","0.5046863373763572","0.1907","1.0","0.7922333288990623","0.526287404766354","0.44311377245508987","0.39950476257029566","0.3832125492446651","0.21287768033697518","0.6771245436634927"
"0.5190537098758883","10","6","Florida, Broward","-80.4873,26.1518","0.5804811824645224","0.0391211609355543","0.7677655678352822","0.6638","1.0","0.4454391386730797","0.5836272189968845","0.21556886227544908","0.5334405085950897","0.22074728875135582","0.3802461767346503","0.4135461499154591"
"0.5190413585849271","10","2","Texas, Uvalde","-99.7623,29.3574","0.4585560706429336","0.0207570207570208","0.5391129582508922","0.8364","0.675","0.8066953714640763","0.3361176424576931","0.311377245508982","0.5539608364828539","0.34319082145552043","0.6426532663998225","0.5734803066118069"
"0.5189952092949662","9","3","Pennsylvania, Northampton","-75.3047,40.7518","0.5605989098995925","0.0846276383910793","0.6816630556553642","0.447","1.0","0.7607330979588356","0.43408474919439766","0.4191616766467066","0.5837920978957992","0.3032187919410356","0.1422381515441122","0.5434748028126127"
"0.5189108361367871","9","3","Indiana, Wabash","-85.7933,40.847","0.6528078009267566","0.233595800524934","0.5714731308481162","0.3543","0.75","0.5484650550776322","0.29164007797395614","0.5568862275449102","0.6189409155096902","0.42926289930438105","0.30016540404330955","0.6328686776569686"
"0.5187951836811503","9","3","Texas, Hood","-97.8324,32.4299","0.5936536872371981","0.0981098109810981","0.5764544534347361","0.3929","1.0","0.8066953714640763","0.3476238163690399","0.39520958083832336","0.6915204375207985","0.2359895318401558","0.24247963878285783","0.5257556843616953"
"0.5187634910407207","10","5","Texas, Duval","-98.5086,27.6818","0.5635974027117386","0.0341151385927505","0.4732455807924457","0.8978","0.5","0.8066953714640763","0.3506215526729265","0.32934131736526945","0.5755097168756041","0.3369353994661026","0.7883436232968635","0.0"
"0.5186817518866979","10","9","Illinois, Pulaski","-89.1309,37.2263","0.7461586628389743","0.141592920353982","0.4557692966486993","0.3337","0.5","0.48583792883850596","0.6477053619478492","0.48502994011976047","0.6406572602088578","0.4843991227405092","0.5142298708051145","0.0"
"0.5186477600982229","9","3","Idaho, Kootenai","-116.7021,47.6728","0.6746246098058182","0.162097735399285","0.612735110197061","0.2572","1.0","0.771056031651189","0.2906382927468374","0.5269461077844312","0.579673914473061","0.21105265063493012","0.23916501781390767","0.4540389674243632"
"0.5186245273971842","10","9","Missouri, Grundy","-93.5651,40.1141","0.6471493918676584","0.112970711297071","0.5210416925049025","0.6759","0.5","0.6898109656793697","0.2879585380942897","0.37724550898203596","0.6388951207196634","0.41877716510122215","0.4735296002023072","0.4505783317266613"
"0.5185966117621441","9","3","Ohio, Licking","-82.4819,40.0914","0.6209892324873896","0.162240663900415","0.6250430219751505","0.2579","1.0","0.7247088387345686","0.3791790789673966","0.5209580838323353","0.5310891329236117","0.3494346072456751","0.1900574451137015","0.5409880501313612"
"0.5185727501461733","10","6","Louisiana, Jefferson Davis","-92.8121,30.269","0.5795808864317481","0.0386656557998484","0.5485748793690376","0.6683","0.75","0.3163258823370422","0.5921515775424199","0.3592814371257485","0.5287228277828","0.48987976095705954","0.5324629506206497","0.4563500342262323"
"0.5184819355016549","9","3","Michigan, Eaton","-84.8374,42.596","0.5925062238613353","0.211663066954644","0.6305710563513246","0.4126","1.0","0.5192862589944978","0.4735565802626526","0.4730538922155689","0.5670390838965326","0.3422459498351493","0.13818922237088171","0.674770113426838"
"0.5183047935085954","7","9","Louisiana, Tensas","-91.3292,32.0076","0.7296313625621927","0.123655913978495","0.3960287916334909","0.425","0.5","0.3163258823370422","0.5784290774841438","0.3712574850299401","0.6661358670949733","0.5945008782888596","0.7452255735942624","0.0"
"0.5182569984760454","10","9","Indiana, LaGrange","-85.4267,41.6423","0.6343292234229426","0.126797385620915","0.5596126782309613","0.44","0.675","0.5484650550776322","0.16583592044348666","0.5808383233532934","0.46408171358848016","0.3639151040925936","0.7209451998734127","0.6205934698457864"
"0.5180899116808376","9","3","Delaware, Sussex","-75.3903,38.6614","0.6239834356193666","0.0694333599361532","0.6104168248225694","0.4247","1.0","0.34917477553283943","0.5961045097593256","0.3712574850299401","0.7181526079808993","0.35471989366895773","0.21976586189894792","0.47431333660099556"
"0.5180477731603809","9","2","Virginia, Pulaski","-80.7123,37.0647","0.472344798603067","0.0898876404494382","0.5991696562861114","0.5753","1.0","0.7697111946822568","0.3706600847782226","0.3592814371257485","0.6527643232093532","0.3701004852819582","0.35540056857715585","0.3948071956631389"
"0.517955778020652","9","9","Texas, Marion","-94.3566,32.7987","0.5308806795309401","0.0674846625766871","0.5199148653116255","0.3515","0.575","0.8066953714640763","0.6613532313970439","0.4131736526946108","0.7050743605672205","0.5269674552313904","0.553824258476488","0.0"
"0.5178905890103339","10","9","Tennessee, Chester","-88.6096,35.4253","0.6523998680191074","0.0690140845070423","0.5124104838065385","0.4973","0.825","0.4911779531988354","0.4959622937355393","0.40119760479041916","0.5494974081927578","0.4377384554082809","0.5978414511955127","0.0"
"0.5178842420912727","7","7","Michigan, Gogebic","-89.6938,46.4086","0.746994945421105","0.337121212121212","0.5161931553495939","0.6186","0.32499999999999996","0.5192862589944978","0.5826013071840594","0.2035928143712575","0.6960934005090119","0.38105096571393976","0.343859588353821","0.502455132102717"
"0.5178454628034719","9","3","Illinois, Kane","-88.4286,41.9384","0.6681114457158109","0.112314559537876","0.7000308974914159","0.2958","1.0","0.48583792883850596","0.5142449681911166","0.5868263473053893","0.44674408486908573","0.21739065632390298","0.26202267695852766","0.4754696620139778"
"0.5178441439043989","10","3","Tennessee, Rutherford","-86.4107,35.8459","0.6818237095274542","0.106478925087429","0.6602220798763534","0.2824","1.0","0.4911779531988354","0.5552979821913213","0.49101796407185627","0.3606106398115555","0.3737377643543285","0.23049683828421133","0.5405836813083538"
"0.5177792967350465","10","2","Washington, Whatcom","-121.749,48.8223","0.43703783554036063","0.0798679867986799","0.6106058825662298","0.8781","0.75","0.9576955189784127","0.4747546506292552","0.38922155688622756","0.5449798764246452","0.20710380215983493","0.25195358319513333","0.5505955121962031"
"0.5177573358613867","10","2","Pennsylvania, Lycoming","-77.0663,41.3431","0.5339872174434765","0.147766323024055","0.5848595542063203","0.6708","0.75","0.7607330979588356","0.3747170979509829","0.4251497005988024","0.5898852876912913","0.40365972549298795","0.2745639295650312","0.4574941993647298"
"0.5177285012005273","10","2","Texas, Aransas","-96.9995,28.1056","0.3395293297468727","0.0175953079178886","0.4751639621538639","0.8169","1.0","0.8066953714640763","0.3960195885432261","0.37724550898203596","0.7252247709976565","0.4531965034138099","0.5635395811257964","0.0"
"0.5177070943543283","9","9","Missouri, Shannon","-91.4019,37.1577","0.7661741293773193","0.285714285714286","0.44243918734521515","0.2888","0.5","0.6898109656793697","0.29337627253892745","0.38323353293413176","0.6317620454190964","0.4790652368025568","0.7045589724093654","0.0"
"0.5176567993948067","9","9","South Carolina, McCormick","-82.3079,33.9016","0.5594051375264822","0.0501930501930502","0.45335049633306407","0.54","0.5","0.7732051260133426","0.5261598317292899","0.44910179640718567","0.7975851269879464","0.48380186114176943","0.5238963849097544","0.0"
"0.5176261475680562","9","3","Ohio, Lorain","-82.1508,41.2955","0.4825897195930781","0.0899733130003812","0.6446611866596826","0.4451","1.0","0.7247088387345686","0.4549616112500254","0.49101796407185627","0.5648909983668218","0.41015669766130236","0.26521085594079324","0.4363154728655341"
"0.5172497232836217","10","6","Louisiana, Acadia","-92.4142,30.2951","0.5129900932530921","0.0196592398427261","0.567008931600574","0.759","0.825","0.3163258823370422","0.5355894108047938","0.38323353293413176","0.4965101409658336","0.4612754151563562","0.6129286204706912","0.4328895074435118"
"0.5172143649660995","9","3","Pennsylvania, York","-76.7304,39.921","0.5709230477299607","0.117047026279391","0.6625462960193028","0.3862","1.0","0.7607330979588356","0.4228277614238121","0.4610778443113772","0.5517358041566147","0.3168016391153337","0.18003243648742703","0.47478710027788634"
"0.5170830206924361","9","3","Missouri, Franklin","-91.0752,38.4113","0.6937918748908121","0.174493752692805","0.5990177713584645","0.17","1.0","0.6898109656793697","0.26482991713903586","0.4610778443113772","0.5472454870957077","0.4103450015357725","0.2390993745602841","0.520769666804015"
"0.5170638273458609","9","9","Missouri, St. Clair","-93.7763,38.037","0.6588024600685906","0.266666666666667","0.45749813088515745","0.4747","0.5","0.6898109656793697","0.2913285133987556","0.3652694610778443","0.7266232409599707","0.4322004309071824","0.4782788048228656","0.5344976211746111"
"0.5169775408068209","10","6","New York, Richmond","-74.1481,40.5858","0.5437902522661668","0.0348684210526316","0.8488951826889836","0.8067","1.0","0.30357014148943134","0.5236624129606698","0.407185628742515","0.5239446622367122","0.2553013093261053","0.1887361021302447","0.45462795863773586"
"0.5169768124995351","9","3","Iowa, Scott","-90.6196,41.6394","0.6953197695369012","0.171679197994987","0.7415464835068445","0.3591","1.0","0.5124529061342115","0.45487583505460844","0.43712574850299407","0.5191044408593759","0.32952546054094517","0.12100813019552123","0.3266642572198831"
"0.5169376407424211","10","9","Missouri, Carter","-90.9605,36.9416","0.7710765732987246","0.281045751633987","0.44849800619861674","0.468","0.5","0.6898109656793697","0.2618422485150418","0.40119760479041916","0.6075890184122873","0.4060898524245819","0.610478504196142","0.0"
"0.5169244390652777","10","6","New York, Cattaraugus","-78.6792,42.2478","0.5516830160990828","0.248138957816377","0.6058080228763228","0.8968","0.675","0.30357014148943134","0.503395205513938","0.37724550898203596","0.5837920978957992","0.3876556957411029","0.397199213104525","0.4556251671138412"
"0.5169101332019852","9","3","Kentucky, Mercer","-84.8749,37.8147","0.6276564969991716","0.15987460815047","0.5238608690944576","0.1369","0.825","0.7986013047908057","0.36370067091348895","0.4610778443113772","0.5775976316230177","0.4038562123574758","0.4478807705355291","0.547645629650998"
"0.5168527496444865","9","2","Texas, Morris","-94.7326,33.113","0.49045260527556744","0.0497512437810945","0.5392160121722618","0.4015","0.75","0.8066953714640763","0.6753382082939963","0.407185628742515","0.6406572602088578","0.4292282906207606","0.5598314639741467","0.0"
"0.5168466495703806","10","2","Colorado, Rio Grande","-106.3848,37.5837","0.5548164149729128","0.131578947368421","0.5201829986489559","0.9277","0.5","0.8662658896035598","0.4260758367427911","0.08383233532934134","0.5978576089534523","0.2698524363766309","0.5591073292630478","0.5137563471909726"
"0.5167947106074108","10","3","Tennessee, Montgomery","-87.3855,36.4961","0.6443796948690627","0.145084566596195","0.6404142222425252","0.3174","1.0","0.4911779531988354","0.6068475469582286","0.39520958083832336","0.3171794411774694","0.42449195996980643","0.32680118366170907","0.5138409481499687"
"0.5167244307494633","9","3","Ohio, Erie","-82.629,41.368","0.5843298587828583","0.112208258527828","0.622559519566747","0.2783","1.0","0.7247088387345686","0.4559459210988236","0.48502994011976047","0.6335581539925471","0.39200232615925973","0.17485146397172452","0.35034088900760035"
"0.5166760392374574","9","9","South Dakota, Moody","-96.6708,44.0227","0.7897731591604873","0.325301204819277","0.4405891361339011","0.3155","0.5","0.7704699034685317","0.6273261479795539","0.24550898203592814","0.579673914473061","0.35118194148231546","0.27085908246476126","0.44051576423861705"
"0.516547363152579","7","7","South Dakota, Brookings","-96.7908,44.3697","0.817009926354334","0.297748123436197","0.4600728833022849","0.6106","0.75","0.7704699034685317","0.411269009333458","0.23353293413173656","0.40284731239848715","0.18357978025159857","0.18107437174743435","0.5239939343395454"
"0.516514532754771","10","6","New Jersey, Mercer","-74.7048,40.2805","0.4590081565407991","0.0262393925859759","0.7515274310886779","0.8672","1.0","0.5465970409188426","0.5862530127601022","0.34730538922155696","0.49908933331939354","0.21280758556629972","0.26047557931685233","0.4490723991958557"
"0.5165031807471305","10","2","Texas, Somervell","-97.774,32.2224","0.46497641912754467","0.038961038961039","0.5437368627530865","0.6371","1.0","0.8066953714640763","0.40485799131886313","0.3652694610778443","0.579673914473061","0.27868121101106474","0.41139099386671585","0.4939247721500771"
"0.5164825504690218","9","3","Tennessee, Blount","-83.9285,35.6894","0.6579872904980923","0.126834039778285","0.6172224365910225","0.3142","1.0","0.4911779531988354","0.3736591418230564","0.4251497005988024","0.6095051758860066","0.426407240958839","0.2597456311810784","0.46115870898151773"
"0.5164238302761748","7","7","South Dakota, Codington","-97.1883,44.9779","0.8041536313954727","0.206260032102729","0.5386361848831364","0.6221","0.675","0.7704699034685317","0.39862505730570863","0.14371257485029942","0.5472454870957077","0.2922225087642478","0.13692056354854346","0.43370300799192363"
"0.5163190552053529","9","3","Michigan, Cass","-85.9941,41.9152","0.6708673704280947","0.209937888198758","0.5027457052961369","0.1633","0.675","0.5192862589944978","0.5261066651048553","0.592814371257485","0.6151952376728468","0.45796449174030207","0.2923278175640757","0.6542205445341919"
"0.5162897540968806","10","2","Arizona, Mohave","-113.7578,35.7047","0.45885215436207666","0.0317953621802534","0.5035481037219532","0.851","0.675","0.7690982121439038","0.4646657775656883","0.12574850299401197","0.7548404166639682","0.41904016258479515","0.5016095314004262","0.4520863042818844"
"0.5161993893863402","9","9","Georgia, Wilkinson","-83.1714,32.8029","0.5742289914525314","0.0388888888888889","0.4512400138947242","0.532","0.5","0.7922333288990623","0.6351654672368728","0.4970059880239522","0.5837920978957992","0.4343693772211263","0.5716691710819426","0.0"
"0.5159256475194037","10","6","Florida, Collier","-81.3469,26.1109","0.599316223135334","0.0522722267087585","0.6312289838692626","0.609","1.0","0.4454391386730797","0.46361297287561654","0.281437125748503","0.7810707630337572","0.17404093316029612","0.3194705762593543","0.43868685835992427"
"0.5158956084784087","10","2","Washington, Cowlitz","-122.6782,46.1907","0.4404593235673892","0.0788436268068331","0.6181039966461128","0.7555","0.75","0.9576955189784127","0.4125560792470614","0.23353293413173656","0.5898852876912913","0.3779779360845026","0.3685912291650796","0.4885640034280432"
"0.5158308099910668","10","9","Texas, Coke","-100.5298,31.8891","0.8045076602058127","0.369047619047619","0.4114929065556779","0.4072","0.5","0.8066953714640763","0.392253842965126","0.2694610778443114","0.7335379440869121","0.289993601212349","0.4414574207215405","0.0"
"0.5156612660304116","9","7","Illinois, Clay","-88.4891,38.7539","0.7623672048478606","0.315412186379928","0.5207608236470088","0.511","0.75","0.48583792883850596","0.15400509214950894","0.5149700598802395","0.613308186513927","0.23939495028374125","0.32940462901206546","0.5269200994910666"
"0.5155939408891043","10","2","Virginia, Accomack","-75.6323,37.7671","0.4180169543632946","0.0125","0.5575862624622242","0.7682","0.675","0.7697111946822568","0.6328882824945442","0.34131736526946105","0.6527643232093532","0.4532236462812121","0.5429408008065159","0.0"
"0.5155590431654632","9","3","Georgia, Banks","-83.4964,34.3561","0.6038691139891699","0.0685185185185185","0.5153997820757845","0.2474","1.0","0.7922333288990623","0.4047092151239905","0.44311377245508987","0.5517358041566147","0.3893284377535697","0.5566356548719951","0.0"
"0.5155573535003828","10","7","Illinois, Livingston","-88.5578,40.8919","0.6568730218304051","0.195167286245353","0.5368728225160547","0.6724","0.675","0.48583792883850596","0.364512188710731","0.5149700598802395","0.5858342498966352","0.34195454637231343","0.25489348049856414","0.5448508886861047"
"0.5155495371852044","9","3","Kentucky, Greenup","-82.9216,38.5433","0.6510607515406645","0.177101967799642","0.5766730639685825","0.1544","0.825","0.7986013047908057","0.2321836949570136","0.44311377245508987","0.6207997313712245","0.520013105638375","0.3789205947957011","0.35692216817356004"
"0.5155060097484107","7","7","Wisconsin, Crawford","-90.9307,43.2387","0.7342076559965334","0.298969072164948","0.550156500780011","0.7523","0.575","0.38022621028167947","0.32943761707785973","0.3592814371257485","0.6493451083308717","0.3978892634573968","0.2092582179116217","0.5118541816322723"
"0.5154997126683101","10","6","Connecticut, New Haven","-72.9362,41.408","0.5197744674316205","0.0564218699450016","0.7497932411848623","0.801","1.0","0.5061291060158074","0.5354118872157564","0.3233532934131737","0.5494974081927578","0.22996189374426163","0.2197562939708367","0.4023923621297341"
"0.5153553631656682","7","7","Minnesota, Wadena","-94.9697,46.5859","0.7559141839190794","0.502890173410405","0.5312903193663667","0.7962","0.5","0.42209023252660954","0.34104750238179665","0.18562874251497005","0.6371246099900815","0.3676404560787214","0.31563214150457003","0.40811497740967334"
"0.5152410195868162","10","3","Georgia, Hart","-82.9657,34.3463","0.5267141373942608","0.0503597122302158","0.5046886474506819","0.3897","1.0","0.7922333288990623","0.4857832576916356","0.4550898203592814","0.6424111072462477","0.3077338256388939","0.5209075579486411","0.0"
"0.5152364113096956","10","9","Kentucky, Hickman","-88.9788,36.6795","0.6755646261103911","0.154639175257732","0.46881461488354387","0.496","0.5","0.7986013047908057","0.44287310474670416","0.4610778443113772","0.6853345393682004","0.40266484806883834","0.4188577322968805","0.0"
"0.5152264681689377","10","5","Texas, Stephens","-98.8363,32.7355","0.5590895347617032","0.0860927152317881","0.5086131524002513","0.6285","0.5","0.8066953714640763","0.4696329755819907","0.29940119760479045","0.6017807168377609","0.31656781063861733","0.6751414690839048","0.3864559279603527"
"0.5151307160094148","10","5","Louisiana, St. Helena","-90.7101,30.8221","0.5750434890444942","0.037122969837587","0.4548950079606229","0.7647","0.5","0.3163258823370422","0.6649881623892073","0.34730538922155696","0.5858342498966352","0.4811726917868296","0.6403249898174234","0.45483473835668187"
"0.5150710778288919","10","6","California, Alameda","-121.8929,37.6463","0.44191800481130433","0.0409966425163456","0.8065752616514845","0.916","1.0","0.6302607543856039","0.5803509862045476","0.44311377245508987","0.46124754169706367","0.08151176342271371","0.16712457478734677","0.4538209699417298"
"0.5150333863769404","10","3","Colorado, Arapahoe","-104.3354,39.6498","0.6212892173307528","0.130317716747442","0.7224536239899895","0.3613","1.0","0.8662658896035598","0.5880664752668283","0.3053892215568862","0.4377631248108773","0.15265213174152079","0.1215209226970754","0.5282480766888301"
"0.5149847561258194","10","9","Missouri, Dallas","-93.0213,37.6811","0.6846239729485437","0.219424460431655","0.49175639785010344","0.5444","0.675","0.6898109656793697","0.24127377837098346","0.38323353293413176","0.6170727822364962","0.4366267243798008","0.5368631075346707","0.0"
"0.5149063607719155","10","2","Oregon, Douglas","-123.1673,43.2794","0.4322998569286205","0.181528662420382","0.5532879644603012","0.8682","0.675","0.7438233614458837","0.3503430804816131","0.34730538922155696","0.6960934005090119","0.35844520438700467","0.4051288454744488","0.5343765802747622"
"0.5147615345599144","4","2","Georgia, Clay","-84.9771,31.6222","0.38055932206439114","0.00819672131147541","0.40769039612219504","0.7606","0.5","0.7922333288990623","0.6488030403270366","0.44910179640718567","0.6661358670949733","0.5391747997529058","0.7152832875788552","0.0"
"0.5147410461487499","10","2","Florida, Levy","-82.7401,29.3183","0.5332282382912379","0.041780199818347","0.5213689966637657","0.469","0.75","0.4454391386730797","0.5307881542048355","0.311377245508982","0.6790442329554586","0.4825248051074139","0.6072381255048142","0.5670433652075092"
"0.5146753609153836","10","6","Iowa, Marshall","-92.9991,42.0359","0.6267626671585782","0.0484122852680895","0.6500434697304938","0.7415","0.75","0.5124529061342115","0.4075786326578584","0.37724550898203596","0.5648909983668218","0.3196712410768521","0.30691890793364124","0.4240550720597794"
"0.5144937005965095","9","9","Kentucky, Trigg","-87.8733,36.8077","0.644267766446136","0.172566371681416","0.4557796548484423","0.1525","0.75","0.7986013047908057","0.4395116677668407","0.4550898203592814","0.6561524538860896","0.4004152660515517","0.3768203740187878","0.4986962275570444"
"0.5144858506948214","10","6","Florida, Palm Beach","-80.4654,26.6468","0.5515618345802855","0.0394197221032013","0.7256501659293754","0.6485","1.0","0.4454391386730797","0.578723295623587","0.17365269461077848","0.6758588134982833","0.22475327565141132","0.3371702743609442","0.4454220556709886"
"0.5144616726025408","7","9","Idaho, Lemhi","-113.931,44.9438","0.7743612640196614","0.339181286549708","0.4054481826351761","0.4779","0.5","0.771056031651189","0.2592026860245582","0.3592814371257485","0.7535440960260323","0.2628946723275076","0.3039300809725278","0.46403983489002887"
"0.5142703429490769","9","3","Georgia, Morgan","-83.4913,33.5923","0.5591786487733528","0.0504854368932039","0.5455531708947002","0.0538","1.0","0.7922333288990623","0.6052591943216359","0.4970059880239522","0.5978576089534523","0.37789465531604294","0.31340729543618306","0.4443574092768984"
"0.5142419341377625","10","4","Kentucky, Gallatin","-84.8558,38.754","0.5676004134838529","0.115044247787611","0.5528450667104108","0.6813","0.75","0.7986013047908057","0.2654014854137771","0.48502994011976047","0.46968620728685795","0.4770948791554931","0.471542135641489","0.0"
"0.514059291713061","9","9","Texas, Montague","-97.725,33.6752","0.6334439310617552","0.201680672268908","0.49634574934198566","0.3292","0.75","0.8066953714640763","0.33127234604621236","0.3652694610778443","0.6510586369018438","0.3514280882171688","0.4696258855329415","0.38079088808469275"
"0.5140456550495901","10","5","West Virginia, Gilmer","-80.8595,38.9251","0.5799719327154738","0.209677419354839","0.4442236602917211","0.8491","0.32499999999999996","0.590915881821042","0.5739925073655212","0.38922155688622756","0.540406913436432","0.5742272820699946","0.5837143447828329","0.0"
"0.5140277038169546","7","7","North Dakota, Mountrail","-102.3555,48.202","0.8444300958122074","0.307692307692308","0.48325501332395826","0.7784","0.575","0.10985976568982879","0.6771042410087478","0.11976047904191617","0.39950476257029566","0.48736374363473317","0.2523805065697149","0.5555927849921317"
"0.514016135521645","10","6","Illinois, McLean","-88.8462,40.49","0.635762661310553","0.11197713691868","0.6310724318471767","0.6393","1.0","0.48583792883850596","0.4338485732974326","0.5209580838323353","0.4377631248108773","0.29300606172391225","0.0990270870467088","0.4779863617757821"
"0.5139443244729277","10","6","Iowa, Polk","-93.5777,41.6868","0.654270568567197","0.0784467323187108","0.8104493521524427","0.6157","1.0","0.5124529061342115","0.44608059578821657","0.33532934131736525","0.4407808887294848","0.26793484584202687","0.12063764548549422","0.4000773857700113"
"0.5139198942287003","10","9","Texas, Bosque","-97.6361,31.8998","0.5949756140788582","0.0883116883116883","0.5006120420622531","0.3852","0.675","0.8066953714640763","0.3887559242795112","0.38922155688622756","0.6930510015104033","0.3269799203403266","0.4624832455284167","0.5288094728690974"
"0.5138823906385245","7","7","Montana, Missoula","-113.9214,47.0373","0.7463761061794164","0.440860215053763","0.5961666426219964","0.6714","0.675","0.6163905315403087","0.36541147565839194","0.33532934131736525","0.5016507991249867","0.19580627789773555","0.17316726639812688","0.4136743508944429"
"0.5138765872834969","9","4","Indiana, Jefferson","-85.4363,38.7858","0.5980539483991029","0.182926829268293","0.5999863428936131","0.5645","0.75","0.5484650550776322","0.312612893891577","0.4970059880239522","0.5539608364828539","0.4429992464010962","0.334607644096328","0.4654420970895111"
"0.5138293162288107","9","9","Mississippi, Webster","-89.2839,33.613","0.5963842811269368","0.0493150684931507","0.4843120926148319","0.1108","0.675","1.0","0.523207769244162","0.407185628742515","0.5691748594129424","0.4060773364318037","0.5328195073340591","0.39734204403180334"
"0.5138022260448292","10","6","Washington, Snohomish","-121.7171,48.0462","0.518588728369585","0.10294670846395","0.6897644033162964","0.5527","1.0","0.9576955189784127","0.5117282570397075","0.3053892215568862","0.4496902805094778","0.20985121839672383","0.10343257293334872","0.5886623553471496"
"0.5137892429159926","9","9","Alabama, Cleburne","-85.5201,33.6768","0.7536153670538506","0.178846153846154","0.5004997647900564","0.1","0.75","0.5802035115828437","0.38708259971643255","0.47904191616766467","0.595880459448231","0.44875298368839106","0.6074428064985852","0.0"
"0.5136749312557607","9","9","Tennessee, Scott","-84.5036,36.4233","0.6742158686527121","0.235668789808917","0.5268545237548097","0.4005","0.675","0.4911779531988354","0.10681202955042862","0.37724550898203596","0.540406913436432","0.5991255987283166","0.6258709993797803","0.549138094260264"
"0.5136631866079845","10","6","Connecticut, Hartford","-72.731,41.8028","0.5646166726261423","0.0789037055244884","0.74031092995747","0.737","1.0","0.5061291060158074","0.5433095776394669","0.2754491017964072","0.5472454870957077","0.19950328061188086","0.1950615926288682","0.45157444505319666"
"0.5136403220793965","9","7","Illinois, Lee","-89.2998,41.7458","0.7162003083870221","0.268581081081081","0.5710555903335192","0.5266","0.675","0.48583792883850596","0.41748934232019075","0.502994011976048","0.5898852876912913","0.32229095358653553","0.17459458326889113","0.4599300329387588"
"0.5135387280357515","9","7","Iowa, Union","-94.2423,41.0277","0.7129632399114385","0.269230769230769","0.6116336341125881","0.377","0.75","0.5124529061342115","0.29139367519816617","0.3532934131736527","0.613308186513927","0.4660632468157167","0.2881782434761567","0.4777746212569891"
"0.5134539397005988","9","3","Indiana, Floyd","-85.9039,38.3212","0.6537925470521344","0.130105017502917","0.6942043765056539","0.205","1.0","0.5484650550776322","0.417024228952752","0.5389221556886228","0.5166605513962695","0.44227476330494087","0.14247347413044187","0.42723152963875677"
"0.5133489162799934","9","9","Kansas, Barton","-98.7564,38.4789","0.7290607185413527","0.2","0.5377772165942474","0.3063","0.75","0.6813178638986801","0.3730591131468508","0.29341317365269465","0.5837920978957992","0.40102574842760774","0.35501470251434253","0.4250194820326263"
"0.513317777534201","9","3","West Virginia, Wood","-81.5163,39.2097","0.5359154030488575","0.202505219206681","0.608258115823478","0.4085","1.0","0.590915881821042","0.2440753496468686","0.4550898203592814","0.6114115319998742","0.5526688563029087","0.30095288086076477","0.40711733027561847"
"0.513256275092738","10","6","Louisiana, East Baton Rouge","-91.0978,30.5384","0.5066284129109876","0.0257764765784114","0.7304355078322657","0.7593","1.0","0.3163258823370422","0.5921223589333904","0.3592814371257485","0.46689449529952165","0.3851487911943337","0.34536163195426384","0.3627481268319678"
"0.5131790902032637","7","10","South Dakota, Douglas","-98.3698,43.3852","0.8788980906044228","0.324324324324324","0.38537941192808695","0.405","0.5","0.7704699034685317","0.3769052624779195","0.2095808383233533","0.6806267907799217","0.3008545594094764","0.22566951576958058","0.4016899134214135"
"0.5131632053351249","9","7","Illinois, Douglas","-88.2185,39.7677","0.8036508060371336","0.340344168260038","0.5317619471011049","0.5447","0.75","0.48583792883850596","0.18751078452716907","0.5089820359281437","0.5648909983668218","0.2787881907738104","0.3827690819306529","0.0"
"0.5131228479579387","10","6","New York, New York","-73.9715,40.7673","0.4701353155272947","0.0322368609070904","1.0","0.9736","0.825","0.30357014148943134","0.6066578984979419","0.4670658682634731","0.5310891329236117","0.065640114672019","0.26950612898463333","0.36089919074268156"
"0.5130183181866288","9","3","Virginia, Campbell","-79.0968,37.2055","0.6412171663198375","0.227707006369427","0.5811674725611308","0.1913","1.0","0.7697111946822568","0.5099739637880941","0.38922155688622756","0.6017807168377609","0.37842001884062454","0.2742576347524589","0.0"
"0.5129863274439227","10","9","Kentucky, Butler","-86.6875,37.2095","0.680441462682288","0.115384615384615","0.4360901035288364","0.6641","0.5","0.7986013047908057","0.21397596675370922","0.48502994011976047","0.5734100391661536","0.4685128955940553","0.5138128786976863","0.0"
"0.5129703242438995","10","9","Florida, Jefferson","-83.8944,30.4367","0.6965011989806246","0.0912","0.4993158734638858","0.4979","0.675","0.4454391386730797","0.601744052511105","0.4191616766467066","0.6544622387094758","0.4287513834624545","0.4035016921304761","0.0"
"0.5129596226605695","9","9","Tennessee, Cumberland","-84.9984,35.9527","0.6733333598106914","0.134732566012187","0.5385770109660539","0.3187","0.825","0.4911779531988354","0.2287738951925852","0.37724550898203596","0.7688100584458099","0.45186436170451266","0.4499186181101986","0.4224563882485313"
"0.5128674066472515","7","4","Colorado, Mesa","-108.4698,39.0179","0.6074821255728949","0.302463054187192","0.5621521839870356","0.5969","0.75","0.8662658896035598","0.36080059226887723","0.2035928143712575","0.5775976316230177","0.2241676435983681","0.38490478882068746","0.42904839558401514"
"0.5128619650993185","9","3","Indiana, Perry","-86.6374,38.0781","0.6254959051276728","0.150170648464164","0.5804603010443682","0.5205","0.75","0.5484650550776322","0.3561674705651794","0.5449101796407185","0.5755097168756041","0.39993589133897917","0.2302543700300518","0.5314929842353662"
"0.5128165426551019","9","9","Arkansas, Sharp","-91.4782,36.1626","0.6517281247480841","0.161716171617162","0.5053203283403847","0.3365","0.75","0.610486779204959","0.3369754738101368","0.4191616766467066","0.712396635537302","0.5535158870014193","0.47567160496907324","0.0"
"0.5126676100783115","9","3","Indiana, Noble","-85.4197,41.3967","0.6644626454896463","0.134057971014493","0.5797113434437682","0.4371","0.75","0.5484650550776322","0.2566102897293055","0.5868263473053893","0.5117241638959221","0.4038963721576005","0.29711432499296636","0.6174232602898944"
"0.5126626362970206","9","3","Illinois, Boone","-88.8235,42.3236","0.7859675120675627","0.260365853658537","0.6062541682756166","0.2203","1.0","0.48583792883850596","0.4131983123285975","0.502994011976048","0.5067215141840639","0.2876333018759121","0.29024200923583626","0.0"
"0.5126148660062563","9","6","Virginia, Culpeper","-77.9563,38.482","0.5343030844785095","0.0460218408736349","0.6021277594066825","0.5718","0.825","0.7697111946822568","0.5798336851659213","0.34730538922155696","0.5117241638959221","0.2994703213500428","0.27810333628808714","0.5276826868692854"
"0.5124818474839655","9","3","Indiana, Porter","-87.0685,41.4599","0.6692536279053714","0.188965517241379","0.6480087407165414","0.2273","1.0","0.5484650550776322","0.3884060133354772","0.5808383233532934","0.5239446622367122","0.35130558355029196","0.12318259325005684","0.4939105872908939"
"0.5124736254365843","10","6","Delaware, New Castle","-75.6405,39.5799","0.6105810033395436","0.0944622726898708","0.7360752597736422","0.5562","1.0","0.34917477553283943","0.5833993753050268","0.4191616766467066","0.504194780386106","0.2874172158909742","0.18192797627056936","0.4293712269152877"
"0.5123852743589025","10","7","Louisiana, Plaquemines","-89.6032,29.4225","0.7199920156212883","0.131609870740306","0.5960558764960012","0.6504","0.675","0.3163258823370422","0.6952093880026051","0.3532934131736527","0.4377631248108773","0.45114839136603907","0.36383487887669136","0.0"
"0.5123562130286278","7","5","Colorado, Morgan","-103.8093,40.2628","0.5975659293994989","0.0651105651105651","0.500302157318052","0.681","0.675","0.8662658896035598","0.5238780907854109","0.19760479041916168","0.5191044408593759","0.32337081019544367","0.36352955296823175","0.4558536493091615"
"0.5123427107833134","10","9","West Virginia, Nicholas","-80.7976,38.2962","0.6054429503332148","0.283236994219653","0.4849679261276775","0.5759","0.75","0.590915881821042","0.2007086255602777","0.3652694610778443","0.6406572602088578","0.4852773487249298","0.46193363467058657","0.3868557473146728"
"0.5123045331989078","10","9","Kentucky, Meade","-86.2103,37.9616","0.6309632105992646","0.220447284345048","0.5449252863950773","0.426","0.75","0.7986013047908057","0.4372017032014004","0.5449101796407185","0.47245716285929296","0.45136476721164437","0.29071459221672064","0.0"
"0.5122898332305755","10","9","Tennessee, Union","-83.8365,36.2859","0.6956050619081009","0.159183673469388","0.52128363180208","0.6195","0.575","0.4911779531988354","0.21830675861223156","0.4191616766467066","0.5691748594129424","0.5503880342914128","0.6210255099130397","0.0"
"0.5121341774623339","10","9","Montana, Rosebud","-106.7293,46.234","0.7384128257881486","0.068870523415978","0.3814358224902673","0.4409","0.5","0.6163905315403087","0.6139719708160589","0.18562874251497005","0.5067215141840639","0.4847684997659847","0.6202777581641982","0.34223010524992403"
"0.5120959692841764","10","9","Louisiana, West Carroll","-91.4612,32.7855","0.5662770065895171","0.0437158469945355","0.5018329955463899","0.2521","0.75","0.3163258823370422","0.5978291965312171","0.39520958083832336","0.5918944128138512","0.6629360704225861","0.653165270455655","0.4847115342721604"
"0.5120908316066367","10","5","Louisiana, Winn","-92.6379,31.9445","0.5860749391006315","0.036036036036036","0.4866478015068252","0.6651","0.5","0.3163258823370422","0.6625893553724674","0.38323353293413176","0.5691748594129424","0.5959929194093035","0.5457053264655796","0.3863207037501408"
"0.5120307468333408","10","7","Nebraska, Saline","-97.1409,40.5242","0.7429565793440068","0.0964705882352941","0.5003283244576752","0.5339","0.675","0.603814206971114","0.4012592853069523","0.33532934131736525","0.49129758316188105","0.33347629235964604","0.40570582787345777","0.429293462982009"
"0.5119155424678966","9","3","Tennessee, Robertson","-86.8735,36.5245","0.6356966825120092","0.0718927701056052","0.5965689533079896","0.2671","1.0","0.4911779531988354","0.49671787232282044","0.4730538922155689","0.4886637078344629","0.3878205884010251","0.31674068892231344","0.5118250666257322"
"0.5119083291878725","9","3","Maryland, Worcester","-75.332,38.2127","0.5785166818289506","0.0712446351931331","0.6152486276285172","0.5193","1.0","0.4028734589185817","0.5110347477462361","0.3592814371257485","0.7280164829849926","0.3502037985396176","0.13992755746176674","0.582107964548008"
"0.5117516346365952","9","1","Pennsylvania, Venango","-79.7585,41.4032","0.5463063037399786","0.397515527950311","0.5681388635443729","0.4912","0.675","0.7607330979588356","0.21977635926858674","0.4670658682634731","0.6388951207196634","0.4628977739227236","0.3380517348773144","0.4212261821547393"
"0.5117424262434604","9","3","North Carolina, Chatham","-79.2554,35.7039","0.592973988778104","0.0704301075268817","0.5539617054136616","0.283","0.75","0.7283659930549282","0.6045801422241948","0.43712574850299407","0.6774549264631455","0.22680030573837365","0.2692755298058522","0.6971319022628094"
"0.5117306224820335","10","9","Montana, Lake","-114.0898,47.6451","0.7109996570438649","0.31615925058548","0.5018196167083483","0.4253","0.32499999999999996","0.6163905315403087","0.5901865087555048","0.34730538922155696","0.6335581539925471","0.3516837992781834","0.47596675738435135","0.3876865124844328"
"0.5116997242776983","9","3","Texas, Parker","-97.805,32.7776","0.5751984903773556","0.0957446808510638","0.5910516851914662","0.3645","1.0","0.8066953714640763","0.38380865578316714","0.4191616766467066","0.5142005305328247","0.26441859947678975","0.26354191860696785","0.6059990988006173"
"0.5116526499882624","9","2","Washington, Mason","-123.1864,47.3501","0.48777218186192567","0.105691056910569","0.5637556203342945","0.4215","0.75","0.9576955189784127","0.5250920302810539","0.17365269461077848","0.6561524538860896","0.34974459505987127","0.3840215116091063","0.6835354339671488"
"0.5116471826443592","9","3","Indiana, Washington","-86.1049,38.6022","0.612035187244725","0.168115942028985","0.5515590776242609","0.2486","1.0","0.5484650550776322","0.15119882732546489","0.5089820359281437","0.5472454870957077","0.5170373829636581","0.4191452545922724","0.5784214466420865"
"0.5116150311674935","9","9","Kentucky, Cumberland","-85.3905,36.7893","0.6041107807966293","0.10655737704918","0.4754845152129154","0.4632","0.5","0.7986013047908057","0.2857057869666435","0.4131736526946108","0.6388951207196634","0.49357339519461785","0.5622595376801359","0.4014778716362281"
"0.5115497647976882","9","3","Virginia, Warren","-78.2028,38.9085","0.5862149066040302","0.131528046421663","0.6248529972900696","0.2117","1.0","0.7697111946822568","0.4378522454572748","0.34131736526946105","0.5191044408593759","0.3841528129508575","0.31704165476226664","0.5146761179572672"
"0.5115269231857905","9","1","Oregon, Curry","-124.1573,42.4591","0.5241822797370811","0.428571428571429","0.5320728285270828","0.4776","0.675","0.7438233614458837","0.37635150425153124","0.29940119760479045","0.806703424191705","0.3332740261052331","0.3459022804490532","0.5584330072373699"
"0.5114715903526402","9","3","Virginia, Suffolk City","-76.636,36.7016","0.564463946755549","0.0583518930957684","0.6359020142178043","0.255","1.0","0.7697111946822568","0.6208219336792652","0.3652694610778443","0.47793802351369025","0.34306892248610504","0.2337065753829806","0.5032818818625987"
"0.5114055666090916","10","9","Texas, Dallam","-102.6021,36.2779","0.811662007841949","0.211480362537764","0.49540566639708117","0.2652","0.675","0.8066953714640763","0.48535656308979835","0.17964071856287425","0.37522787829441234","0.32876197221229275","0.6463862117193556","0.0"
"0.5113164116937351","10","2","Maine, Androscoggin","-70.2038,44.1665","0.45434200076519865","0.0792316926770708","0.6397081389087199","0.8806","0.825","0.83233747019391","0.4097356658710402","0.2754491017964072","0.5539608364828539","0.3480143963175726","0.26141735411422734","0.37952266847085"
"0.5111982660674397","10","9","Kentucky, Monroe","-85.716,36.7123","0.6549286696265529","0.124497991967871","0.1949754096468256","0.5979","0.5","0.7986013047908057","0.25153550218438053","0.43113772455089816","0.5878652729484978","0.5772193051091437","0.5625859372530431","0.3771743986181678"
"0.5110727042100301","9","9","Idaho, Jerome","-114.2655,42.6889","0.7527255691512662","0.155299055613851","0.5012959381608437","0.2588","0.675","0.771056031651189","0.33477542518196074","0.29341317365269465","0.4437744133187831","0.26398765528289153","0.6069768847334746","0.5597316599168956"
"0.511067224437489","10","6","Florida, Charlotte","-81.9295,26.9013","0.5364519908451895","0.063633660422242","0.6296158971109446","0.547","1.0","0.4454391386730797","0.42871198988075027","0.281437125748503","0.8678354515841412","0.31603817553850816","0.30904541023460685","0.38054061874796713"
"0.511038197178259","10","3","North Carolina, Wake","-78.6525,35.7888","0.5706372227584019","0.0831271147921822","0.7175947564113494","0.4384","1.0","0.7283659930549282","0.6138105585824305","0.47904191616766467","0.3927283612037091","0.16786116538947063","0.1298306077051373","0.5043749838429015"
"0.5110007579543077","9","9","Texas, McCulloch","-99.3468,31.1925","0.6296622472398838","0.101604278074866","0.5038243934028532","0.3072","0.675","0.8066953714640763","0.4246964257800829","0.2874251497005988","0.6561524538860896","0.35911319908830414","0.5304882029263085","0.42391304208677905"
"0.5109669493477349","9","3","Pennsylvania, Columbia","-76.4057,41.0482","0.5206388551863893","0.0656219392752204","0.6140366898546545","0.5196","1.0","0.7607330979588356","0.27125211776749825","0.44910179640718567","0.5878652729484978","0.3616575793145764","0.2660414489912558","0.44478151200119964"
"0.5108671053623071","9","6","Ohio, Belmont","-80.9924,40.0163","0.4622911704348011","0.0572916666666667","0.5929278639928719","0.5651","1.0","0.7247088387345686","0.33141465649418617","0.49101796407185627","0.6151952376728468","0.3914720773236755","0.2961304028666966","0.3869960329036001"
"0.5106792724921912","10","2","Pennsylvania, Clearfield","-78.4759,41.0011","0.44985599757206574","0.120822622107969","0.5556127945470586","0.73","0.75","0.7607330979588356","0.29666680155152386","0.4670658682634731","0.613308186513927","0.4229103130926304","0.4038290606074956","0.3966269572665957"
"0.5105811806918452","7","7","Iowa, Emmet","-94.6786,43.3778","0.8173416519008935","0.239185750636132","0.5995160551554418","0.5374","0.5","0.5124529061342115","0.41343994801497413","0.29940119760479045","0.6207997313712245","0.3492740484493933","0.16600113046887333","0.4420654727577126"
"0.5105545688344034","10","9","Oklahoma, Woods","-98.8657,36.7671","0.674762952213331","0.204081632653061","0.459417931635753","0.3473","0.5","0.9523454485741492","0.5724920564711596","0.29341317365269465","0.5449798764246452","0.3860023845291215","0.3184205264274047","0.43722503171051286"
"0.5104885552960781","9","3","Pennsylvania, Beaver","-80.3492,40.6825","0.5162504475235804","0.0763823805060918","0.6288315428970632","0.4196","1.0","0.7607330979588356","0.3637914314896888","0.47904191616766467","0.6281436499318728","0.4008805291916675","0.13731551308741174","0.4679039028295486"
"0.5104851447034104","10","6","Iowa, Johnson","-91.5875,41.6717","0.6271857625376513","0.0628785179907374","0.7277482196789995","0.8593","1.0","0.5124529061342115","0.44448685820911915","0.37724550898203596","0.38929338935206537","0.1778279688586005","0.15148961134954902","0.2836323617771063"
"0.5104142952421021","9","3","Virginia, Wythe","-81.0783,36.9158","0.5917087420849577","0.162939297124601","0.5711106787645275","0.3394","0.825","0.7697111946822568","0.31973197781531587","0.34730538922155696","0.626321192473144","0.4007758879683915","0.4193695558943222","0.40142261986413474"
"0.510370489439754","9","2","Georgia, Baker","-84.4422,31.3267","0.5137197275649256","0.0344827586206897","0.3833822318972844","0.6068","0.5","0.7922333288990623","0.6416759293395041","0.4670658682634731","0.6726459331898672","0.49405198969052794","0.5202351384945483","0.0"
"0.5103192941916669","10","9","Maryland, Dorchester","-76.0275,38.4541","0.6242534487979617","0.106259097525473","0.5624076156168847","0.5228","0.675","0.4028734589185817","0.6037418352377572","0.38323353293413176","0.6281436499318728","0.5044210225302879","0.357443260672388","0.25032726159258184"
"0.5102866997167492","9","9","Tennessee, DeKalb","-85.8369,35.9762","0.6858776145192734","0.110612855007474","0.5501406688135729","0.3477","0.75","0.4911779531988354","0.3140848595829986","0.40119760479041916","0.579673914473061","0.49756682927541945","0.4724263817571827","0.40923014153190984"
"0.5102734789754497","10","3","Georgia, Cobb","-84.5761,33.9424","0.5714819042636786","0.0542584365251914","0.7661320035155682","0.2264","1.0","0.7922333288990623","0.6011183294279557","0.44910179640718567","0.40944379978250145","0.2159596669467549","0.20869116677976607","0.5070088330250734"
"0.5101306295232673","4","2","Georgia, Talbot","-84.5335,32.6964","0.3698639257070618","0.0119047619047619","0.44024396336629323","0.7453","0.5","0.7922333288990623","0.6917752611709184","0.47904191616766467","0.6644904259777605","0.487801753972176","0.6451340242669302","0.0"
"0.5099505997116178","10","6","Louisiana, Jefferson","-90.1112,29.7408","0.5550987624535678","0.0316179677278674","0.7312670587673238","0.461","1.0","0.3163258823370422","0.6209026220047699","0.29940119760479045","0.5380992168517501","0.4107175313185728","0.39242845036746293","0.40136929429131546"
"0.5099097529802289","9","7","Wisconsin, Monroe","-90.6188,43.9464","0.7244212358230134","0.254464285714286","0.5717467208788856","0.638","0.675","0.38022621028167947","0.4266585711394073","0.32934131736526945","0.5380992168517501","0.38498981213677497","0.23926663163270884","0.5045163991034178"
"0.5097718937905709","10","6","California, Yolo","-121.9018,38.6828","0.4963746998609811","0.0616348055372446","0.6687051886345744","0.9519","0.75","0.6302607543856039","0.49427950639934704","0.407185628742515","0.42229651508178717","0.12584959358232725","0.3462512070425765","0.6073322521846585"
"0.5097083611892604","10","5","Texas, Hartley","-102.6029,35.8401","0.6940781601352141","0.134969325153374","0.4268536306799561","0.8927","0.5","0.8066953714640763","0.4989290045171481","0.17365269461077848","0.4939129750014257","0.1768352397388808","0.398076676891431","0.4020377180946725"
"0.509614804834066","9","3","Tennessee, Cheatham","-87.089,36.2614","0.6516114822613717","0.119371727748691","0.5826870278727896","0.2225","1.0","0.4911779531988354","0.3549660883711883","0.4550898203592814","0.49129758316188105","0.4021644831124545","0.3242988676780976","0.7145773342870437"
"0.5095802555964998","9","9","Missouri, Maries","-91.9225,38.1619","0.7373986753116407","0.345323741007194","0.4591215806014674","0.4129","0.5","0.6898109656793697","0.2914238232691909","0.39520958083832336","0.6317620454190964","0.4638764062534319","0.5094902341126674","0.0"
"0.509539544648408","9","7","Wisconsin, Grant","-90.7063,42.8672","0.7688779428955197","0.22360248447205","0.5506954085304505","0.6619","0.75","0.38022621028167947","0.26545263340477615","0.38922155688622756","0.5494974081927578","0.3013605403620159","0.2276729672482554","0.5184429674482238"
"0.509518639991211","9","9","Kentucky, Larue","-85.7014,37.5457","0.7265312269591913","0.333333333333333","0.5202423100565479","0.1515","0.675","0.7986013047908057","0.3597525159684896","0.49101796407185627","0.5648909983668218","0.4032876412415178","0.4216955313294539","0.0"
"0.509396175265748","9","7","Minnesota, Itasca","-93.6309,47.5101","0.733727249698794","0.357675111773472","0.5112359827966035","0.6921","0.675","0.42209023252660954","0.40855891066794076","0.24550898203592814","0.6544622387094758","0.3225339699228882","0.19316508394161333","0.45928222017413756"
"0.5093666889246431","9","3","Ohio, Miami","-84.2287,40.0543","0.6593833509031323","0.166492146596859","0.6111908210173917","0.0665","1.0","0.7247088387345686","0.29882861086109097","0.5508982035928144","0.579673914473061","0.39587213156326617","0.1705552220237718","0.4743028374716289"
"0.5093607637576562","10","2","Pennsylvania, Crawford","-80.1076,41.6845","0.4612508588141006","0.145118733509235","0.528304998602155","0.7412","0.75","0.7607330979588356","0.27987014024082596","0.4730538922155689","0.6075890184122873","0.44208612298818706","0.35158599308614247","0.41379953935366137"
"0.5093580401774159","9","3","Ohio, Sandusky","-83.1379,41.3562","0.5652680057915592","0.123188405797101","0.5964124232956522","0.2324","1.0","0.7247088387345686","0.36473252688566055","0.5089820359281437","0.5755097168756041","0.4144892491117195","0.25399627529036545","0.4419604374370717"
"0.5093380188191315","10","2","Arkansas, Dallas","-92.6517,33.9704","0.49437774777381305","0.0338983050847458","0.5065522617086626","0.7421","0.5","0.610486779204959","0.659660136372242","0.4131736526946108","0.6424111072462477","0.4107925534341366","0.42325219689924043","0.41080605140427706"
"0.5093243131046366","9","3","Texas, Guadalupe","-97.9479,29.5817","0.49833107693787637","0.037262156448203","0.6234188400852892","0.3989","1.0","0.8066953714640763","0.5423204613977621","0.44311377245508987","0.46968620728685795","0.28346067051099527","0.23551818384737533","0.5979632723834386"
"0.5093206139519753","7","7","Wyoming, Albany","-105.7235,41.655","0.8094777173287813","0.345829428303655","0.5270267988798565","0.8192","0.675","0.5947001907015348","0.4257775158658603","0.04191616766467067","0.3927283612037091","0.17563214251899797","0.2936716875681488","0.44849160504626234"
"0.5093033062772251","9","3","Washington, Benton","-119.5121,46.2395","0.5718177065257412","0.0616218386190285","0.6239600727220632","0.5212","0.825","0.9576955189784127","0.4142910982997965","0.3712574850299401","0.4886637078344629","0.23625162329662217","0.22972425836748622","0.4757847566253251"
"0.5091200781178288","9","9","Tennessee, Cannon","-86.0574,35.8099","0.7099111118691099","0.167979002624672","0.5291695399390202","0.3585","0.75","0.4911779531988354","0.29780723774689194","0.40119760479041916","0.5858342498966352","0.47283658255788646","0.42413498965876534","0.3891510753985921"
"0.5089645130626178","7","7","Illinois, Brown","-90.7507,39.9621","0.6906659870264814","0.260416666666667","0.5142130896814932","0.9185","0.5","0.48583792883850596","0.6515504542816931","0.43712574850299407","0.49129758316188105","0.18278260910966523","0.32387569880695205","0.0"
"0.5086512316159651","10","2","Nevada, Nye","-116.4723,38.0426","0.53281567640779","0.0890052356020942","0.41455079879316387","0.5664","0.675","0.5897697212390978","0.5200854946335344","0.2095808383233533","0.7561322439804544","0.4341939169378387","0.4968086115228617","0.638153921897478"
"0.508597870177717","10","9","Missouri, Daviess","-93.9852,39.9615","0.7495800226478174","0.251256281407035","0.43607339323019273","0.6533","0.5","0.6898109656793697","0.24163723493884348","0.38323353293413176","0.6189409155096902","0.401664200522567","0.43323493708360594","0.0"
"0.5084043430223254","10","3","Washington, Thurston","-122.8291,46.9292","0.49093903128674266","0.164664310954064","0.6635389456355145","0.4518","1.0","0.9576955189784127","0.5180549614593782","0.251497005988024","0.540406913436432","0.24020713845632483","0.17090366416523883","0.5025408119317044"
"0.508340035077486","9","9","Virginia, Page","-78.488,38.6181","0.5992529645289428","0.0989010989010989","0.5272948254884378","0.1264","0.825","0.7697111946822568","0.2971895170986518","0.3233532934131737","0.6281436499318728","0.4935022648048675","0.5364178960949652","0.5593096723628844"
"0.5082653897274372","10","3","Virginia, Manassas City","-77.4851,38.7464","0.5731892010160451","0.0318249627051218","0.7245638888182764","0.2814","1.0","0.7697111946822568","0.628768264455012","0.3712574850299401","0.3295349972503631","0.22040346628779872","0.36667497905653207","0.42423522424022286"
"0.5082293777436458","9","3","Tennessee, Smith","-85.9541,36.2536","0.7629370982390774","0.143010752688172","0.5477222852411361","0.1589","0.825","0.4911779531988354","0.35891179519551397","0.4191616766467066","0.5380992168517501","0.46387426265103393","0.32352677221342874","0.4952902757107789"
"0.5081058456880376","10","6","Louisiana, Lafayette","-92.0696,30.2049","0.49887179885208244","0.0226073850791258","0.7099820412629966","0.8376","1.0","0.3163258823370422","0.5700979077974955","0.38323353293413176","0.4377631248108773","0.3214274886170955","0.3225495113029326","0.3877207847362583"
"0.5080669233860817","10","6","Massachusetts, Hampden","-72.6324,42.1344","0.5449229108341743","0.0620593890194403","0.6903240079547597","0.843","1.0","0.18489378053159447","0.5248082488230783","0.311377245508982","0.5357771420024626","0.30533033539983256","0.34921363136662353","0.4255503582870648"
"0.508066185449164","9","3","Missouri, Jefferson","-90.5387,38.2593","0.6450178170825192","0.117108339828527","0.6482246559418146","0.1547","1.0","0.6898109656793697","0.2652304568610006","0.4970059880239522","0.4886637078344629","0.3976512879822682","0.26302101153347124","0.5508410632752972"
"0.5080639269039808","10","6","Louisiana, Pointe Coupee","-91.6021,30.7141","0.5664183481854653","0.0290909090909091","0.49442574041547716","0.6024","0.75","0.3163258823370422","0.5734057976529695","0.37724550898203596","0.6114115319998742","0.40356006659786553","0.5171419121153102","0.5485826423801361"
"0.5079610726515472","9","9","Arkansas, Baxter","-92.3378,36.2878","0.6816370824013676","0.269090909090909","0.569443122579891","0.3158","0.75","0.610486779204959","0.23394420364071639","0.40119760479041916","0.7786506778569082","0.41063251573626325","0.2732631757939655","0.33491433598468584"
"0.5077818753248124","9","2","Washington, Pacific","-123.7286,46.5542","0.5286622435600555","0.214285714285714","0.5100241532123789","0.5345","0.5","0.9576955189784127","0.4356472715628176","0.19161676646706588","0.7612552360903706","0.38063169717665457","0.41652364228980626","0.4611613794793057"
"0.5077757387628263","9","9","Texas, Crosby","-101.3,33.6143","0.6492785240616811","0.152380952380952","0.45242118514871493","0.3502","0.5","0.8066953714640763","0.4722965086861111","0.2754491017964072","0.5817386943120182","0.27029993957535203","0.7467136891980878","0.38399091601976354"
"0.5076968050515904","9","3","Tennessee, Franklin","-86.092,35.1563","0.6842456908229456","0.127731092436975","0.545735847246516","0.2381","0.825","0.4911779531988354","0.4293855387966067","0.43113772455089816","0.6017807168377609","0.4826962163208171","0.3318584997900506","0.3897155862550875"
"0.5076566116975055","10","2","Kansas, Chautauqua","-96.2454,37.1499","0.5049509074770003","0.125","0.423473945483892","0.7313","0.5","0.6813178638986801","0.5080563666992375","0.3652694610778443","0.7152857337854508","0.4248430697222204","0.5136843777897626","0.315199118138463"
"0.5075563045288745","7","10","Idaho, Butte","-113.1735,43.7259","0.8494394336106326","0.441558441558442","0.4124908481355048","0.3365","0.5","0.771056031651189","0.3061738218108391","0.16766467065868262","0.6510586369018438","0.28341669700204275","0.39296280098552083","0.3575049893190109"
"0.5075184365653057","10","9","Michigan, Newaygo","-85.8007,43.5544","0.6152026646118346","0.203522504892368","0.5092130513214684","0.4963","0.75","0.5192862589944978","0.34084296619364246","0.39520958083832336","0.5878652729484978","0.35752337047272925","0.424250531474184","0.6474430216944158"
"0.507413922513951","10","6","California, San Francisco","-122.4386,37.7522","0.41553081360238925","0.0337968815844922","0.907679304330717","0.9497","1.0","0.6302607543856039","0.4783467871295514","0.407185628742515","0.5142005305328247","0.0778775348104883","0.14131938821940981","0.3607572569501175"
"0.5072060372466016","9","9","Georgia, Pierce","-82.216,31.3593","0.560433507421664","0.0416666666666667","0.542002212721883","0.156","0.825","0.7922333288990623","0.541574427886491","0.4251497005988024","0.5494974081927578","0.4886264494224144","0.5980748359736172","0.0"
"0.5071795251696742","10","2","New Mexico, Grant","-108.3828,32.7391","0.5419213669745355","0.201219512195122","0.49545811438454185","0.8994","0.675","0.5871956657568004","0.4071876843172402","0.17964071856287425","0.7109436441933698","0.27164699852819835","0.4343690393473172","0.44697805199337015"
"0.5070615865306297","9","7","Wisconsin, Dodge","-88.7093,43.4158","0.7955512724592195","0.253445378151261","0.5819524074302381","0.4718","0.75","0.38022621028167947","0.41445963062281127","0.40119760479041916","0.5517358041566147","0.3203794666850078","0.1318426582078108","0.43815035846922057"
"0.5070420210499521","10","3","Washington, Clark","-122.4829,45.7757","0.5289566761878486","0.132293762575453","0.7123420365337142","0.3658","1.0","0.9576955189784127","0.4380968900453439","0.3173652694610779","0.5016507991249867","0.25216666553230355","0.1406780948099319","0.5273828337625638"
"0.5070177056839205","10","2","Tennessee, Claiborne","-83.6595,36.4832","0.5441892905294764","0.0792682926829268","0.5594956546180059","0.6094","0.75","0.4911779531988354","0.27094263242798344","0.4191616766467066","0.6017807168377609","0.4347589500385789","0.5792863318755767","0.4432200654808084"
"0.5069618522235909","7","7","New York, Cortland","-76.0705,42.5951","0.6911164380053252","0.450738916256158","0.6319178617447158","0.7969","0.75","0.30357014148943134","0.30612323810207615","0.29341317365269465","0.5287228277828","0.33728046906369874","0.2288534557963538","0.4141628640434504"
"0.5069461732654009","9","3","Ohio, Fairfield","-82.6309,39.7511","0.6010461248290185","0.116883116883117","0.6129511937302853","0.3021","1.0","0.7247088387345686","0.4234529342211361","0.5149700598802395","0.5142005305328247","0.31162256957704704","0.11981855817136791","0.5038912209118738"
"0.5067775078060588","10","9","Texas, Comanche","-98.5588,31.9485","0.632852728604258","0.0962099125364431","0.4937273652490191","0.5848","0.5","0.8066953714640763","0.3126740310669649","0.3233532934131737","0.6899835619092616","0.3173492628935883","0.4314094006225936","0.48897956635638395"
"0.5067244970949666","10","3","Virginia, Prince William","-77.4871,38.7092","0.5888593748946186","0.059899675420478","0.7120361892693668","0.2346","1.0","0.7697111946822568","0.6465199982814216","0.38922155688622756","0.3295349972503631","0.2241467426266833","0.20341003380143113","0.645554451885094"
"0.5066687226504069","10","9","Texas, Andrews","-102.6377,32.3047","0.724777508791638","0.164533820840951","0.5128385041369075","0.4323","0.675","0.8066953714640763","0.4209734117736165","0.25748502994011974","0.37162696325125594","0.2679178299938744","0.4507610802360396","0.4871003198692519"
"0.5065378792034405","7","7","North Dakota, Benson","-99.3592,48.0684","0.8426203137419394","0.18942731277533","0.3768226327200285","0.6883","0.5","0.10985976568982879","0.638629317860008","0.155688622754491","0.46124754169706367","0.6371479218734388","0.5627632467056352","0.0"
"0.5065282536556932","9","9","Missouri, Bollinger","-90.0273,37.3245","0.7492394017901551","0.168981481481481","0.46118379085379513","0.3534","0.5","0.6898109656793697","0.27704905950045594","0.44910179640718567","0.6017807168377609","0.5239758473549792","0.5177117488464894","0.0"
"0.5064604371083129","7","7","North Dakota, Grand Forks","-97.4545,47.9209","0.8164497230807978","0.230396902226525","0.5976727474139507","0.8816","0.675","0.10985976568982879","0.5946997084696285","0.23353293413173656","0.42544161229202965","0.2821681106357633","0.1840238369789764","0.3808679788534797"
"0.5064331919472468","9","3","Virginia, Colonial Heights City","-77.3961,37.2642","0.5258196195641871","0.0664335664335664","0.7775473527451217","0.1802","1.0","0.7697111946822568","0.5805286204227528","0.3712574850299401","0.6281436499318728","0.32860843105622733","0.34665233334516204","0.0"
"0.5064000755324382","10","9","Alabama, Henry","-85.2427,31.5115","0.6833237269424405","0.0987261146496815","0.49542289705928905","0.2713","0.575","0.5802035115828437","0.5934511376011347","0.4730538922155689","0.6476236650502001","0.4557266988412373","0.48054676712426","0.0"
"0.5063879636771323","7","7","Nebraska, Buffalo","-99.075,40.8549","0.7756173211386879","0.231893265565438","0.550099096549288","0.6211","0.825","0.603814206971114","0.31543775583420525","0.2874251497005988","0.47245716285929296","0.23475569338766308","0.18484001758076518","0.35986105490357545"
"0.5062336040080442","9","3","Georgia, Catoosa","-85.1376,34.8987","0.5736612510409586","0.0775540641312453","0.6613407434566824","0.0678","1.0","0.7922333288990623","0.3716419506345084","0.47904191616766467","0.5539608364828539","0.4175203681574422","0.28933947505501867","0.44422254315860177"
"0.5062067579879361","10","9","Kansas, Doniphan","-95.1406,39.7907","0.7721072421908958","0.317919075144509","0.4914218382110292","0.4346","0.5","0.6813178638986801","0.49248438445380927","0.4131736526946108","0.5918944128138512","0.32916217623694705","0.30430250349077986","0.0"
"0.5061013710688164","10","2","Oregon, Wasco","-121.1671,45.1629","0.520016888747849","0.0813253012048193","0.517307302641283","0.9733","0.675","0.7438233614458837","0.4242844281546265","0.23353293413173656","0.6189409155096902","0.23414378232220562","0.32079010254760015","0.48887887827029197"
"0.506063420083788","10","6","New Jersey, Salem","-75.347,39.5872","0.48327803285274157","0.0421792618629174","0.6127527750594811","0.5922","0.825","0.5465970409188426","0.5493970919296991","0.4730538922155689","0.5734100391661536","0.431790999195833","0.2880445347086281","0.408523329579663"
"0.5060402373552392","9","3","Michigan, Lenawee","-84.066,41.8948","0.5605850069483784","0.13604766633565","0.5698952533959777","0.4206","1.0","0.5192862589944978","0.39703129872117543","0.4670658682634731","0.5755097168756041","0.3996761428252962","0.23322490892604125","0.5474543367993048"
"0.5059792420222138","7","10","Tennessee, Pickett","-85.0776,36.5561","0.8961800984570876","0.395833333333333","0.4701729375480967","0.377","0.5","0.4911779531988354","0.11322249261480898","0.3712574850299401","0.7238210337160854","0.43581307850278406","0.40390863185773684","0.0"
"0.5059259234656706","9","9","Missouri, Carroll","-93.5063,39.4276","0.6893420283406061","0.192982456140351","0.4111502230508985","0.3687","0.5","0.6898109656793697","0.2905622179731783","0.37724550898203596","0.6335581539925471","0.5106040140428141","0.5050612523012986","0.43507081675409476"
"0.5058966409753592","9","7","Utah, Salt Lake","-111.9216,40.6662","0.7529171814150261","0.174735342519588","0.7254662847347499","0.4846","1.0","0.4487874423273804","0.4358637982114586","0.3233532934131737","0.37162696325125594","0.14148300664175173","0.19171330224200778","0.46230659314570965"
"0.5058594668667524","10","2","Texas, Medina","-99.1103,29.3557","0.4203772197014349","0.0192","0.5374209435339918","0.8004","0.75","0.8066953714640763","0.4452829741272504","0.38323353293413176","0.5380992168517501","0.3108604411479411","0.36447798898138023","0.6524596350805908"
"0.5058590842364701","9","3","Virginia, Shenandoah","-78.5681,38.8591","0.6172486175611187","0.102732240437158","0.586824094775976","0.2595","0.825","0.7697111946822568","0.35777133948437706","0.34730538922155696","0.6371246099900815","0.3515954994856761","0.277409843169547","0.6330178360500563"
"0.5058535141420542","9","3","Georgia, Jones","-83.5602,33.0251","0.5997201600406992","0.0861244019138756","0.5357192720645952","0.134","0.825","0.7922333288990623","0.5584891840253121","0.5149700598802395","0.5494974081927578","0.42968163573558604","0.44121543691943726","0.0"
"0.5058429831832731","9","9","Kentucky, Edmonson","-86.2396,37.2122","0.5807458033183736","0.125","0.46902638422689236","0.588","0.5","0.7986013047908057","0.3316944281511829","0.47904191616766467","0.613308186513927","0.4820572179491487","0.5469433436953591","0.0"
"0.5058078006996027","4","2","Georgia, Wilcox","-83.4344,31.975","0.3783248080764615","0.0119047619047619","0.4699007271502665","0.7628","0.5","0.7922333288990623","0.5782727814370784","0.4730538922155689","0.5449798764246452","0.5721610275210198","0.677431473953859","0.0"
"0.5058059399890461","9","3","Indiana, Bartholomew","-85.8956,39.2074","0.5945175252408121","0.107913669064748","0.6342633396254658","0.4107","1.0","0.5484650550776322","0.3503778862231361","0.49101796407185627","0.526341402378779","0.3589357676575211","0.23369313183841928","0.4570581107117233"
"0.5056737325267553","9","2","Oregon, Polk","-123.4129,44.9032","0.5010881940980193","0.119426751592357","0.6084227801094548","0.5677","0.75","0.7438233614458837","0.44127710908443596","0.32934131736526945","0.5627304600978258","0.30267675523678467","0.312998054561655","0.7790359152838109"
"0.5056372839900762","10","6","Connecticut, Fairfield","-73.3881,41.2681","0.5208946986443828","0.0453013852489704","0.7661513560762099","0.7061","1.0","0.5061291060158074","0.5175102615222225","0.4191616766467066","0.5166605513962695","0.10609114976597128","0.2237567779384409","0.4680354625577661"
"0.5055988102936235","10","2","Louisiana, Iberville","-91.35,30.2573","0.47755256944773267","0.0166435506241331","0.5641954247741554","0.9564","0.75","0.3163258823370422","0.6032340008792321","0.38922155688622756","0.504194780386106","0.4954798564905971","0.5387304279855357","0.0"
"0.505578660907604","9","9","Tennessee, Sequatchie","-85.4102,35.3698","0.7159871325752517","0.214953271028037","0.5433088249230724","0.3916","0.75","0.4911779531988354","0.26197995427382137","0.40119760479041916","0.6095051758860066","0.4597328052601268","0.51378647606062","0.0"
"0.5055773688216315","9","3","Ohio, Clermont","-84.1538,39.0485","0.6148903952223979","0.193005754758743","0.6185405842973021","0.2053","1.0","0.7247088387345686","0.25515288199777375","0.5389221556886228","0.5166605513962695","0.39511620322770147","0.1290038902711248","0.6051662784433284"
"0.5055434918973452","9","3","Kansas, Leavenworth","-95.0362,39.2018","0.6299788526097022","0.0780056292722155","0.5968575242471872","0.3308","1.0","0.6813178638986801","0.5471512619721776","0.4251497005988024","0.47245716285929296","0.35731795415831974","0.09907117218382872","0.39044212527632605"
"0.5055419902678292","9","9","Tennessee, Decatur","-88.1104,35.6005","0.7289003995410847","0.0967741935483871","0.5180384850205543","0.235","0.575","0.4911779531988354","0.35741755611600745","0.40119760479041916","0.6742558355103007","0.4566446860142377","0.5333591869247358","0.4130909502917399"
"0.5054933887993903","9","9","Texas, Franklin","-95.2192,33.1765","0.6662930494689755","0.2","0.4834490235067166","0.1964","0.75","0.8066953714640763","0.48238844437169637","0.4131736526946108","0.6335581539925471","0.3793001757318914","0.407969914558402","0.0"
"0.5054055422961463","9","3","Illinois, LaSalle","-88.8863,41.3443","0.6587488641016974","0.151135836810385","0.5949795189555501","0.3741","0.825","0.48583792883850596","0.35662549451732883","0.5389221556886228","0.5817386943120182","0.32587745330665024","0.2851856620116073","0.45372458482421874"
"0.5053931403198594","9","9","Virginia, Appomattox","-78.8134,37.3757","0.6436819789636236","0.157894736842105","0.5055935706626596","0.1805","0.825","0.7697111946822568","0.5237168866958677","0.3592814371257485","0.6170727822364962","0.5250284894323234","0.323357577332779","0.0"
"0.505330249104471","9","7","Illinois, Adams","-91.1879,39.9882","0.7286297120147525","0.21198738170347","0.581458114480209","0.3782","0.825","0.48583792883850596","0.3608370772071531","0.4610778443113772","0.6095051758860066","0.3422219075953483","0.16307564561411628","0.3636928979691092"
"0.5053023766253145","9","9","Texas, Red River","-95.0484,33.6189","0.5356816940452692","0.0773480662983425","0.4699486208048292","0.2983","0.5","0.8066953714640763","0.6604136390841789","0.407185628742515","0.6806267907799217","0.5132523535835265","0.6019790350950392","0.0"
"0.5052683932178043","9","9","Missouri, Benton","-93.2876,38.295","0.6707147858051108","0.139380530973451","0.49331791940058584","0.5113","0.5","0.6898109656793697","0.27010154482103504","0.38323353293413176","0.7650517898821985","0.41141832819938673","0.5451436043063428","0.0"
"0.5051701612363354","10","6","Louisiana, West Baton Rouge","-91.3099,30.4606","0.4996687340917106","0.0243386243386243","0.6296925432509256","0.9424","1.0","0.3163258823370422","0.5646417913600347","0.3592814371257485","0.4555137084840577","0.40332802959656006","0.38210247590123525","0.0"
"0.5051477527625562","10","9","Texas, Donley","-100.814,34.9652","0.7209732023622246","0.195121951219512","0.48170434760483566","0.5186","0.5","0.8066953714640763","0.5045398424381331","0.23952095808383234","0.6758588134982833","0.30766956910181975","0.3797640258256547","0.0"
"0.5051299704390142","9","9","Mississippi, Smith","-89.5064,32.0174","0.5899559645632075","0.0481927710843374","0.4358146403856074","0.1942","0.5","1.0","0.5002117896653883","0.4251497005988024","0.5858342498966352","0.4443422085870159","0.48391843232283505","0.49133462416241086"
"0.505120907380362","9","3","Kentucky, Simpson","-86.5805,36.7406","0.5455696411650597","0.0732484076433121","0.5121535836626915","0.0758","1.0","0.7986013047908057","0.4690022527047451","0.4670658682634731","0.5380992168517501","0.47320592095403585","0.31566714316563504","0.5277354902541662"
"0.5050879163603618","9","9","Ohio, Vinton","-82.4831,39.2521","0.6199774833357085","0.341176470588235","0.49315675593861624","0.5565","0.5","0.7247088387345686","0.22585217261122462","0.44311377245508987","0.5449798764246452","0.5124607562166427","0.5922948384903457","0.0"
"0.5049903226446829","9","3","Ohio, Ottawa","-83.094,41.5378","0.6015001956197187","0.13953488372093","0.5417500175242977","0.2662","1.0","0.7247088387345686","0.21033538022658374","0.502994011976048","0.6806267907799217","0.38177461112314787","0.11795802004929057","0.6250268634698327"
"0.5049453206437525","9","9","Texas, Hutchinson","-101.3547,35.8401","0.6285623821341784","0.176678445229682","0.4498916991757231","0.2022","0.75","0.8066953714640763","0.5158428816267487","0.24550898203592814","0.5287228277828","0.3298030485808041","0.5512375267220726","0.5443379854169333"
"0.504710665397172","9","10","Missouri, Clinton","-94.4047,39.6013","0.7793484282739143","0.369047619047619","0.530399465022533","0.0786","0.75","0.6898109656793697","0.3462432811140888","0.40119760479041916","0.5670390838965326","0.38145032752779995","0.21314848903642608","0.4361984403777716"
"0.5046399306026366","10","2","Oregon, Josephine","-123.5562,42.3666","0.41977974508165034","0.16015625","0.5849075813275535","0.7068","0.75","0.7438233614458837","0.3335379874577588","0.29341317365269465","0.7065503696555112","0.3559579259407271","0.4432135594254932","0.5205353718464178"
"0.5045675380104395","10","6","Iowa, Story","-93.465,42.0362","0.6508783305251337","0.0717828243278517","0.7206513632972735","0.6823","1.0","0.5124529061342115","0.32547636357702026","0.37724550898203596","0.4061601502796258","0.17400223338706805","0.22205586676890224","0.447325188455192"
"0.504523153892705","9","2","Georgia, Heard","-85.1289,33.2969","0.48174328329656435","0.0428571428571429","0.44467129555313767","0.567","0.675","0.7922333288990623","0.5030771704852105","0.4670658682634731","0.540406913436432","0.5194290597963627","0.571869007555151","0.0"
"0.5044982557806158","9","3","Wisconsin, Jefferson","-88.7753,43.0205","0.7414996162602375","0.217745586238117","0.6170240204688183","0.4311","1.0","0.38022621028167947","0.2849451566579417","0.4550898203592814","0.5334405085950897","0.21892276181906165","0.10643956684657198","0.6328366369191999"
"0.5043866772030192","9","3","Texas, Lampasas","-98.2421,31.1953","0.5785148475378453","0.114478114478114","0.5343299216335488","0.4136","0.75","0.8066953714640763","0.4962173783124992","0.3592814371257485","0.5837920978957992","0.22583444313412981","0.3592975009177339","0.5445182769410697"
"0.5042903960120205","10","9","Missouri, Macon","-92.5645,39.8305","0.5874230001930927","0.134020618556701","0.5175062007855975","0.4514","0.675","0.6898109656793697","0.3473207924625327","0.38922155688622756","0.6527643232093532","0.3612347075424746","0.43234354530008234","0.502920097047074"
"0.5042213819475245","9","9","Kentucky, McLean","-87.268,37.5302","0.7192181816987464","0.328358208955224","0.48466104131909105","0.2251","0.5","0.7986013047908057","0.24033691004218302","0.5269461077844312","0.5978576089534523","0.537843561326059","0.4291961814035569","0.0"
"0.5042053105431176","9","3","Ohio, Crawford","-82.9199,40.8507","0.6709199780809336","0.333333333333333","0.5279302684973366","0.1576","0.75","0.7247088387345686","0.2322284604119533","0.502994011976048","0.6207997313712245","0.38407772726460815","0.31234719322406607","0.4918270768803262"
"0.5041766261980225","7","7","New Mexico, Eddy","-104.3054,32.4717","0.7127900003884072","0.223358908780904","0.5000085913986764","0.6297","0.575","0.5871956657568004","0.46184602819214926","0.2694610778443114","0.49129758316188105","0.357791559061544","0.3472672241175736","0.3779712851617505"
"0.5041387367226469","9","1","Georgia, Wilkes","-82.7429,33.7829","0.5315595926792143","0.039426523297491","0.4673058928975678","0.2455","0.5","0.7922333288990623","0.569746347621778","0.4550898203592814","0.667774075480636","0.46905124040937013","0.5613689936877109","0.4501045326617988"
"0.5039344647390309","10","2","Michigan, Chippewa","-84.5435,46.2955","0.42966813871220405","0.182692307692308","0.4488024975728856","0.7727","0.675","0.5192862589944978","0.7926120385325109","0.23353293413173656","0.558371441896005","0.44094923485611315","0.458299275344503","0.46822125456594205"
"0.5039258589632633","4","2","Texas, Trinity","-95.1367,31.0879","0.25939772488379553","0.01","0.47306588673750005","0.5027","0.675","0.8066953714640763","0.5523851938080049","0.407185628742515","0.7252247709976565","0.6312158665704185","0.6586097848899646","0.42699284324233333"
"0.5038594788343812","7","7","Iowa, Page","-95.1498,40.7393","0.7594574966485369","0.28695652173913","0.5400257283524558","0.4333","0.5","0.5124529061342115","0.4230415324562937","0.3592814371257485","0.6424111072462477","0.4456730947364397","0.1908444374791004","0.4181824788167211"
"0.5038282326668432","10","2","California, Butte","-121.6005,39.6673","0.4338853192027778","0.0408645727794664","0.6316506217342396","0.9484","0.675","0.6302607543856039","0.47967949739381993","0.3532934131736527","0.5734100391661536","0.25533355837944066","0.41518885576178816","0.460981167888327"
"0.5037809228425124","9","9","Missouri, Hickory","-93.3203,37.9416","0.7445241254946563","0.310734463276836","0.4510337085127578","0.1235","0.5","0.6898109656793697","0.317403998662887","0.3712574850299401","0.8111802564922201","0.4234140886908479","0.5929834870883233","0.0"
"0.5035651154870965","7","7","Wisconsin, Clark","-90.6121,44.7348","0.7175894152586051","0.24112426035503","0.5057895124369133","0.7705","0.5","0.38022621028167947","0.2591260646842721","0.29341317365269465","0.540406913436432","0.37509427726675354","0.49439773586486985","0.5221487752821286"
"0.5035491893409952","9","10","Wisconsin, Shawano","-88.7644,44.789","0.8589968411862496","0.309022150189087","0.5360788861174207","0.2238","0.575","0.38022621028167947","0.49781123151345713","0.33532934131736525","0.624489779413553","0.3695681244926867","0.13750384382428393","0.6251085434836522"
"0.5035426953722514","10","6","New York, Onondaga","-76.1997,43.0049","0.5209932746255098","0.0945918978247855","0.7454993143230675","0.7708","1.0","0.30357014148943134","0.5719518654983008","0.311377245508982","0.540406913436432","0.2864854058570988","0.21382478410696895","0.40117777291338563"
"0.5035165196737983","9","9","Kentucky, Crittenden","-88.0883,37.3584","0.6456535671717225","0.163265306122449","0.498920869625405","0.4419","0.5","0.7986013047908057","0.26951252121549246","0.48502994011976047","0.6189409155096902","0.3966031467866089","0.4101842237945652","0.35699400617923904"
"0.5034215263227274","9","7","Iowa, Appanoose","-92.8687,40.7432","0.6867190982894412","0.23469387755102","0.6039316178792474","0.4922","0.675","0.5124529061342115","0.21300496781564882","0.3712574850299401","0.6661358670949733","0.4124426142936314","0.3091825101665292","0.40603285224159436"
"0.5034058100901324","9","9","Virginia, Dinwiddie","-77.6345,37.0754","0.6158717729691551","0.127615062761506","0.5408652631740268","0.2362","0.75","0.7697111946822568","0.6047015168013963","0.37724550898203596","0.5494974081927578","0.4415522588258424","0.4193125116646972","0.0"
"0.5033898564170203","9","3","Virginia, Chesapeake City","-76.3055,36.6767","0.5525947533782232","0.06723044397463","0.6995924085170953","0.2544","1.0","0.7697111946822568","0.6039366174271594","0.3592814371257485","0.4437744133187831","0.33210660019093075","0.14723745453871626","0.5344619479583828"
"0.5033373615102723","9","9","North Carolina, Yancey","-82.3124,35.9008","0.6451253448126448","0.17910447761194","0.5425605351868629","0.2601","0.75","0.7283659930549282","0.3152458135655992","0.33532934131736525","0.6991111644276193","0.3818023548874195","0.5768362156010276","0.0"
"0.5032790449377323","9","3","Iowa, Muscatine","-91.1122,41.4837","0.6844363837456249","0.118092354277063","0.6549444313328391","0.3642","0.825","0.5124529061342115","0.41091159166257285","0.49101796407185627","0.5310891329236117","0.29737717684685705","0.15839983548008166","0.5509157735340606"
"0.5032493410002461","10","2","Nevada, Churchill","-118.3395,39.5811","0.5603053154333485","0.180851063829787","0.49958588845047874","0.6358","0.675","0.5897697212390978","0.5817150606817078","0.2634730538922156","0.5898852876912913","0.3415279345043833","0.3707162781098764","0.5039094348715206"
"0.5032354072959127","9","3","Alabama, Baldwin","-87.7221,30.7277","0.557153987075947","0.0464751138326268","0.5920754598603568","0.3359","1.0","0.5802035115828437","0.53415795872299","0.43712574850299407","0.6095051758860066","0.3250430187222149","0.20390562825498795","0.5128071301206647"
"0.5032147877000906","9","2","Kentucky, Casey","-84.9273,37.3253","0.4577706242274455","0.0342465753424658","0.47999240327925596","0.5594","0.5","0.7986013047908057","0.2654597050569293","0.44311377245508987","0.6151952376728468","0.5468133187541145","0.6631591530373145","0.5138002059298566"
"0.5031580151918548","9","3","Ohio, Shelby","-84.2026,40.3316","0.6467271650721234","0.155294117647059","0.5561685816234688","0.1866","1.0","0.7247088387345686","0.2887156271750622","0.5508982035928144","0.5239446622367122","0.3647162934326135","0.15488913254135922","0.4887377581155"
"0.5030163385025302","10","6","Washington, Kitsap","-122.6436,47.6348","0.42810778684000833","0.0955414012738854","0.6852990886663679","0.6507","1.0","0.9576955189784127","0.5039239546566691","0.23952095808383234","0.5561726637917245","0.21760286300978013","0.09769181606663445","0.5221144005824864"
"0.5029931397854455","7","9","Washington, Kittitas","-120.6794,47.1252","0.6300373690281268","0.16966966966967","0.523252024834234","0.5148","0.675","0.9576955189784127","0.3844836699806856","0.22155688622754494","0.5191044408593759","0.19574554909605285","0.31408504386289476","0.6435257121474329"
"0.5029623642859793","9","3","Alabama, Shelby","-86.6623,33.2688","0.6555702757321787","0.0895458440445587","0.6273675762855759","0.1764","1.0","0.5802035115828437","0.5070940498336849","0.5389221556886228","0.4939129750014257","0.313473726613206","0.09320433666947206","0.5455052210943652"
"0.5029613689360901","9","3","Arkansas, Benton","-94.2568,36.3364","0.6411936613294237","0.0933017502302935","0.6363369949641813","0.3136","1.0","0.610486779204959","0.4685057417149416","0.44311377245508987","0.46124754169706367","0.2694307240753515","0.17642871875390215","0.516463620793862"
"0.5029350466514768","9","9","Kentucky, Washington","-85.1741,37.756","0.7012211627370393","0.252525252525253","0.48186237708190105","0.3486","0.5","0.7986013047908057","0.3695322625598351","0.4670658682634731","0.5691748594129424","0.4656917088366173","0.40684416909266125","0.0"
"0.5028885623495227","9","7","Wisconsin, Sheboygan","-87.9458,43.721","0.7681985578551344","0.263123359580053","0.6252583425762043","0.5476","0.825","0.38022621028167947","0.3677627716425078","0.407185628742515","0.558371441896005","0.23700195529090617","0.07513899837841785","0.42100721226587223"
"0.5027787897958979","10","6","Florida, Martin","-80.4311,27.0772","0.5377387617035858","0.0363425478445776","0.6452086487419837","0.6912","1.0","0.4454391386730797","0.5031723815926297","0.24550898203592814","0.7712946796992126","0.19009039296404967","0.21511924000130317","0.4303664611185648"
"0.5026526682991715","7","7","Wisconsin, Green Lake","-89.0468,43.8003","0.8411236799107532","0.358139534883721","0.5441867280576904","0.4273","0.5","0.38022621028167947","0.2962029212030653","0.3712574850299401","0.6441567395133083","0.3464535983859179","0.2263462952921797","0.5302988175142374"
"0.5026284087892167","9","3","Pennsylvania, Butler","-79.9135,40.9115","0.5596196378802332","0.187319884726225","0.6155908587956852","0.5412","1.0","0.7607330979588356","0.19516525073757923","0.532934131736527","0.5734100391661536","0.29379798822225345","0.03954315686642361","0.4755430986361125"
"0.5025520187880224","9","3","Indiana, Fulton","-86.2625,41.047","0.6590604985166293","0.184615384615385","0.5562666417999477","0.1933","0.75","0.5484650550776322","0.32081307957823335","0.5389221556886228","0.5918944128138512","0.40686031309201637","0.3665561671897336","0.5377269420219529"
"0.5025273047028566","9","3","Michigan, Bay","-83.9873,43.7064","0.581249884167727","0.139230139230139","0.6579411679889521","0.3241","1.0","0.5192862589944978","0.3634469901392594","0.38922155688622756","0.6017807168377609","0.35140645479809823","0.3456228727256036","0.41209102076184123"
"0.5024862047183434","7","7","South Dakota, Lake","-97.1293,44.0219","0.7567310106196793","0.278523489932886","0.5038412801161827","0.5861","0.5","0.7704699034685317","0.3791431612290298","0.23353293413173656","0.6207997313712245","0.23968068175575266","0.16625849562376288","0.5003241995348582"
"0.5023690825114183","10","2","Texas, Jack","-98.1728,33.2338","0.5046728377215871","0.0540540540540541","0.4770948558435144","0.7892","0.5","0.8066953714640763","0.4933101438805728","0.33532934131736525","0.558371441896005","0.3022135586255955","0.48666224765649346","0.4840548987562238"
"0.5021356650425332","9","3","Indiana, Shelby","-85.7916,39.5231","0.612648791946207","0.0724299065420561","0.6161952314979073","0.1929","1.0","0.5484650550776322","0.27579149958723265","0.5269461077844312","0.540406913436432","0.48816745945900736","0.2309358729601995","0.5781014801845534"
"0.5020939439653116","9","9","Idaho, Elmore","-115.4702,43.3507","0.6376904333426637","0.154017857142857","0.48584801427233276","0.3738","0.675","0.771056031651189","0.5057062278977388","0.25748502994011974","0.4555137084840577","0.32581960947152483","0.46702873805931655","0.5753638557240554"
"0.5020550691294042","10","9","Colorado, Sedgwick","-102.3519,40.876","0.7074565817348524","0.4","0.37492529764059246","0.6164","0.5","0.8662658896035598","0.3408050212369272","0.16167664670658685","0.7152857337854508","0.24122053880467414","0.413212291372236","0.15451098126078777"
"0.5020191611203013","10","3","Louisiana, St. Bernard","-89.5189,29.8776","0.5717268208428044","0.0468337730870712","0.6097160428960792","0.1888","1.0","0.3163258823370422","0.6321895951613841","0.3592814371257485","0.38582646381517377","0.5428480830426168","0.606120494611016","0.36279515272832086"
"0.5017379392291176","9","3","Indiana, Warrick","-87.2716,38.0892","0.7306255394192681","0.175202156334232","0.5846419135054886","0.1605","1.0","0.5484650550776322","0.2784046516830136","0.5748502994011976","0.5517358041566147","0.3738363852200008","0.049298810149415916","0.47165278891063817"
"0.5017244534818016","10","9","Arkansas, Perry","-92.9437,34.9459","0.6462619858927524","0.225806451612903","0.46374511666616214","0.6406","0.5","0.610486779204959","0.4175457370615079","0.4191616766467066","0.5998243249034969","0.4197854130472931","0.47184843045406116","0.0"
"0.5016983621416131","10","6","California, Contra Costa","-121.929,37.9192","0.4850462914252149","0.0492372087899983","0.7715544493254937","0.4795","1.0","0.6302607543856039","0.5594789321905729","0.5149700598802395","0.5117241638959221","0.13769884905996788","0.1716772129860765","0.5142615441765016"
"0.5016761776873191","9","3","Florida, Brevard","-80.7309,28.2941","0.5874113196613451","0.0984899490237569","0.6900630433054793","0.3489","1.0","0.4454391386730797","0.4977368287133195","0.25748502994011974","0.6726459331898672","0.35178920695027477","0.2737630092030146","0.43071351490218357"
"0.5016582734133617","9","3","Ohio, Auglaize","-84.2242,40.56","0.7385673483324788","0.272923408845739","0.5321995537210527","0.084","1.0","0.7247088387345686","0.16209614802244082","0.562874251497006","0.5670390838965326","0.3689128624107834","0.07259356616179899","0.42684807593754687"
"0.5016029221350593","9","7","Minnesota, Kandiyohi","-95.0059,45.1526","0.8017850899034139","0.254281949934124","0.5733578746970064","0.5119","0.75","0.42209023252660954","0.46204243645867865","0.21556886227544908","0.5775976316230177","0.2437098923132003","0.17105893104927108","0.42221393203882285"
"0.5015077980452898","9","3","Illinois, DuPage","-88.0864,41.8512","0.6464348442253767","0.121356880911021","0.7772635894669608","0.3079","1.0","0.48583792883850596","0.417252705181129","0.6107784431137724","0.49908933331939354","0.1776125604116309","0.07316388734503439","0.48636695374148436"
"0.5014229041422227","9","2","Ohio, Washington","-81.4912,39.4569","0.5083717797729455","0.172839506172839","0.5799658258234314","0.5591","0.825","0.7247088387345686","0.24653836959968609","0.47904191616766467","0.6189409155096902","0.4367802815906105","0.2433730894876205","0.3939757246914581"
"0.5013613384286411","9","3","Tennessee, Wilson","-86.2978,36.155","0.7054043439808965","0.13918480778138","0.620071976207789","0.1582","1.0","0.4911779531988354","0.4723469408756385","0.48502994011976047","0.5142005305328247","0.3754662522279008","0.1120791943465414","0.4106813580115852"
"0.5013573231825426","9","3","New Jersey, Ocean","-74.2809,39.8895","0.6525160637676541","0.107071213640923","0.7048298430678169","0.3757","1.0","0.5465970409188426","0.3351180289350747","0.2874251497005988","0.6595100604482558","0.26648265632900386","0.1702187700706973","0.47251844814378896"
"0.501237319283724","9","3","Georgia, Lee","-84.1432,31.7793","0.5050247261831909","0.0366350067842605","0.5346865417678894","0.3101","1.0","0.7922333288990623","0.5373280640824701","0.49101796407185627","0.42544161229202965","0.544550285024682","0.3492293760584521","0.0"
"0.5011885663710695","9","3","Georgia, Cherokee","-84.4743,34.2439","0.6069045645859513","0.0751556477912837","0.6897378791784208","0.0955","1.0","0.7922333288990623","0.47618066684553584","0.49101796407185627","0.4555137084840577","0.23461526201723704","0.1635519830984367","0.6233341033664851"
"0.5010252335960664","9","7","Idaho, Bonneville","-111.6162,43.3871","0.7663197682976773","0.213732300293882","0.5911462000272198","0.377","0.75","0.771056031651189","0.32796889891017056","0.2874251497005988","0.4496902805094778","0.2514427807936066","0.21648951264244254","0.43586198964998285"
"0.5009721129440702","5","10","South Dakota, Turner","-97.1487,43.3109","0.9218084693824194","0.509283819628647","0.4138521718774719","0.1057","0.5","0.7704699034685317","0.30579702688765187","0.281437125748503","0.624489779413553","0.33775020706478687","0.1029729490449694","0.5210383300500728"
"0.5009689508288001","9","9","Kentucky, Green","-85.5541,37.2648","0.6509965593380305","0.0996784565916399","0.4824538904005928","0.3238","0.5","0.7986013047908057","0.3396332109460014","0.4610778443113772","0.6151952376728468","0.42314348643793165","0.4296567741960488","0.4224390199270023"
"0.5009290856332504","10","2","California, Santa Barbara","-120.0188,34.6533","0.4708631197501582","0.0325313807531381","0.6536356740206513","0.9156","0.675","0.6302607543856039","0.48085896926741256","0.43113772455089816","0.5016507991249867","0.1623158291725812","0.382986722016929","0.46948721624920514"
"0.5007913999396899","10","9","Texas, Kinney","-100.4187,29.3497","0.6962607410835228","0.241935483870968","0.39843466384921034","0.6246","0.5","0.8066953714640763","0.3931720472830456","0.2754491017964072","0.626321192473144","0.17804423688982898","0.595556290846121","0.0"
"0.5006639670906177","7","5","Alaska, Bethel","-159.8562,60.9098","0.7765701571654824","0.533596837944664","0.2731697181420849","0.9478","0.32499999999999996","0.0","0.761455121714006","0.0","0.2329673074637463","0.5145675887910454","0.7564832704776976","0.47726554031620516"
"0.5006476376003535","9","9","Idaho, Gem","-116.3984,44.0648","0.6235119682593545","0.103359173126615","0.5218069405994883","0.2471","0.675","0.771056031651189","0.2369533302976869","0.38323353293413176","0.6424111072462477","0.34102272589681304","0.5407083246182427","0.5766879390978505"
"0.5006094086937259","10","6","New York, Chautauqua","-79.3669,42.2277","0.5520702596718284","0.209798994974874","0.6272155175926826","0.7921","0.675","0.30357014148943134","0.39396529336006414","0.39520958083832336","0.5998243249034969","0.3603939189342391","0.406565245821268","0.4373968781301211"
"0.5005623508141345","9","10","South Dakota, Tripp","-99.8855,43.3446","0.7869740147158639","0.189655172413793","0.4444015862307833","0.2706","0.5","0.7704699034685317","0.5290014564058881","0.14970059880239522","0.6561524538860896","0.38865126028623853","0.29709373578057524","0.37739153463924807"
"0.5004773836467796","9","2","South Carolina, Saluda","-81.7271,34.008","0.526477039030483","0.0308555399719495","0.49464876188241247","0.4368","0.5","0.7732051260133426","0.6839273121700591","0.43712574850299407","0.595880459448231","0.4437106883282697","0.5590488316772542","0.0"
"0.5004711494627329","9","3","Kentucky, Bullitt","-85.6896,37.9716","0.666785341152359","0.212046204620462","0.6107571826600783","0.064","1.0","0.7986013047908057","0.2798968762400495","0.562874251497006","0.5067215141840639","0.44411866426520463","0.21593311945582466","0.0"
"0.5004562737855633","10","9","Texas, Deaf Smith","-102.6054,34.9652","0.6657556301702262","0.061139896373057","0.4705126140541026","0.6062","0.5","0.8066953714640763","0.4077441133657128","0.23952095808383234","0.4377631248108773","0.2256413993320044","0.6340377710312447","0.46525809313119465"
"0.5004062592328353","7","7","Wyoming, Weston","-104.5675,43.8396","0.7749756726719563","0.548387096774194","0.43889955402813485","0.6581","0.5","0.5947001907015348","0.3667065116194056","0.06586826347305387","0.5978576089534523","0.2891807319109499","0.2833279094888535","0.49760948033613583"
"0.5003956314415516","9","9","Idaho, Bingham","-112.3978,43.2167","0.7563299405970972","0.216876387860844","0.5172301677509498","0.1961","0.675","0.771056031651189","0.4407139542247096","0.2634730538922156","0.47793802351369025","0.32069668375659965","0.38494887395780736","0.4170511176981394"
"0.5003708017946786","10","2","Pennsylvania, Greene","-80.2236,39.8575","0.41882046288587954","0.0805687203791469","0.5545029578191722","0.8325","0.75","0.7607330979588356","0.3374797809258237","0.47904191616766467","0.579673914473061","0.3678686821702268","0.2691926885042313","0.4726129340203895"
"0.5001798127960199","9","3","Illinois, Will","-87.9786,41.4462","0.6646639988591451","0.128910914736088","0.6954881454202265","0.1465","1.0","0.48583792883850596","0.5136111120658728","0.6167664670658684","0.43165328621112686","0.2524477494352078","0.11882070804848059","0.5300136166981062"
"0.5001664606338544","9","3","Illinois, Tazewell","-89.514,40.5072","0.6839332875748976","0.200754400670578","0.6289888697996108","0.2617","1.0","0.48583792883850596","0.27077845757765545","0.5449101796407185","0.5755097168756041","0.32132018325984596","0.07821211999732099","0.5492257653227685"
"0.5001286695742228","10","6","California, Sonoma","-122.8863,38.5275","0.6244161169662145","0.129625425652667","0.6881390381527309","0.6472","0.675","0.6302607543856039","0.47228526858609543","0.4251497005988024","0.5837920978957992","0.11461317797675924","0.1880502391315906","0.4025301754170643"
"0.5000691480952218","9","9","Tennessee, Grainger","-83.5125,36.2747","0.701535142904448","0.182509505703422","0.5362159399966893","0.3152","0.75","0.4911779531988354","0.2551537720568448","0.43712574850299407","0.6095051758860066","0.45959717260614225","0.5517959788299296","0.0"
"0.49990770208915525","7","7","Minnesota, St. Louis","-92.4688,47.6048","0.6744641192819492","0.26046511627907","0.5540228937348517","0.8182","0.675","0.42209023252660954","0.47943980097545763","0.281437125748503","0.5858342498966352","0.2768004529031746","0.1639067231166351","0.3514438817363308"
"0.4998742976813384","9","3","Virginia, Manassas Park City","-77.444,38.7706","0.4991297841353457","0.0237717908082409","0.743412345068163","0.2611","1.0","0.7697111946822568","0.6434837595756262","0.3712574850299401","0.2820766377382973","0.4812236699735886","0.43645327320637384","0.0"
"0.49981761159018256","10","9","Florida, Gulf","-85.2427,29.9354","0.6281336164254313","0.0411255411255411","0.5136988084031847","0.4352","0.5","0.4454391386730797","0.580711443992604","0.3652694610778443","0.6170727822364962","0.42102008800525514","0.5060380287597386","0.544747164205461"
"0.49979294628598625","9","7","Wisconsin, Barron","-91.8483,45.4237","0.7169180157712133","0.278731836195509","0.5565767065062849","0.5307","0.75","0.38022621028167947","0.3982423349648788","0.251497005988024","0.6353456481032828","0.38438197316382205","0.18896948690834933","0.4796230102654391"
"0.49977975119282636","9","9","West Virginia, Wayne","-82.4229,38.149","0.5844904209797485","0.137577002053388","0.5416451034443379","0.4078","0.75","0.590915881821042","0.20069052768195922","0.44910179640718567","0.6151952376728468","0.5920967145635307","0.5697870748433616","0.0"
"0.49968682327372066","9","3","Florida, Sumter","-82.0794,28.7018","0.6312194211708076","0.112481857764877","0.5928408721543922","0.3104","0.825","0.4454391386730797","0.4522273445900676","0.3173652694610779","1.0","0.32300577654697676","0.12289119533821476","0.4452524246964862"
"0.499633659362345","9","3","Wisconsin, Outagamie","-88.4657,44.4158","0.8156725709585821","0.246264744429882","0.6632489886232021","0.2229","1.0","0.38022621028167947","0.44055963529223235","0.34131736526946105","0.4833394486037307","0.27795157354742583","0.05382989023164196","0.4394676611370861"
"0.49961030135802215","10","6","District Of Columbia, District of Columbia","-77.0166,38.9042","0.5424247191502231","0.0519853390348198","0.841611284587443","0.9739","0.675","0.2069209262478134","0.665408730916593","0.40119760479041916","0.42544161229202965","0.24090237726615935","0.25257283403605124","0.3602378588916007"
"0.49959559050486185","9","3","Georgia, White","-83.7491,34.6462","0.6597831700209928","0.0916496945010183","0.5646883611039211","0.0876","1.0","0.7922333288990623","0.363522947995864","0.38323353293413176","0.6458942336050534","0.3383303044829988","0.3741593999867503","0.0"
"0.4994988493428672","9","9","Georgia, Brantley","-81.9774,31.1958","0.6509502066000578","0.131188118811881","0.49134342177398105","0.249","0.675","0.7922333288990623","0.4063837375930966","0.38922155688622756","0.5215324091055006","0.38937343077099523","0.6366781558508909","0.0"
"0.4994589476529903","9","3","Florida, Hernando","-82.427,28.5536","0.531201770488896","0.0614314691393799","0.628191910299661","0.213","1.0","0.4454391386730797","0.440671742541678","0.3173652694610779","0.7376260122167034","0.4173705868299842","0.4751836406354025","0.4193367684257262"
"0.4994255004224753","9","9","Missouri, Gentry","-94.4094,40.211","0.7327532060460611","0.204678362573099","0.4668513952987692","0.4635","0.5","0.6898109656793697","0.22123382288254936","0.37724550898203596","0.613308186513927","0.3892026551374635","0.4077490044207462","0.35939003992875657"
"0.4994151779107528","9","3","Missouri, St. Charles","-90.6666,38.7788","0.6945807453530891","0.163301415487094","0.6914338627465207","0.1213","1.0","0.6898109656793697","0.3730169836387583","0.5209580838323353","0.49129758316188105","0.2543816330122545","0.03599793671869238","0.49278020793665517"
"0.4994073110629699","10","2","Oregon, Lincoln","-123.8699,44.6425","0.41882692985618875","0.0452755905511811","0.5975540847923227","0.6482","0.75","0.7438233614458837","0.4448908897257815","0.24550898203592814","0.732165228694653","0.3674007615895013","0.3617571851203943","0.5631715499331938"
"0.4992409426652219","10","2","Texas, Colorado","-96.5274,29.6221","0.3915296324132954","0.0160642570281124","0.5057788920997902","0.7428","0.75","0.8066953714640763","0.5961693306525752","0.40119760479041916","0.6406572602088578","0.2581922501562476","0.3672807863528887","0.36976815608624614"
"0.49923087733993615","7","7","Minnesota, Polk","-96.4013,47.7737","0.7037163564336094","0.272540983606557","0.5196126433114654","0.7303","0.675","0.42209023252660954","0.4997022253590224","0.23353293413173656","0.5755097168756041","0.34186769763071434","0.13092341043105213","0.4325714471913912"
"0.49922891492613275","9","9","Indiana, Randolph","-85.0114,40.1573","0.6766077869617905","0.22972972972973","0.553669387744525","0.1067","0.675","0.5484650550776322","0.2455350941606431","0.5269461077844312","0.6056629582719985","0.4766192110520323","0.4134025599173331","0.5639534605974448"
"0.4992126248642328","5","10","Montana, Valley","-106.667,48.3644","0.9094071744347186","0.583333333333333","0.4217451995527086","0.1","0.5","0.6163905315403087","0.49569098085835084","0.16167664670658685","0.6493451083308717","0.3293176659002358","0.19325180085968444","0.4151105486014017"
"0.4991947960617232","9","3","Pennsylvania, Armstrong","-79.4629,40.8167","0.5791021345358942","0.184859154929577","0.5541243037710303","0.2614","0.825","0.7607330979588356","0.16120858957050246","0.532934131736527","0.6371246099900815","0.46463873975582715","0.27360059665115255","0.4579719350661193"
"0.49914894339388605","10","3","Arkansas, Lonoke","-91.8874,34.7539","0.6486875485033552","0.133816743572841","0.555851496783067","0.2334","1.0","0.610486779204959","0.4938611833222068","0.4610778443113772","0.452613368495235","0.47666533446706316","0.26677854279485963","0.0"
"0.49913806978024505","7","7","Michigan, Luce","-85.5447,46.4723","0.690887197863676","0.648648648648649","0.4363156384358569","0.5075","0.25","0.5192862589944978","0.7425841064706802","0.19760479041916168","0.6335581539925471","0.29740671149413667","0.40627433236148214","0.39430712220237346"
"0.4990342256896847","7","10","Wisconsin, Langlade","-89.0748,45.2627","0.8856459762413484","0.526984126984127","0.5291872576717974","0.2665","0.32499999999999996","0.38022621028167947","0.39988663035512745","0.2694610778443114","0.6661358670949733","0.3232256630809893","0.33441786000328705","0.5325605013869181"
"0.49899534395739914","10","9","Colorado, Conejos","-106.1917,37.2016","0.5956992802840066","0.288461538461538","0.4458836063481257","0.5903","0.5","0.8662658896035598","0.40101993080697956","0.08383233532934134","0.579673914473061","0.30360020516183184","0.5960163991865566","0.47474109723449737"
"0.4986558862902616","9","1","Texas, Llano","-98.6848,30.7065","0.5461978202864202","0.163636363636364","0.4474748125086764","0.3623","0.675","0.8066953714640763","0.3495036570777095","0.34730538922155696","0.8369674946274659","0.2731216323972197","0.42530530471368216","0.5244243681673008"
"0.49864071390223386","10","9","Kansas, Stevens","-101.3119,37.1923","0.7439065787394846","0.175824175824176","0.48109974401130107","0.5081","0.5","0.6813178638986801","0.3702142791339231","0.23952095808383234","0.47245716285929296","0.3599926906735028","0.5685432441889068","0.208168892335371"
"0.49858837528903793","9","3","Kentucky, Woodford","-84.7418,38.0418","0.5969293849006649","0.140804597701149","0.5985718219949662","0.0637","1.0","0.7986013047908057","0.3762110409666945","0.47904191616766467","0.5627304600978258","0.32055113880762426","0.18420453759596236","0.572033419178387"
"0.49851263379443245","10","2","West Virginia, Mason","-82.0252,38.7707","0.47355324392493053","0.114457831325301","0.49501121227357203","0.7154","0.75","0.590915881821042","0.1837599454062736","0.44910179640718567","0.6170727822364962","0.5957382831214221","0.43543350162794064","0.3157249881229938"
"0.49850363314393076","5","10","South Dakota, Aurora","-98.5605,43.7176","0.9603288935783696","0.547770700636943","0.34866225429016046","0.1703","0.5","0.7704699034685317","0.4116585485043612","0.19161676646706588","0.6095051758860066","0.40450267103286885","0.14987251038574378","0.0"
"0.4984130025241233","10","2","California, Sutter","-121.6946,39.0342","0.4269321626255975","0.0267260579064588","0.6200450727905827","0.6654","0.75","0.6302607543856039","0.5076503304826213","0.38323353293413176","0.5067215141840639","0.2643034786851644","0.5099992721107854","0.6237102809227275"
"0.49836958444179186","10","7","Iowa, Jefferson","-91.9485,41.0319","0.6080693936827759","0.197860962566845","0.597030711699071","0.689","0.675","0.5124529061342115","0.33034971163162585","0.4131736526946108","0.6226493223021841","0.2275834192710274","0.27990307567710354","0.5267460812444053"
"0.49836395187139576","9","3","Missouri, Perry","-89.8274,37.7066","0.714781821399763","0.117647058823529","0.5350607828146786","0.2499","0.75","0.6898109656793697","0.25610033709798274","0.4670658682634731","0.5691748594129424","0.36632164042756515","0.23443555461464202","0.5318026143412448"
"0.4983596104830804","10","6","California, Monterey","-121.2413,36.2186","0.5847303332618762","0.0659994590208277","0.6283536785223928","0.8399","0.575","0.6302607543856039","0.5323668228450147","0.22155688622754494","0.452613368495235","0.19277754947095474","0.4164526700635638","0.49077567672618194"
"0.49826077332839636","9","7","Wisconsin, Columbia","-89.3359,43.4649","0.7978134305130143","0.363306744017404","0.5696602872893044","0.334","0.75","0.38022621028167947","0.368813167904605","0.40119760479041916","0.558371441896005","0.37481782129619945","0.06568382648332256","0.49860471674436296"
"0.4981286422778751","10","2","Idaho, Shoshone","-115.8917,47.3536","0.5093215903777881","0.0524017467248908","0.48937059219985285","0.7749","0.32499999999999996","0.771056031651189","0.3422117294082044","0.40119760479041916","0.6595100604482558","0.3490536723848237","0.5737726619102356","0.4820616527470871"
"0.4981280026071263","9","3","Illinois, Logan","-89.3664,40.1258","0.603033277939071","0.104089219330855","0.5469446300703563","0.4228","0.75","0.48583792883850596","0.4563337678872336","0.5089820359281437","0.5734100391661536","0.41369653456201405","0.21762591605342105","0.5826827511402908"
"0.4980198375497115","9","3","Ohio, Williams","-84.5843,41.5605","0.6096571110415161","0.240384615384615","0.5422846408020191","0.2369","0.825","0.7247088387345686","0.2738576367022735","0.5269461077844312","0.579673914473061","0.40507740774479734","0.2585493979411514","0.41582987978598673"
"0.49796512369534635","9","9","Kentucky, Menifee","-83.5999,37.9409","0.6177940982504871","0.184210526315789","0.4433577376931206","0.4314","0.5","0.7986013047908057","0.321878291535527","0.38922155688622756","0.6151952376728468","0.5725960934476295","0.5157233153815587","0.0"
"0.4979314615286662","9","3","Virginia, Rockingham","-78.8726,38.5101","0.6107760669970163","0.0986997635933806","0.5778512047938947","0.4339","0.825","0.7697111946822568","0.3728101176578743","0.3532934131736527","0.5898852876912913","0.2447026076786153","0.26465627944938636","0.43208622938425273"
"0.4977277181526853","9","3","North Carolina, Union","-80.5296,34.9896","0.6210434574908554","0.093984962406015","0.6074521753330092","0.0888","1.0","0.7283659930549282","0.5435287896515308","0.4730538922155689","0.42856039038869453","0.26323853532028624","0.20427562851295872","0.5694398950028862"
"0.49768640319215013","7","7","Wisconsin, Ashland","-90.6784,46.3196","0.6851437978179892","0.254464285714286","0.5239923967140837","0.7886","0.5","0.38022621028167947","0.509448818809436","0.19760479041916168","0.5837920978957992","0.3540831758896746","0.31074353580482206","0.46499475337020585"
"0.49767914283928694","10","6","New York, Erie","-78.7306,42.7625","0.47934348771050483","0.0549353465585094","0.7630551447653404","0.6355","1.0","0.30357014148943134","0.5687628246027425","0.4610778443113772","0.5627304600978258","0.31747316005085263","0.1670584470816669","0.43186974107266535"
"0.49765382904500405","9","7","South Dakota, Custer","-103.4535,43.6774","0.7868109409290848","0.261194029850746","0.4223987177842461","0.4489","0.5","0.7704699034685317","0.42439374856001894","0.047904191616766456","0.743007936898218","0.32718348694116056","0.17073107812019528","0.5361188648506552"
"0.4976205892428092","10","2","New Mexico, Guadalupe","-104.7907,34.8632","0.4698566080962706","0.0810810810810811","0.44428146290722387","0.8895","0.675","0.5871956657568004","0.5082456549117376","0.14970059880239522","0.6644904259777605","0.3810845907711919","0.4747082720551946","0.4617372671431874"
"0.4975212715049658","9","9","Missouri, Oregon","-91.4034,36.6871","0.7402799215113217","0.282296650717703","0.47455151950195007","0.171","0.5","0.6898109656793697","0.30854651330374994","0.40119760479041916","0.6806267907799217","0.4083627132569428","0.5930716573625631","0.0"
"0.49748878396092894","9","3","West Virginia, Hancock","-80.5746,40.5194","0.5487019511485872","0.193717277486911","0.6117265488483579","0.383","0.825","0.590915881821042","0.3183486394153593","0.4730538922155689","0.6527643232093532","0.548118640838529","0.34706835654847773","0.0"
"0.49740418041449674","9","9","Kentucky, Lyon","-88.0789,37.0208","0.5898267648687069","0.148936170212766","0.5164155034684459","0.4906","0.675","0.7986013047908057","0.42133923734610434","0.4730538922155689","0.6976053368935816","0.3349312938701996","0.260970689318353","0.0"
"0.49722556127348416","9","3","Georgia, Coweta","-84.7613,33.3533","0.5462386496599014","0.0638372500876885","0.6285246623689991","0.1219","1.0","0.7922333288990623","0.5424993151651498","0.4970059880239522","0.46408171358848016","0.26683762333537925","0.23737060739751023","0.5347020558928421"
"0.4971695873299335","7","7","North Dakota, Ramsey","-98.7222,48.2689","0.8273274604116474","0.313432835820896","0.4955387707362106","0.8695","0.575","0.10985976568982879","0.5552480638488595","0.155688622754491","0.5978576089534523","0.31134185638252143","0.08520857659386846","0.46868301545074187"
"0.4971600061956794","9","3","Indiana, Johnson","-86.1015,39.4899","0.661930055983232","0.159638554216867","0.6666895355448602","0.1891","1.0","0.5484650550776322","0.3198264433834867","0.5449101796407185","0.49129758316188105","0.32131548985535513","0.12360769992942745","0.5492873475722342"
"0.4971458615015861","9","9","Oklahoma, Major","-98.5347,36.3115","0.7143154986355921","0.259259259259259","0.4306897706167054","0.1783","0.5","0.9523454485741492","0.4199727870864828","0.3173652694610779","0.6151952376728468","0.42812211724802546","0.24766545581912305","0.4184976121456113"
"0.49713252208939074","9","3","Idaho, Ada","-116.2416,43.4527","0.6689488395493783","0.100912542463199","0.6851629769792921","0.2429","1.0","0.771056031651189","0.35370270110479596","0.4550898203592814","0.47245716285929296","0.16902216737168102","0.12413345152348668","0.43560768832663793"
"0.4970380353118331","10","3","Texas, Denton","-97.1169,33.2052","0.552145815946515","0.0828227651878645","0.7114153541193317","0.3114","1.0","0.8066953714640763","0.5549663821799906","0.4730538922155689","0.3414940492053623","0.17513922859113537","0.14748040724493205","0.539109667834595"
"0.49699695666885574","9","3","Pennsylvania, Washington","-80.2458,40.1921","0.5070088286944123","0.117538461538462","0.6043135885327294","0.4868","1.0","0.7607330979588356","0.3032122877915513","0.43712574850299407","0.6114115319998742","0.36743454785688506","0.09854493613771327","0.4331898341497027"
"0.4969211130610448","9","3","Indiana, Clay","-87.1172,39.3956","0.6815505028572477","0.21830985915493","0.5836746610115316","0.2477","0.75","0.5484650550776322","0.2008451847277424","0.49101796407185627","0.5648909983668218","0.4724783407751232","0.2542435880650876","0.5703338688933596"
"0.49680024558525815","10","9","Tennessee, Jackson","-85.6724,36.3638","0.7194079577742862","0.134939759036145","0.4832159148281609","0.4556","0.5","0.4911779531988354","0.2708536642789117","0.407185628742515","0.6458942336050534","0.47667561428083244","0.6134102869276306","0.0"
"0.4967865698428134","9","3","Nebraska, Sarpy","-96.1116,41.1131","0.7545563953498037","0.22523930455167","0.6555597220292663","0.1439","1.0","0.603814206971114","0.4538217723463781","0.38922155688622756","0.39613196301134124","0.23998991195561128","0.043141061175273436","0.5704825760192215"
"0.4967677581723151","4","2","Georgia, Charlton","-82.1395,30.7837","0.27595597604185484","0.0031104199066874","0.4647484693499957","0.7536","0.675","0.7922333288990623","0.7579762957495378","0.3532934131736527","0.5067215141840639","0.4538783801121803","0.7607004256274654","0.0"
"0.49673839714498813","9","9","Indiana, Blackford","-85.325,40.4739","0.7028793171219223","0.257731958762887","0.5161109316390442","0.2795","0.5","0.5484650550776322","0.19780779911148597","0.5209580838323353","0.6317620454190964","0.5339873100270518","0.3263550033178911","0.5364389274031316"
"0.49672709806763105","9","9","Nevada, Lyon","-119.187,39.0178","0.5904161324018524","0.179487179487179","0.5427992590604165","0.3419","0.675","0.5897697212390978","0.4754029242541856","0.3173652694610779","0.6299572389493907","0.41215484819046727","0.3840876393147862","0.5497358092554927"
"0.4966590991285691","9","9","Virginia, Grayson","-81.2322,36.6568","0.6102515686245573","0.0896358543417367","0.4766243333383261","0.5068","0.5","0.7697111946822568","0.40942274556494457","0.34131736526946105","0.6758588134982833","0.3838773519320287","0.5741800860895527","0.0"
"0.49658740198991425","9","2","Texas, Jones","-99.8786,32.74","0.5051920598264913","0.0307167235494881","0.47789493416394146","0.5712","0.5","0.8066953714640763","0.6207662272014974","0.3053892215568862","0.5092312328105775","0.4106039219508912","0.541562413593434","0.3713213815833027"
"0.4965708988253313","9","7","Nebraska, Platte","-97.5214,41.5725","0.7590987412706333","0.154395997140815","0.560121110822491","0.3442","0.75","0.603814206971114","0.3393179806642037","0.33532934131736525","0.5561726637917245","0.28999388119800057","0.19707545982675265","0.5123334779559974"
"0.49638589642641184","9","3","Missouri, Cass","-94.3534,38.6479","0.6476757042029526","0.153311965811966","0.5704751528321377","0.0684","1.0","0.6898109656793697","0.45515952056514003","0.4131736526946108","0.5380992168517501","0.35094489633229475","0.1411813193833749","0.5634674751562087"
"0.496333694134425","9","9","North Carolina, Perquimans","-76.406,36.1785","0.6339270342786538","0.14410480349345","0.5016992875326335","0.2961","0.5","0.7283659930549282","0.5931611187867718","0.32934131736526945","0.7252247709976565","0.41492351767859986","0.4584851838210938","0.0"
"0.4963268074651342","10","2","Texas, Fayette","-96.9208,29.8779","0.44087329178783796","0.0275049115913556","0.5075200003230335","0.5861","0.825","0.8066953714640763","0.5438337857770688","0.39520958083832336","0.6868906660868291","0.25633066072504307","0.25631159278025945","0.44851550010854363"
"0.49631103764461443","9","3","Florida, Santa Rosa","-87.0246,30.6934","0.5806386433369292","0.0510311080041943","0.604542029747655","0.4225","1.0","0.4454391386730797","0.5124307741043851","0.4251497005988024","0.5215324091055006","0.3397702931912611","0.22018951522214975","0.47044389514085316"
"0.49623637439254725","9","7","Illinois, Christian","-89.2778,39.5458","0.7029869367406971","0.179554390563565","0.5502335199888582","0.4094","0.75","0.48583792883850596","0.2752669921065234","0.5089820359281437","0.6017807168377609","0.31991738492489713","0.21626908695684297","0.4760449543835666"
"0.49622581896943974","10","2","California, Inyo","-117.4112,36.5111","0.5376468215767957","0.0990566037735849","0.4394552379956058","0.8902","0.675","0.6302607543856039","0.5950164553349284","0.25748502994011974","0.6694051144412375","0.24566774393336097","0.20067869310822137","0.41201670430027426"
"0.4961929190140911","10","3","Michigan, Ottawa","-85.9969,42.96","0.6245007864609663","0.154454524307979","0.6653820263215209","0.4877","1.0","0.5192862589944978","0.3462496381934026","0.502994011976048","0.4886637078344629","0.1922599212564055","0.0832588992934388","0.5562755909999139"
"0.49613894573602235","10","9","Missouri, Caldwell","-93.9831,39.6562","0.6916614139543799","0.228758169934641","0.46504407802892306","0.6855","0.5","0.6898109656793697","0.27846501458270295","0.37724550898203596","0.6075890184122873","0.4631108892338705","0.29143872692781947","0.0"
"0.49594988466209194","9","9","Missouri, Ozark","-92.4446,36.6492","0.7035913557272852","0.217142857142857","0.41098464769245246","0.3906","0.5","0.6898109656793697","0.20993575265110123","0.38323353293413176","0.7294045360146626","0.36193129162885895","0.6559230137859311","0.0"
"0.4959358068315396","9","3","North Carolina, Macon","-83.417,35.1487","0.5818751967342299","0.0825035561877667","0.5385908161777054","0.2232","0.825","0.7283659930549282","0.35921076116927225","0.33532934131736525","0.7456700325571273","0.34302165483170394","0.3752899899730536","0.45915845276726014"
"0.4959318536612385","9","3","Iowa, Linn","-91.5981,42.0792","0.6479359395793743","0.123948738486183","0.7567756337278777","0.3938","1.0","0.5124529061342115","0.3953487524122528","0.40119760479041916","0.5166605513962695","0.30421398962277213","0.04593525952278324","0.3818985099347364"
"0.49590092998719637","9","7","Illinois, Moultrie","-88.621,39.6419","0.7921105207931922","0.341666666666667","0.5502901573802639","0.7354","0.5","0.48583792883850596","0.17000611043108244","0.5089820359281437","0.5878652729484978","0.18415931133371027","0.3251111726634363","0.0"
"0.49588988777012016","10","6","Maryland, Montgomery","-77.2036,39.1368","0.5562434619413575","0.0581676573068252","0.780121409581465","0.5804","1.0","0.4028734589185817","0.5988598347862922","0.4670658682634731","0.5016507991249867","0.08195657857700135","0.11767473670939091","0.49665685531700837"
"0.4958562185419209","7","7","North Dakota, Williams","-103.4793,48.3452","0.8283385311125455","0.245448838669178","0.5580046363757601","0.8309","0.575","0.10985976568982879","0.6294297031684614","0.18562874251497005","0.3295349972503631","0.3750579393611292","0.15025922423965557","0.5219139521157824"
"0.49576882062384964","9","3","Texas, Wilson","-98.0869,29.1733","0.5384446474378675","0.0606995884773663","0.5466944952138296","0.3875","0.825","0.8066953714640763","0.38830856133704034","0.4131736526946108","0.5117241638959221","0.3065070051436814","0.34453866902368746","0.5810138523838418"
"0.495705827296557","6","5","Georgia, Taliaferro","-82.8814,33.5654","0.5458280554506807","0.08","0.413595620456108","0.6934","0.0","0.7922333288990623","0.5703752975720565","0.44910179640718567","0.6976053368935816","0.5235969104280122","0.6518444119242546","0.0"
"0.4956864661462159","9","9","Indiana, Starke","-86.6469,41.2789","0.695798447966623","0.239473684210526","0.5345167579617065","0.0971","0.75","0.5484650550776322","0.20332603066271207","0.5568862275449102","0.5670390838965326","0.42467835577821933","0.42416187674788786","0.46134895427255784"
"0.4955871058250226","9","9","Idaho, Washington","-116.7848,44.4528","0.6737701330028931","0.080952380952381","0.4612942320699175","0.4336","0.5","0.771056031651189","0.28277345380066626","0.2694610778443114","0.6868906660868291","0.3148844203745856","0.5231701912774166","0.4536144534488894"
"0.4955104364993622","9","3","Ohio, Champaign","-83.7688,40.1392","0.5556344588746447","0.137566137566138","0.5522395582960561","0.2681","0.75","0.7247088387345686","0.34232603176809556","0.5209580838323353","0.5755097168756041","0.3765387675052775","0.24595497672147318","0.7593505330778725"
"0.49547654352835807","9","3","Indiana, Greene","-86.9622,39.0363","0.6092152700866487","0.127450980392157","0.5479860373705122","0.4378","0.75","0.5484650550776322","0.1397382415205843","0.4730538922155689","0.5978576089534523","0.44308388820668804","0.3711232178371372","0.5951703750204023"
"0.495445658772345","10","6","Wisconsin, Dane","-89.4173,43.066","0.6797680105008621","0.148214564166537","0.709155655839574","0.6546","1.0","0.38022621028167947","0.4377344792256308","0.38323353293413176","0.452613368495235","0.13286848463436088","0.05245101856650395","0.4333213526835461"
"0.49536649280926226","10","7","Wisconsin, Eau Claire","-91.2861,44.7266","0.7016596063202108","0.16828227995347","0.6415323430562041","0.5896","1.0","0.38022621028167947","0.3246224352879297","0.29940119760479045","0.5067215141840639","0.27682064223292463","0.17026285520781723","0.329207612966211"
"0.4953127764374653","9","7","Iowa, Jasper","-93.0557,41.6858","0.6531825365340207","0.104433497536946","0.6268470602636907","0.5629","0.75","0.5124529061342115","0.3365427011037914","0.38323353293413176","0.595880459448231","0.36194862414706097","0.1313835187714877","0.49009562512437066"
"0.49531181785632417","10","6","Minnesota, Rice","-93.2966,44.3543","0.6342769014645468","0.104993597951344","0.5931674622706589","0.8723","0.75","0.42209023252660954","0.48156790049048925","0.29341317365269465","0.5067215141840639","0.1888119621948054","0.1439314325937648","0.6024099853078523"
"0.4952419678267421","9","9","Michigan, Gladwin","-84.3877,43.989","0.5975047819753485","0.301282051282051","0.4918648325297291","0.4788","0.5","0.5192862589944978","0.2472431196257041","0.3233532934131737","0.7152857337854508","0.507803307538973","0.4793135944150429","0.566342953904617"
"0.49513908855402744","9","9","West Virginia, Doddridge","-80.7067,39.2706","0.6944237375490865","0.507692307692308","0.4483466466492063","0.4177","0.5","0.590915881821042","0.33195397461725873","0.4131736526946108","0.6207997313712245","0.4534608649492288","0.42298235710390203","0.0"
"0.4951277516379056","9","7","Nebraska, Adams","-98.5012,40.5245","0.682722475349127","0.159379407616361","0.5463563333613171","0.4565","0.825","0.603814206971114","0.37944726353298125","0.29940119760479045","0.5627304600978258","0.33583106589036793","0.21179117548779178","0.36345860069326946"
"0.49506080629452787","9","3","Indiana, DeKalb","-84.9991,41.398","0.6740917716353066","0.214497041420118","0.5862547933827654","0.1971","1.0","0.5484650550776322","0.16279930939214451","0.562874251497006","0.5239446622367122","0.30893772621608434","0.23903227795049167","0.5327481062608719"
"0.495057124623958","9","9","Georgia, Madison","-83.2122,34.1292","0.5563335539846497","0.0530503978779841","0.5279176489183663","0.2168","0.75","0.7922333288990623","0.48014143713259116","0.4730538922155689","0.5310891329236117","0.4055926581051593","0.5940268757044994","0.0"
"0.49498069336873735","10","2","Michigan, Osceola","-85.3257,43.9899","0.48403256117866983","0.15","0.5015982447771091","0.7724","0.675","0.5192862589944978","0.2983299608411216","0.311377245508982","0.6226493223021841","0.42062881465838947","0.5027976500684107","0.5562195340236934"
"0.4949447400283595","10","9","Tennessee, Trousdale","-86.1609,36.3903","0.6843827902594474","0.0231615518239722","0.5206951487991358","0.2862","0.575","0.4911779531988354","0.5349392986225998","0.4251497005988024","0.4886637078344629","0.3241287626887636","0.5865482681989562","0.4635373177046677"
"0.49468274295814196","9","3","Indiana, Harrison","-86.1095,38.1947","0.6310191519889786","0.132513661202186","0.5191285967067475","0.1356","1.0","0.5484650550776322","0.20603454539199204","0.5568862275449102","0.5561726637917245","0.4248015279939279","0.280764794772181","0.6237523302482366"
"0.4945800790821427","9","3","Indiana, Dubois","-86.8792,38.366","0.7515769995090672","0.194902548725637","0.6079929290780469","0.3047","0.825","0.5484650550776322","0.18662073945642377","0.532934131736527","0.5472454870957077","0.3024555094216439","0.13355749737396705","0.43377173230269667"
"0.49447307998794415","9","9","Kentucky, Metcalfe","-85.6312,36.9946","0.6863793253741732","0.224242424242424","0.4317104427086778","0.3133","0.5","0.7986013047908057","0.28171460230042084","0.44910179640718567","0.5775976316230177","0.47156062287216266","0.5292575735903868","0.0"
"0.4943719280412983","10","6","California, San Luis Obispo","-120.4039,35.3882","0.5247058324501834","0.0752823086574655","0.5990167506141052","0.7832","0.75","0.6302607543856039","0.4384719688125762","0.44910179640718567","0.5938927650957907","0.15882744915558922","0.17433431140166392","0.5062751383790443"
"0.49434698161946466","10","3","Pennsylvania, Cumberland","-77.2613,40.1625","0.5148057605615592","0.11101083032491","0.6787303273159084","0.4712","1.0","0.7607330979588356","0.34688780958478843","0.407185628742515","0.5755097168756041","0.28083564111161496","0.073791737209951","0.4838869897554763"
"0.4942571486371467","10","7","Kansas, Pratt","-98.7392,37.6478","0.6218449383876503","0.214285714285714","0.5063441091964914","0.7087","0.675","0.6813178638986801","0.4003621069508563","0.2874251497005988","0.5858342498966352","0.32325225953628334","0.20185433713575715","0.29273815707409945"
"0.49422302442090965","9","3","Florida, Indian River","-80.6056,27.6931","0.5591269292630978","0.0612648221343874","0.6445991249470703","0.3403","1.0","0.4454391386730797","0.4832897539930009","0.23952095808383234","0.7894194086217464","0.2787650717032136","0.32942182706006273","0.39716557590885304"
"0.4940831824235179","7","7","Minnesota, Benton","-93.9951,45.698","0.7265041213015702","0.250614250614251","0.5891207743684986","0.8755","0.75","0.42209023252660954","0.455903386898647","0.2275449101796407","0.47245716285929296","0.29707084778333437","0.14478503711689983","0.0"
"0.4940441170487346","10","5","Louisiana, Catahoula","-91.8453,31.6678","0.5835568212001773","0.0351648351648352","0.4628059194806665","0.8469","0.5","0.3163258823370422","0.6081677649562203","0.3592814371257485","0.542700408721451","0.48883866575094514","0.5740569141542479","0.0"
"0.49397951893552194","9","7","Wisconsin, Waupaca","-88.9653,44.4707","0.8275318716140126","0.280859570214893","0.5591876629084501","0.3352","0.675","0.38022621028167947","0.26116174705630263","0.34730538922155696","0.6189409155096902","0.34168229735588135","0.12030022462830718","0.6529601511793557"
"0.49394162857831414","9","7","Nebraska, Wayne","-97.1193,42.2093","0.7991732082664257","0.296428571428571","0.5010180365569071","0.3645","0.75","0.603814206971114","0.3707861703555757","0.3233532934131737","0.5142005305328247","0.2565423078499008","0.12188377728721626","0.4440494557637289"
"0.49391641480454695","10","6","Oregon, Washington","-123.0955,45.5597","0.5150700670248232","0.109226467847158","0.7226691285661982","0.5657","1.0","0.7438233614458837","0.43759365550509655","0.34730538922155696","0.44674408486908573","0.1777866178782538","0.13078631049912978","0.5185164711719918"
"0.4937967781108146","9","2","Maine, Somerset","-69.96,45.5123","0.490447238922287","0.322834645669291","0.49505780920883863","0.5648","0.575","0.83233747019391","0.24557888689981716","0.25748502994011974","0.6226493223021841","0.39931639470560176","0.5096278184966461","0.5661431489954056"
"0.49373215948559185","9","9","Oklahoma, Roger Mills","-99.6967,35.6871","0.6912079968002541","0.164705882352941","0.385272962023618","0.0548","0.5","0.9523454485741492","0.5049171520625713","0.251497005988024","0.6017807168377609","0.4517383686856804","0.4636647029806277","0.3905254064807203"
"0.4936722263874076","10","2","Colorado, Otero","-103.7173,37.9014","0.40972125914723145","0.0695652173913043","0.508941508981917","0.6269","0.675","0.8662658896035598","0.489984828829205","0.16167664670658685","0.613308186513927","0.3826235497368668","0.5937623648817798","0.3867081960500442"
"0.4936590774301038","10","6","Minnesota, Blue Earth","-94.067,44.0355","0.6227084117912","0.0776302349336057","0.5870080840524762","0.7549","1.0","0.42209023252660954","0.3985199034385884","0.29940119760479045","0.46124754169706367","0.2685121840103905","0.18716647746795317","0.3926134002672439"
"0.49342360699146415","9","3","Pennsylvania, Adams","-77.2161,39.8714","0.5203484319626637","0.106598984771574","0.6150606991804722","0.2789","1.0","0.7607330979588356","0.3119609192300432","0.4550898203592814","0.6037268925796017","0.31139799354349634","0.1757702272964269","0.6019697299053972"
"0.49335432708047533","9","3","Illinois, Effingham","-88.5897,39.0594","0.7104363035978222","0.142056074766355","0.5954252443417399","0.3932","1.0","0.48583792883850596","0.1707779489110788","0.5269461077844312","0.5539608364828539","0.2738148960881152","0.12701921130963015","0.38565623674370636"
"0.4933242892411231","9","2","Ohio, Hocking","-82.4799,39.4954","0.44351188443229517","0.0846560846560847","0.5126480720311846","0.5868","0.825","0.7247088387345686","0.23539914668686632","0.4610778443113772","0.5858342498966352","0.4771657282826728","0.32788005839100637","0.5578638475418943"
"0.49330016994498344","10","7","New York, Allegany","-78.0275,42.2575","0.5895697466231727","0.395121951219512","0.510815414501189","0.829","0.675","0.30357014148943134","0.26936039422228014","0.32934131736526945","0.579673914473061","0.3508668466741328","0.3951920071224142","0.5038934925936559"
"0.49328796331622854","9","9","Montana, Lincoln","-115.4046,48.5427","0.7217545914653887","0.391836734693878","0.46023740162683124","0.1359","0.5","0.6163905315403087","0.2876488577515947","0.3592814371257485","0.7307874385574278","0.2807768742339473","0.5268304687885101","0.5358833716361548"
"0.4930866585190296","9","2","Pennsylvania, McKean","-78.5648,41.8094","0.4773417584081392","0.32258064516129","0.5349201742255434","0.703","0.575","0.7607330979588356","0.3319411176202228","0.37724550898203596","0.5898852876912913","0.39573281831053564","0.3330519474306541","0.4148571213355167"
"0.49301285387242055","7","7","Kansas, Kiowa","-99.2857,37.5585","0.7789998782810967","0.41304347826087","0.4447032965235943","0.4664","0.5","0.6813178638986801","0.32741065140030495","0.25748502994011974","0.6353456481032828","0.29752187155776905","0.2262446814733786","0.3444203913499004"
"0.4929604047861455","9","3","Utah, Weber","-111.9145,41.2712","0.6873746279108494","0.173968601679445","0.6517414169996824","0.4298","1.0","0.4487874423273804","0.4109226148098982","0.29940119760479045","0.4061601502796258","0.22102993041168384","0.2544855718671909","0.4685117298194407"
"0.49290712718721397","9","3","Pennsylvania, Carbon","-75.7069,40.9155","0.5109603689902422","0.113382899628253","0.5913912440129986","0.2216","1.0","0.7607330979588356","0.3108623759376252","0.43113772455089816","0.6207997313712245","0.3701696138444087","0.29255405667435047","0.4559977464002046"
"0.4928798833665799","9","7","Wisconsin, Sauk","-89.9497,43.4257","0.7382457876240931","0.244982698961938","0.5916416300131235","0.4011","0.825","0.38022621028167947","0.3923276323060247","0.3592814371257485","0.5712984652022484","0.2991688599894453","0.1471713268330364","0.45135432357948146"
"0.49286494637838213","9","3","Ohio, Huron","-82.5987,41.1465","0.5548075755873464","0.11304347826087","0.5711323959516413","0.3165","0.825","0.7247088387345686","0.26394743297193185","0.49101796407185627","0.542700408721451","0.4359200220711965","0.317381497879735","0.4579251824571891"
"0.49283608398911116","7","7","Minnesota, Lyon","-95.8381,44.4133","0.7305010947998546","0.145833333333333","0.5642019892046527","0.7978","0.675","0.42209023252660954","0.4422192257026453","0.2275449101796407","0.5117241638959221","0.2435057966998564","0.16025940469804648","0.4338718465804279"
"0.4928225109695949","9","9","Idaho, Power","-112.8396,42.6925","0.7706679888425472","0.163690476190476","0.4815462606214511","0.22","0.5","0.771056031651189","0.38257730376522503","0.2095808383233533","0.5287228277828","0.35987321588147586","0.4316447232089233","0.533529951367828"
"0.49279758320783434","9","3","Florida, Clay","-81.8561,29.9832","0.6086797420441888","0.076371897937784","0.6439747429492022","0.2206","1.0","0.4454391386730797","0.5285860402999671","0.33532934131736525","0.5092312328105775","0.369621267851759","0.3053669657714033","0.48387151269042256"
"0.49277532236937616","9","9","New Mexico, Lincoln","-105.4586,33.7453","0.6879100038666597","0.246621621621622","0.48001570785844383","0.3301","0.675","0.5871956657568004","0.4422714402457284","0.155688622754491","0.7403266893073597","0.32479852419851907","0.314013587184596","0.5343909436676071"
"0.4927717932869447","10","2","California, Glenn","-122.3938,39.5988","0.5498979656521329","0.0563380281690141","0.5424368778508736","0.4871","0.675","0.6302607543856039","0.4461715994982634","0.3652694610778443","0.5215324091055006","0.2785245827840199","0.5599393756696793","0.5009968550003692"
"0.4927536939147931","7","5","Texas, Brewster","-103.252,29.8101","0.6509952092705845","0.105691056910569","0.4302661109722295","0.745","0.32499999999999996","0.8066953714640763","0.42451893733964324","0.19760479041916168","0.6476236650502001","0.28027165881942234","0.40098108808174066","0.4422520003133889"
"0.4927535839310279","5","10","South Dakota, Miner","-97.6099,44.022","0.9798150736575905","0.724770642201835","0.37739845316095555","0.092","0.5","0.7704699034685317","0.3275431097254123","0.2095808383233533","0.6388951207196634","0.25717392772663045","0.1744354407684088","0.0"
"0.4927352994916273","9","3","Indiana, Huntington","-85.4882,40.8291","0.6199971637183848","0.217983651226158","0.5886650457278433","0.2512","0.825","0.5484650550776322","0.26601849374990144","0.5568862275449102","0.5472454870957077","0.41994814607618647","0.21402268277195233","0.5655107413843323"
"0.492659906808423","7","7","Montana, Beaverhead","-112.8985,45.1343","0.8232482287995542","0.432900432900433","0.417490515260348","0.5094","0.5","0.6163905315403087","0.31165861459672983","0.25748502994011974","0.6406572602088578","0.2035817575620194","0.20498304962811645","0.4440625758393711"
"0.4926024983579184","9","9","Missouri, Douglas","-92.4991,36.9326","0.6456487334451682","0.134328358208955","0.47154289041930664","0.2047","0.675","0.6898109656793697","0.2506967720207306","0.38922155688622756","0.6758588134982833","0.4805050395696699","0.6389091786829953","0.0"
"0.49259402829405496","10","7","Wisconsin, La Crosse","-91.1145,43.9063","0.6845456140501334","0.111025045184611","0.6679366865594613","0.6628","1.0","0.38022621028167947","0.3219207491743404","0.32934131736526945","0.5215324091055006","0.21229204468903848","0.11785689068254572","0.35328497620042437"
"0.4924864797831191","10","2","Idaho, Benewah","-116.6587,47.2175","0.5516101299321308","0.0731707317073171","0.5007905806676035","0.5581","0.32499999999999996","0.771056031651189","0.4718880985745504","0.38922155688622756","0.6527643232093532","0.3205411197801736","0.5133268521722406","0.47556348732733145"
"0.49246106640478954","9","9","Missouri, Reynolds","-90.9701,37.3609","0.6390665848275341","0.280701754385965","0.4183226618275425","0.4027","0.5","0.6898109656793697","0.3657740900884258","0.38922155688622756","0.6561524538860896","0.42953585127932753","0.566228411151069","0.0"
"0.4924255214001281","9","3","Virginia, Chesterfield","-77.5868,37.3737","0.5665766731025984","0.0762090133253481","0.6943251201356571","0.0898","1.0","0.7697111946822568","0.6022325928353361","0.37724550898203596","0.4833394486037307","0.28983461729614757","0.12602947575868523","0.5365097395771616"
"0.4924162503467681","9","3","Virginia, Henrico","-77.3933,37.5346","0.5395114108807532","0.0654142905065414","0.7300210212022898","0.1945","1.0","0.7697111946822568","0.5768949866925672","0.32934131736526945","0.5016507991249867","0.2848364005181389","0.16853457249709966","0.4364543295936786"
"0.492413824512616","9","3","Kansas, Franklin","-95.2864,38.5644","0.661501757046307","0.161157024793388","0.5095373778698364","0.3394","0.825","0.6813178638986801","0.36923537669705764","0.38323353293413176","0.5357771420024626","0.32877241625548437","0.19955573324180423","0.4980209169915619"
"0.49237664824361516","9","7","Montana, Powell","-112.9359,46.8554","0.6662603039414366","0.594594594594595","0.4123713885117978","0.4998","0.5","0.6163905315403087","0.5256240954656439","0.23353293413173656","0.6095051758860066","0.3348313923381644","0.2286372690662465","0.46213451790878834"
"0.49225549025422766","9","3","Virginia, Gloucester","-76.5352,37.4081","0.6024792549023654","0.216216216216216","0.5964909001962003","0.0331","1.0","0.7697111946822568","0.4911824923773553","0.34131736526946105","0.5858342498966352","0.3509096457923087","0.12404528124924685","0.4925925067007213"
"0.49212463330792927","9","7","Iowa, Clarke","-93.785,41.0287","0.667337165820371","0.0983606557377049","0.6050509310280918","0.5762","0.575","0.5124529061342115","0.3682770487627666","0.3532934131736527","0.5712984652022484","0.4050144726108461","0.24529164074343532","0.44431159254816827"
"0.49210807818674923","9","3","Ohio, Seneca","-83.1278,41.1235","0.5407097106238861","0.114583333333333","0.5478215339208654","0.389","0.825","0.7247088387345686","0.32396123351523365","0.5089820359281437","0.558371441896005","0.3805896611228088","0.2610727875892104","0.44555500280229743"
"0.49202733253406694","9","3","Maryland, Cecil","-75.9463,39.5665","0.5655759075809448","0.117415287628054","0.6385079932148444","0.4454","1.0","0.4028734589185817","0.44841616859346756","0.4610778443113772","0.5092312328105775","0.36328568648764387","0.17403334556171068","0.46973702802249023"
"0.49201963030250717","10","6","Virginia, Fairfax City","-77.2978,38.8516","0.46215048540955916","0.103225806451613","0.8471219998523662","0.6928","1.0","0.7697111946822568","0.47917434744152687","0.38922155688622756","0.4965101409658336","0.17304682456757367","0.09567019763584976","0.0"
"0.49201322563637734","9","1","Oklahoma, Noble","-97.2293,36.3895","0.4883292597354627","0.0529411764705882","0.44727646197023124","0.3244","0.675","0.9523454485741492","0.6133759608528677","0.3712574850299401","0.5898852876912913","0.44018452805429487","0.258264661245083","0.46176349892581586"
"0.4919201344534292","10","2","Washington, Chelan","-120.6174,47.8705","0.5070763776414684","0.0363357215967247","0.5665586215881029","0.7641","0.675","0.9576955189784127","0.3647865605003895","0.23353293413173656","0.5837920978957992","0.1743302638956382","0.33386522132010527","0.41896331491129496"
"0.49189520625732264","9","7","Iowa, Sioux","-96.1768,43.0822","0.8354636064569743","0.178790534618755","0.6102942169508899","0.4922","0.75","0.5124529061342115","0.24579473379695863","0.34730538922155696","0.5092312328105775","0.1901525846940633","0.09326234980320953","0.43988476270650334"
"0.4918625335004362","9","3","Pennsylvania, Snyder","-77.0684,40.7713","0.5311181836988057","0.102272727272727","0.5966258355880868","0.575","1.0","0.7607330979588356","0.19162523104828788","0.47904191616766467","0.5755097168756041","0.30640823291955754","0.28440581531403814","0.0"
"0.49156333050714107","10","2","Michigan, Oceana","-86.2673,43.6412","0.5453756938581459","0.0582010582010582","0.4726972209489781","0.7281","0.5","0.5192862589944978","0.4012993973617654","0.3592814371257485","0.6189409155096902","0.3667154530327005","0.49693275236227913","0.5774968645154205"
"0.4914775414534681","10","9","Tennessee, Van Buren","-85.4522,35.6986","0.6847478028551254","0.109947643979058","0.4512162001771964","0.525","0.5","0.4911779531988354","0.2363931524051398","0.3712574850299401","0.6561524538860896","0.4762493767163296","0.6691793176274785","0.0"
"0.49146160107503273","4","2","Louisiana, Madison","-91.2397,32.3692","0.2057453297895459","0.00112359550561798","0.5064099948546424","0.9917","0.75","0.3163258823370422","0.6413983434944922","0.39520958083832336","0.47245716285929296","0.6642670427925146","0.6579791494257246","0.4651954692184066"
"0.49138553041963084","9","3","Illinois, Whiteside","-89.9156,41.7551","0.7194417358270214","0.2336860670194","0.58253533892891","0.2439","0.75","0.48583792883850596","0.31943222849924163","0.49101796407185627","0.6170727822364962","0.31545033616919127","0.19397314997145976","0.4553040569049425"
"0.4912652667617901","9","10","Iowa, Harrison","-95.8156,41.6833","0.8821279477912799","0.426258992805755","0.5579557975079932","0.135","0.675","0.5124529061342115","0.17153676357114375","0.3532934131736527","0.6017807168377609","0.39032806222649635","0.07785314102363024","0.4943313363328183"
"0.49123424092817347","7","7","North Dakota, Burleigh","-100.4645,46.9785","0.8684357966403955","0.262561666362141","0.6069789000307734","0.7227","0.675","0.10985976568982879","0.5677307046055521","0.155688622754491","0.5166605513962695","0.2605459946151225","0.04403826638347215","0.35770976268920085"
"0.49120152569662817","10","3","Florida, Sarasota","-82.3317,27.1855","0.5772938644607738","0.0750554323725055","0.7007285296133628","0.4269","1.0","0.4454391386730797","0.3860817556237868","0.2874251497005988","0.8317403148642885","0.21270946896603057","0.16810510574922266","0.40025446135859066"
"0.4911481919367052","9","3","Indiana, Dearborn","-84.9733,39.1465","0.6892785479441591","0.207317073170732","0.6082628349036129","0.1226","1.0","0.5484650550776322","0.17632949330704908","0.5269461077844312","0.5472454870957077","0.3631140682602849","0.17259694521489144","0.49387500223888436"
"0.49109477511938304","10","6","California, Orange","-117.7646,33.7015","0.47138736628466305","0.0391784483364986","0.8350019379227094","0.5683","1.0","0.6302607543856039","0.403880422408021","0.4550898203592814","0.4833394486037307","0.08936935715260824","0.24513346714706546","0.46050368226672084"
"0.49108772883613133","9","3","Kansas, Harvey","-97.4275,38.0429","0.6686194330720885","0.228690228690229","0.5379330458985297","0.3279","0.75","0.6813178638986801","0.39977794423644475","0.3712574850299401","0.595880459448231","0.2962083597446273","0.1974464289888359","0.3899626523620333"
"0.49106358494407776","10","2","Louisiana, St. Martin","-91.614,30.1311","0.46611660320207804","0.0166512488436633","0.5576258484609803","0.5053","0.75","0.3163258823370422","0.6398716917353167","0.39520958083832336","0.4886637078344629","0.48707166053543577","0.5286469217734676","0.5919247717178316"
"0.49101932221638256","5","10","Kansas, Gove","-100.4829,38.9159","1.0","0.736486486486487","0.37859872528009947","0.0589","0.5","0.6813178638986801","0.0699755918025763","0.23353293413173656","0.7266232409599707","0.3178745889634906","0.22318112778258667","0.15898842328479468"
"0.4909610373906761","9","9","Michigan, Oscoda","-84.1294,44.6819","0.6316982530416946","0.384615384615385","0.4665064889461896","0.4976","0.5","0.5192862589944978","0.2804261066333252","0.2634730538922156","0.7280164829849926","0.5149002860826399","0.5952509649376614","0.0"
"0.49091544001903853","9","10","Michigan, Dickinson","-87.8696,46.01","0.8042341460959511","0.524774774774775","0.5759418521134363","0.3824","0.575","0.5192862589944978","0.2864322194565949","0.23952095808383234","0.6441567395133083","0.2926663067346732","0.1578385977729012","0.3804546298829442"
"0.49078524273826546","9","7","Iowa, Jones","-91.1314,42.1212","0.705906102017934","0.2225","0.5921028590888587","0.5033","0.575","0.5124529061342115","0.36064538675909324","0.4191616766467066","0.6114115319998742","0.2915805022580103","0.11442624344612065","0.5574383457012181"
"0.4907011212966574","9","3","Virginia, Roanoke","-80.064,37.2687","0.6696896595752211","0.241871530531324","0.647297606567296","0.2416","1.0","0.7697111946822568","0.38240409613515497","0.3053892215568862","0.626321192473144","0.29201045103368584","0.07387033955607965","0.0"
"0.4906985487343362","9","10","Nevada, Lincoln","-114.879,37.6427","0.7305478097453192","0.794117647058823","0.33737014213132843","0.3327","0.5","0.5897697212390978","0.5166378229496568","0.09580838323353291","0.6822026570079781","0.2517317583643041","0.40482303511393286","0.3985199824933251"
"0.49068525225694265","9","7","Minnesota, Cass","-94.326,46.9504","0.6631719454984054","0.299342105263158","0.46857278571320177","0.3158","0.675","0.42209023252660954","0.5154059567235646","0.21556886227544908","0.6991111644276193","0.36732248017000135","0.25521600445502113","0.783754501085446"
"0.4906633269568943","9","3","Ohio, Warren","-84.1656,39.4258","0.6542490109322969","0.169844902110348","0.637793514594713","0.1331","1.0","0.7247088387345686","0.32830842246553404","0.562874251497006","0.4752076683887773","0.26038633208026446","0.029336963171106897","0.522061235286587"
"0.49060561009621445","10","6","Massachusetts, Essex","-70.9469,42.6688","0.6063099249442361","0.069035265148184","0.714390212086876","0.8045","1.0","0.18489378053159447","0.4575520194434646","0.2874251497005988","0.542700408721451","0.19051178337901814","0.14820611642521378","0.5041964219595644"
"0.4904621684151138","9","3","Ohio, Defiance","-84.4908,41.324","0.580353624686013","0.14187643020595","0.4827449420325063","0.1996","1.0","0.7247088387345686","0.31891420477313975","0.5508982035928144","0.5712984652022484","0.36662260412548264","0.17366189194757115","0.44101135592517"
"0.49025608854593744","9","3","Ohio, Logan","-83.7678,40.39","0.555928902189751","0.155612244897959","0.5678177696477018","0.3346","0.825","0.7247088387345686","0.30718847415105444","0.5209580838323353","0.558371441896005","0.3674607225136771","0.2295124317058853","0.44990993283926606"
"0.49022664317823145","10","9","Nebraska, Colfax","-97.0869,41.5749","0.7466922188317686","0.0740740740740741","0.49653797202783867","0.3139","0.5","0.603814206971114","0.5927769170831088","0.33532934131736525","0.4407808887294848","0.2482947725531784","0.461600937220948","0.4620608394167914"
"0.49004696085572197","9","3","Tennessee, Sumner","-86.4592,36.4682","0.6464663963763132","0.0913348946135831","0.6408598734014136","0.1815","1.0","0.4911779531988354","0.4588740390329043","0.4670658682634731","0.5166605513962695","0.3110497087454697","0.17141597221473678","0.4502992123916963"
"0.4900445550311062","9","9","Alabama, Coosa","-86.2485,32.9369","0.5772965555269828","0.086734693877551","0.460369687452182","0.2913","0.5","0.5802035115828437","0.6268112722785292","0.47904191616766467","0.6510586369018438","0.593715841503108","0.4564473362464243","0.0"
"0.4900278875467803","10","7","Florida, Wakulla","-84.399,30.1655","0.6465557980826009","0.0706260032102729","0.5073117980181164","0.5833","0.75","0.4454391386730797","0.5654275536613738","0.40119760479041916","0.4833394486037307","0.3960039260629035","0.34162662771349167","0.0"
"0.49000031089415824","9","3","West Virginia, Jefferson","-77.8601,39.3078","0.5446140169384037","0.134357005758157","0.5830124354340378","0.2849","1.0","0.590915881821042","0.4238054512395311","0.39520958083832336","0.5142005305328247","0.3601104436105803","0.2111542421468202","0.6659635506574635"
"0.4899703185827577","9","9","West Virginia, Roane","-81.3524,38.7162","0.6167840117481147","0.348837209302326","0.4476359761635807","0.398","0.5","0.590915881821042","0.11302869870556807","0.407185628742515","0.6299572389493907","0.5712518966519279","0.5580026574617547","0.3845447395344852"
"0.48989849396061386","10","6","California, Santa Cruz","-122.0067,37.0558","0.47745041473767474","0.0749440715883669","0.7045887159516678","0.9035","0.825","0.6302607543856039","0.40978525491565704","0.2694610778443114","0.5117241638959221","0.10002110152534388","0.27255672358292027","0.5314706195357516"
"0.4895721103967872","10","7","Minnesota, Mower","-92.7523,43.6714","0.6373340508512366","0.0686607749830048","0.5753993577124488","0.7116","0.675","0.42209023252660954","0.4392641282372322","0.3053892215568862","0.5858342498966352","0.28463806849729634","0.2546897684089056","0.47616167700846457"
"0.48956708041211144","9","3","Iowa, Cerro Gordo","-93.2612,43.0818","0.6447386415118771","0.0932896890343699","0.6718494844152146","0.4454","1.0","0.5124529061342115","0.31175512285658374","0.33532934131736525","0.6299572389493907","0.31727470633700394","0.11637592074655033","0.2414046721963907"
"0.4894691328524683","9","3","Michigan, St. Clair","-82.6794,42.9266","0.5551510751055526","0.166536356528538","0.6242398139303268","0.2289","1.0","0.5192862589944978","0.38160252232132724","0.47904191616766467","0.5734100391661536","0.3542049772578589","0.2606577332900072","0.45175006699973513"
"0.48942344542876876","9","3","Florida, Nassau","-81.803,30.6104","0.5981382682748944","0.0683176771989752","0.5386232159088872","0.3031","1.0","0.4454391386730797","0.45328556856611857","0.3532934131736527","0.6353456481032828","0.3581825833193187","0.19008711780214763","0.6218637460527969"
"0.48941803326953404","10","7","Minnesota, Winona","-91.7808,43.9877","0.6825372423533087","0.155955441302485","0.5876687109624378","0.7743","0.675","0.42209023252660954","0.3375701709421877","0.33532934131736525","0.5357771420024626","0.24250284638445185","0.18194953438707306","0.48243322162414704"
"0.489364864900329","9","3","Missouri, Clay","-94.4185,39.3113","0.5977857321806924","0.199130434782609","0.6951957083760775","0.1442","1.0","0.6898109656793697","0.49142521594960087","0.4191616766467066","0.47245716285929296","0.30170219019478756","0.10283681801715953","0.41248305137616187"
"0.4892139446040787","10","3","Virginia, Albemarle","-78.5548,38.0208","0.5237579546141843","0.0769230769230769","0.6284122638159314","0.518","1.0","0.7697111946822568","0.47510210999422153","0.32934131736526945","0.5648909983668218","0.1383822452083949","0.09084868854589415","0.5052581291503895"
"0.4889896159580595","7","5","Nevada, Lander","-117.0397,39.9332","0.6270809411360192","0.144444444444444","0.4014358734236481","0.9083","0.5","0.5897697212390978","0.49581708755995385","0.10778443113772454","0.4939129750014257","0.42084615107344914","0.3760477941020627","0.35706318175222174"
"0.4889672710512131","9","7","Illinois, White","-88.1766,38.0871","0.6800479300187021","0.20253164556962","0.5460045564439402","0.5817","0.75","0.48583792883850596","0.21035737353198528","0.5149700598802395","0.6458942336050534","0.265073411364635","0.3108676766442393","0.0"
"0.48884922215525667","9","3","Indiana, Jennings","-85.6271,38.9959","0.5366964159232974","0.0886426592797784","0.5736573939135137","0.3734","0.75","0.5484650550776322","0.2009294340965045","0.4970059880239522","0.5287228277828","0.5607540178308266","0.37935430049907043","0.624527780536553"
"0.4888406645856211","9","10","Indiana, Fountain","-87.2422,40.1236","0.7914880046067415","0.496350364963504","0.4888718422811351","0.0818","0.75","0.5484650550776322","0.19428854199459172","0.48502994011976047","0.6056629582719985","0.4194375872224275","0.31005718835411167","0.0"
"0.48872520831288274","9","7","Nebraska, Merrick","-98.0375,41.1662","0.7012338678064369","0.264462809917355","0.4843502187839672","0.5587","0.675","0.603814206971114","0.2441145374639515","0.29940119760479045","0.6151952376728468","0.37738004901294564","0.14206556549906857","0.4474560328551601"
"0.48861243133458365","10","6","New Jersey, Bergen","-74.0716,40.9601","0.52659588069521","0.0422950543432471","0.8091889365058983","0.5616","1.0","0.5465970409188426","0.4435724961898505","0.4131736526946108","0.5517358041566147","0.12455235848085985","0.10395832452740794","0.4312790985971235"
"0.48856334522408895","9","3","Ohio, Darke","-84.6195,40.1341","0.686837982192471","0.174632352941176","0.5323223248156057","0.0837","0.825","0.7247088387345686","0.17346224807466912","0.5508982035928144","0.5978576089534523","0.3640986220205561","0.21180413458029676","0.4775574051547685"
"0.48848536980818136","10","2","Pennsylvania, Clinton","-77.6379,41.2326","0.4504077353956429","0.0970464135021097","0.5256395885806007","0.7287","0.75","0.7607330979588356","0.22737008033378503","0.40119760479041916","0.579673914473061","0.3439037251797935","0.3969859330867554","0.43464126591770896"
"0.4884086968213887","9","9","Illinois, Richland","-88.0848,38.7124","0.6815117823951514","0.177215189873418","0.5251736493803733","0.3454","0.75","0.48583792883850596","0.23145338057993517","0.5209580838323353","0.6151952376728468","0.3388269512988257","0.3249991431254255","0.3497545692290462"
"0.4883953793219906","9","3","Indiana, Morgan","-86.4457,39.479","0.6070210611055691","0.152008686210641","0.6091320230917564","0.2149","1.0","0.5484650550776322","0.1822904751383304","0.5269461077844312","0.5334405085950897","0.3963492337402887","0.28429705582740716","0.4311295728014048"
"0.4883864506471264","9","3","Iowa, Henry","-91.5444,40.9877","0.7640588691916725","0.13903192584964","0.5517925273388423","0.2528","0.825","0.5124529061342115","0.35580861018062915","0.43712574850299407","0.5817386943120182","0.2816507024611538","0.16935753542767612","0.31488154565510584"
"0.48837373921956095","9","10","South Dakota, Lincoln","-96.7204,43.2784","0.8223478075395564","0.285123966942149","0.5266045048346278","0.0646","0.825","0.7704699034685317","0.3609675733435101","0.3173652694610779","0.4159255598121659","0.21092190305022973","0.028629542055949128","0.7715119637969077"
"0.48835068817569616","9","3","Kentucky, Anderson","-84.9917,38.0067","0.6063019311704104","0.201793721973094","0.5586180660628384","0.0564","1.0","0.7986013047908057","0.2891082805607467","0.4730538922155689","0.5117241638959221","0.4700561424967865","0.3301700632609606","0.0"
"0.48831607392535265","9","10","Montana, Flathead","-114.0521,48.2958","0.8246960503811158","0.442207007652034","0.5377802680074703","0.3098","0.575","0.6163905315403087","0.26118286763557746","0.3532934131736527","0.5837920978957992","0.19268196502486867","0.15920257253730916","0.4639671569462322"
"0.48831558649388895","9","9","Georgia, Oglethorpe","-83.0828,33.8786","0.659189251075374","0.115089514066496","0.477346624888509","0.2012","0.5","0.7922333288990623","0.5294369528806652","0.4730538922155689","0.5817386943120182","0.35483180982323403","0.48858564343287086","0.0"
"0.48829132660419716","9","10","Texas, Baylor","-99.2135,33.6164","0.7522844011032307","0.523809523809524","0.45710848941182713","0.0293","0.5","0.8066953714640763","0.4252730208986442","0.2874251497005988","0.6915204375207985","0.32419636311770617","0.31852928591403573","0.24195539972387775"
"0.48825683080411575","9","10","Kansas, Brown","-95.5642,39.8265","0.7173769512492564","0.236842105263158","0.47581802923760147","0.1232","0.5","0.6813178638986801","0.5823510994259233","0.38323353293413176","0.6037268925796017","0.4262052154222","0.23496179066075754","0.3610650602756638"
"0.488131211878319","9","3","West Virginia, Marshall","-80.6659,39.8606","0.6038957834959278","0.244897959183673","0.5794368105593147","0.2385","0.75","0.590915881821042","0.19457345419793615","0.4730538922155689","0.6335581539925471","0.49256252276048973","0.3006825566133702","0.43233687597412546"
"0.4881092902504876","10","2","Oregon, Tillamook","-123.7121,45.4625","0.44265936016335","0.217391304347826","0.5363922339142149","0.8612","0.675","0.7438233614458837","0.3415950236906033","0.2035928143712575","0.6930510015104033","0.2633259937446067","0.2814372142262738","0.5732088652911262"
"0.4881033389754215","9","9","Idaho, Fremont","-111.481,44.228","0.766104334225873","0.254957507082153","0.4758511206068997","0.3983","0.675","0.771056031651189","0.2508004879412296","0.22155688622754494","0.5472454870957077","0.2563546894301484","0.4623874451342907","0.0"
"0.48810096623609067","9","3","Virginia, Bedford","-79.5282,37.308","0.6450458680365796","0.200189753320683","0.5405613005990988","0.1194","1.0","0.7697111946822568","0.43921849530264695","0.3712574850299401","0.626321192473144","0.36403389203392233","0.15804897107833338","0.0"
"0.48800945614948094","9","3","Illinois, Wabash","-87.8492,38.4427","0.6715961072706693","0.187192118226601","0.5676883310180458","0.3209","0.75","0.48583792883850596","0.2203733939070532","0.5269461077844312","0.6151952376728468","0.32660125711216237","0.2792838248361856","0.46941158681861633"
"0.4879877968432528","9","9","Kentucky, Lewis","-83.3774,38.5318","0.6232044190795285","0.114942528735632","0.4713607681984644","0.3986","0.5","0.7986013047908057","0.14549465444010518","0.4191616766467066","0.5734100391661536","0.6176817877466885","0.560054917485098","0.0"
"0.48794859685174574","4","2","Georgia, Marion","-84.5273,32.3483","0.33285274632836237","0.0102564102564103","0.47110642020295124","0.5938","0.5","0.7922333288990623","0.6760937517317225","0.47904191616766467","0.624489779413553","0.5088372789998867","0.61649491428287","0.0"
"0.4879179711458468","10","2","California, Siskiyou","-122.5407,41.592","0.3954956198659952","0.0923913043478261","0.4831126485830568","0.6676","0.675","0.6302607543856039","0.5351671503822775","0.39520958083832336","0.6868906660868291","0.34906510839384997","0.3799289817508122","0.5236100941268601"
"0.48779764090320676","9","10","Nebraska, Polk","-97.5663,41.1881","0.878420593393505","0.5","0.45014351809727066","0.2464","0.5","0.603814206971114","0.141298272637974","0.311377245508982","0.6388951207196634","0.3183514392845717","0.22720752993520096","0.42786338930308976"
"0.4877449323228594","9","9","Idaho, Payette","-116.7648,44.0055","0.7384830707893012","0.121722846441948","0.5732442196664783","0.3196","0.5","0.771056031651189","0.3132062124764909","0.3712574850299401","0.5648909983668218","0.3395027684254881","0.4369848382251082","0.0"
"0.4877377367512112","4","2","Virginia, Essex","-76.9423,37.9336","0.41664813893735764","0.0265957446808511","0.5496737188209861","0.3044","0.75","0.7697111946822568","0.6857047965918605","0.32934131736526945","0.6476236650502001","0.45957630820897283","0.37533940408279237","0.3408661698079624"
"0.4876925599954715","9","3","New Jersey, Burlington","-74.6693,39.8768","0.5374003986914042","0.0663258785942492","0.6849177892302857","0.3193","1.0","0.5465970409188426","0.5160614465928549","0.502994011976048","0.542700408721451","0.2563629947050425","0.10036138912267066","0.5003959653011268"
"0.4876654981201632","9","10","Nebraska, Gage","-96.6895,40.2619","0.75895856588707","0.318807339449541","0.5022866776032973","0.1264","0.75","0.603814206971114","0.2872822775713","0.3532934131736527","0.626321192473144","0.3557336378420567","0.16086569644645937","0.546043079957141"
"0.48765994210888575","9","9","Tennessee, Fayette","-89.414,35.1962","0.7381379960671541","0.148172757475083","0.5320523912203002","0.0885","0.75","0.4911779531988354","0.5743668467477706","0.4191616766467066","0.6189409155096902","0.3760674778187979","0.3260506463135439","0.0"
"0.4875692139385012","9","9","Virginia, Westmoreland","-76.8021,38.1102","0.6655822338918075","0.168168168168168","0.5326060802599198","0.0761","0.5","0.7697111946822568","0.6411191890622568","0.34131736526946105","0.6884403224054082","0.420363725969277","0.37691762776908255","0.0"
"0.4875096416004466","9","2","Kentucky, Bath","-83.7459,38.1474","0.5023141617801287","0.106796116504854","0.4688914524584307","0.4699","0.75","0.7986013047908057","0.2546436937616744","0.4191616766467066","0.5380992168517501","0.5461953008510443","0.5391944119424213","0.0"
"0.4874870135940264","9","3","Illinois, Ogle","-89.3218,42.0417","0.7119859014916835","0.222330097087379","0.5644914092045858","0.1936","0.75","0.48583792883850596","0.26939329443250815","0.5089820359281437","0.5755097168756041","0.3038797711236577","0.19700121754913044","0.7075249874005902"
"0.48748401798662916","7","7","North Dakota, McKenzie","-103.3959,47.7413","0.8276670687558175","0.352941176470588","0.5033463275799971","0.7717","0.575","0.10985976568982879","0.6102015845927059","0.1377245508982036","0.3213436387749264","0.3207065167056007","0.2505765282252063","0.49490610448311784"
"0.48732167303260016","10","3","Missouri, Warren","-91.1612,38.7653","0.6189388155495316","0.133333333333333","0.5651551481991122","0.3181","0.825","0.6898109656793697","0.38179826634001857","0.44910179640718567","0.5648909983668218","0.3686687522075158","0.31498128016698096","0.0"
"0.4872102794149907","7","7","North Dakota, Stutsman","-98.9564,46.9796","0.771451897070476","0.215317919075144","0.5157441481133713","0.8134","0.675","0.10985976568982879","0.45579178414706617","0.14970059880239522","0.5858342498966352","0.3172534507634995","0.15990999365246694","0.5426915988167195"
"0.48709043068602725","9","3","Missouri, Christian","-93.1854,36.9712","0.7269022003669737","0.211057692307692","0.5804868266700226","0.1248","1.0","0.6898109656793697","0.3040940872438143","0.4131736526946108","0.5117241638959221","0.33188371608834377","0.20987262423197695","0.0"
"0.4868861573580419","9","3","North Carolina, Haywood","-82.982,35.5527","0.511273321895325","0.085383502170767","0.6039376590404155","0.1872","1.0","0.7283659930549282","0.3361548800743136","0.34131736526946105","0.6884403224054082","0.3676557929007785","0.29889626076891507","0.4264672752752155"
"0.48678344079800195","10","5","Colorado, Crowley","-103.7845,38.3261","0.5207211761337885","0.075","0.3737694745169947","0.8478","0.5","0.8662658896035598","0.6915381865933954","0.14371257485029942","0.4555137084840577","0.2870642241259922","0.5798260114662535","0.0"
"0.4867444662888174","9","9","Oklahoma, Alfalfa","-98.3241,36.7309","0.7353448879796666","0.281818181818182","0.33671730484541385","0.1808","0.5","0.9523454485741492","0.6291100622549911","0.3233532934131737","0.5938927650957907","0.3140677433350448","0.2747479002333969","0.0"
"0.48670521034763414","9","3","Georgia, Bryan","-81.44,32.0098","0.621333616784531","0.0674603174603175","0.576034821700645","0.0939","1.0","0.7922333288990623","0.5475428883477861","0.43712574850299407","0.3679909167750092","0.35884796153145215","0.32307526289699184","0.0"
"0.4866093465092442","9","3","West Virginia, Morgan","-78.2631,39.5544","0.6087740618735691","0.36734693877551","0.5296181086585916","0.1337","0.75","0.590915881821042","0.237581607544485","0.3712574850299401","0.6527643232093532","0.543601660582101","0.33673899091785625","0.46166029906101036"
"0.48659710951641827","9","9","New Mexico, Valencia","-106.8104,34.7167","0.6047494064617971","0.19893899204244","0.5666159632550893","0.5492","0.575","0.5871956657568004","0.5261673812049237","0.19760479041916168","0.5494974081927578","0.3699037227908726","0.5499359251599086","0.0"
"0.48651124693827263","10","2","Georgia, Glascock","-82.613,33.2288","0.5178403990669675","0.0697674418604651","0.2494673382387497","0.8628","0.5","0.7922333288990623","0.49451617234503537","0.4550898203592814","0.558371441896005","0.38285628930678145","0.45657147708584167","0.0"
"0.48647792662622347","9","9","Idaho, Owyhee","-116.1694,42.5802","0.6394336826042627","0.0821917808219178","0.4019689838873476","0.3731","0.5","0.771056031651189","0.42349294165900586","0.29940119760479045","0.5691748594129424","0.43051786282023474","0.6725821088706684","0.0"
"0.4864558036596507","9","7","Wisconsin, Marinette","-88.0332,45.3855","0.7809562327942876","0.21160409556314","0.5326590263600092","0.4202","0.675","0.38022621028167947","0.2784397775514364","0.3053892215568862","0.6644904259777605","0.276293341949695","0.22644027899109467","0.5267332666195667"
"0.4864016356966242","4","2","Texas, Starr","-98.7389,26.5615","0.40011449932754595","0.00747771067011792","0.5900998575797558","0.553","0.675","0.8066953714640763","0.07718723557602819","0.33532934131736525","0.40284731239848715","0.38205897493757834","0.9531814632656356","0.6011915720299034"
"0.4863183468399534","9","3","West Virginia, Jackson","-81.6815,38.8426","0.6063040328348225","0.163793103448276","0.504938767089371","0.2821","0.75","0.590915881821042","0.18917898637847522","0.43712574850299407","0.6095051758860066","0.5025400584027739","0.32414553860229045","0.5817450900105402"
"0.48627100301413684","9","9","Arkansas, Pike","-93.6579,34.1625","0.5778042968013913","0.0669291338582677","0.49669174133226607","0.4572","0.675","0.610486779204959","0.4792134514411852","0.407185628742515","0.6207997313712245","0.409803703268498","0.4440311933834507","0.0"
"0.48617445863450565","9","7","South Dakota, Meade","-102.7163,44.5668","0.7455843852526147","0.208333333333333","0.4586986053751496","0.3766","0.675","0.7704699034685317","0.5175428746382835","0.14970059880239522","0.4886637078344629","0.26229104801687103","0.12010559601470362","0.5799615379654403"
"0.48614449234088175","10","2","Oregon, Benton","-123.4317,44.4917","0.4764885994552006","0.161057692307692","0.6150611187919635","0.8886","0.75","0.7438233614458837","0.3454786510793323","0.3173652694610779","0.5142005305328247","0.14155380500787756","0.2422199724807009","0.49350620133902784"
"0.48612167956773883","9","2","Virginia, Patrick","-80.2866,36.6802","0.5199949414710707","0.0598006644518272","0.486731699919135","0.4798","0.575","0.7697111946822568","0.45460096770952435","0.3652694610778443","0.7080205562076126","0.37841444155142967","0.5290849875453433","0.0"
"0.4861183695493496","9","10","Montana, Musselshell","-108.395,46.4968","0.7586183642987959","0.447761194029851","0.43606200699121134","0.3066","0.5","0.6163905315403087","0.39437448561081473","0.1317365269461078","0.6915204375207985","0.27405160595966327","0.42671736134467425","0.3572003113827552"
"0.48606594427638505","7","7","Wisconsin, Richland","-90.4301,43.3763","0.7962871493927158","0.397877984084881","0.525400947375458","0.4467","0.5","0.38022621028167947","0.256293850102486","0.34730538922155696","0.6441567395133083","0.2808975575100716","0.24527868165093025","0.5198161245501833"
"0.48605529857685176","9","3","Missouri, Ray","-93.9891,39.3537","0.610674773815519","0.201716738197425","0.4712403525310794","0.1901","0.75","0.6898109656793697","0.33727738625191406","0.38323353293413176","0.5712984652022484","0.44137500012042163","0.35589083405809385","0.5158387835917579"
"0.4860161737546775","7","7","Utah, Grand","-109.5704,38.981","0.6966599876600136","0.393939393939394","0.4360740758853518","0.7561","0.5","0.4487874423273804","0.4606749120706083","0.14371257485029942","0.5494974081927578","0.21944332610720396","0.37415358656207515","0.4962783596361214"
"0.48587551353502","9","9","Kentucky, Garrard","-84.5329,37.6389","0.6807134146649569","0.254098360655738","0.5338291327550867","0.148","0.5","0.7986013047908057","0.30433330751638304","0.44311377245508987","0.5670390838965326","0.505627436834962","0.4440671639486282","0.0"
"0.4858624111525401","9","3","Ohio, Union","-83.3724,40.3002","0.619315830522035","0.176388888888889","0.5711446989361416","0.291","1.0","0.7247088387345686","0.3139652376953453","0.5269461077844312","0.41912465076501093","0.3005578160005456","0.03890283236105825","0.5008918727602362"
"0.48586065846946147","9","1","Texas, Rains","-95.7923,32.8711","0.4635043303512807","0.1","0.5197401853353165","0.2964","0.75","0.8066953714640763","0.4485267791418987","0.4191616766467066","0.6960934005090119","0.4601501305953146","0.46772986129774285","0.0"
"0.4858401312786421","7","7","Kansas, Scott","-100.9067,38.4822","0.7954544598353273","0.281879194630872","0.510964766054716","0.4527","0.5","0.6813178638986801","0.3270226655080266","0.23952095808383234","0.542700408721451","0.3365951022782864","0.17082457736705398","0.36355910433444905"
"0.4857903033993676","9","10","Kansas, Russell","-98.7625,38.9146","0.762754158483533","0.298701298701299","0.4468588743414773","0.1315","0.575","0.6813178638986801","0.3928809319142439","0.2694610778443114","0.6899835619092616","0.3639451314004286","0.29981550854567374","0.3307595941570733"
"0.48572284165120466","9","7","Wisconsin, Portage","-89.5015,44.4756","0.7595776599942228","0.212051517939282","0.6060602562566149","0.5788","0.75","0.38022621028167947","0.27303759712435866","0.33532934131736525","0.526341402378779","0.2233650164575646","0.12842109444744065","0.5299693868421141"
"0.4857135326695924","9","3","Ohio, Brown","-83.8679,38.9342","0.5631355193064966","0.173184357541899","0.5361577703502075","0.3671","0.825","0.7247088387345686","0.24451725782196643","0.47904191616766467","0.5670390838965326","0.4538662706771581","0.3795570436846164","0.0"
"0.4856440605523328","10","6","New York, Monroe","-77.6932,43.1464","0.46676818845401236","0.0746980766363501","0.7848959209038128","0.6574","1.0","0.30357014148943134","0.5236374989312302","0.3532934131736527","0.542700408721451","0.26339652712055056","0.21397096751494624","0.44683273919176175"
"0.48558760177373217","9","3","Ohio, Morrow","-82.7893,40.5236","0.5683932772309479","0.161490683229814","0.5374285493483772","0.3569","0.75","0.7247088387345686","0.16229085553600062","0.4970059880239522","0.5380992168517501","0.45437035026142863","0.23612835121223832","0.6223686750221186"
"0.4855481025288729","9","9","Tennessee, Meigs","-84.8148,35.5156","0.7014277454365255","0.175862068965517","0.5061516788965513","0.2299","0.5","0.4911779531988354","0.3817715196426728","0.43113772455089816","0.6299572389493907","0.5172304143486153","0.540524353949877","0.0"
"0.4855443596323991","9","3","Florida, Flagler","-81.3151,29.4593","0.5707333877891391","0.08640081799591","0.62605501267524","0.1019","1.0","0.4454391386730797","0.48413881837148043","0.2694610778443114","0.7637905642871493","0.30417912245819884","0.3143135841204368","0.5799865970085776"
"0.48549945867945293","9","3","Kentucky, Boone","-84.7262,38.9707","0.5847090063484307","0.116561181434599","0.6887609945227205","0.0977","1.0","0.7986013047908057","0.3246687963927809","0.5389221556886228","0.4437744133187831","0.3515678381159411","0.06694049511726828","0.4755082579157242"
"0.48546947125470075","9","7","Iowa, Allamakee","-91.3786,43.2838","0.6888255257217033","0.161490683229814","0.5853470653699031","0.5333","0.5","0.5124529061342115","0.37207183215848816","0.3532934131736527","0.6510586369018438","0.31187278390618617","0.20032928206264183","0.49166663011533296"
"0.4854227135231338","9","1","Arkansas, Stone","-92.1568,35.8625","0.5499844211996123","0.0411311053984576","0.46520423709165803","0.192","0.675","0.610486779204959","0.25414271444133646","0.39520958083832336","0.7224119892866149","0.5646554260967497","0.5537720587674256","0.4787490552276922"
"0.48539137362175644","9","10","South Dakota, Spink","-98.3463,44.9384","0.819321324506945","0.304545454545455","0.4159159825197968","0.2767","0.5","0.7704699034685317","0.40192910089586786","0.17365269461077848","0.6226493223021841","0.4108175705392375","0.09548089799486505","0.39840131880120866"
"0.4853534154290484","9","3","Arkansas, Cleburne","-92.0264,35.5386","0.652749311748088","0.164733178654292","0.4656279957750562","0.0895","0.75","0.610486779204959","0.2319823069599034","0.4251497005988024","0.7238210337160854","0.4174870424832577","0.3563639014910344","0.5645181278732821"
"0.4853322812107363","9","3","Indiana, Jasper","-87.1155,41.0208","0.6741628761546807","0.212121212121212","0.5284206163435419","0.2241","0.75","0.5484650550776322","0.2323494577750364","0.5389221556886228","0.5561726637917245","0.4060112432816675","0.22819968774642715","0.525089677964486"
"0.4851823583274316","7","7","Wisconsin, Vernon","-90.8325,43.5942","0.709687296898197","0.321513002364066","0.5339406154458047","0.696","0.5","0.38022621028167947","0.17193518571594024","0.34131736526946105","0.5918944128138512","0.3047066195601227","0.35735690709335916","0.5048548389703028"
"0.4850744616102602","9","3","Maryland, Anne Arundel","-76.6033,39.0067","0.573724154696542","0.0789169995561474","0.7376572988009381","0.3645","1.0","0.4028734589185817","0.5443654864260009","0.4550898203592814","0.4886637078344629","0.2544910429274643","0.0692731317681737","0.5454958731478402"
"0.4849519996667697","9","3","Colorado, Weld","-104.393,40.555","0.561994561797792","0.0821587537091988","0.5930528385559994","0.5279","0.75","0.8662658896035598","0.412827466304871","0.33532934131736525","0.4159255598121659","0.2143370520883555","0.22448624162215866","0.5514196503621324"
"0.4849351051137184","10","2","New York, Orleans","-78.232,43.2517","0.4548994673649716","0.069060773480663","0.6123705343666613","0.8539","0.675","0.30357014148943134","0.500157329468769","0.3592814371257485","0.5561726637917245","0.4195704814163418","0.3250432282625454","0.5696878856949968"
"0.4849210788475289","9","3","Ohio, Van Wert","-84.5911,40.8554","0.6437116888842253","0.348837209302326","0.4687863661279875","0.0369","0.825","0.7247088387345686","0.2330267292071399","0.562874251497006","0.5817386943120182","0.45694763271466","0.1887135751096285","0.3982391420587513"
"0.4847895577450783","10","2","Texas, Lee","-96.9705,30.3112","0.35832406420018975","0.0212765957446809","0.5351037459894279","0.6488","0.75","0.8066953714640763","0.5873510851564938","0.40119760479041916","0.5858342498966352","0.4245154891527814","0.4139234669908297","0.0"
"0.4847669057214052","9","3","Virginia, Virginia Beach City","-76.0457,36.7329","0.5253742397062127","0.0634204590685949","0.7443734600514123","0.2308","1.0","0.7697111946822568","0.5585381942668363","0.311377245508982","0.46408171358848016","0.23423828786088688","0.11784247823387188","0.5669558370500178"
"0.48465583539276264","9","3","Iowa, Clinton","-90.5328,41.8998","0.667250427293369","0.110119047619048","0.6416956930603424","0.3219","0.75","0.5124529061342115","0.3669302971171978","0.44311377245508987","0.6017807168377609","0.3461487125319013","0.1759739393860854","0.35003262568799265"
"0.4846522954918985","9","7","Wisconsin, Sawyer","-91.145,45.8793","0.7134580573436172","0.234375","0.46209971193143434","0.3569","0.5","0.38022621028167947","0.5807042514000821","0.21556886227544908","0.6991111644276193","0.42149465005094094","0.2845438841500731","0.5133446315448212"
"0.48463489435855844","9","3","Pennsylvania, Franklin","-77.7216,39.9296","0.5109115490589823","0.074167507568113","0.6087189349609184","0.2579","0.825","0.7607330979588356","0.3636131939827351","0.44311377245508987","0.595880459448231","0.37828366215256753","0.26960338273492807","0.48145409871432443"
"0.48458634532306044","10","6","New York, Dutchess","-73.7436,41.7649","0.4298855065682167","0.0279654654654655","0.7079435347502657","0.9293","1.0","0.30357014148943134","0.5029818132081321","0.37724550898203596","0.5494974081927578","0.23281449623689102","0.15376714157905452","0.4230255458928235"
"0.48451652224255926","9","3","Michigan, Midland","-84.388,43.6433","0.5894242899399736","0.18125","0.6167199385676556","0.3999","1.0","0.5192862589944978","0.32100889468404914","0.38323353293413176","0.5712984652022484","0.3447559597600102","0.13445518703422205","0.40322513201048116"
"0.4844710298948134","9","3","Missouri, Platte","-94.7707,39.3815","0.5777767503915479","0.181616832779623","0.6607404399457016","0.1254","1.0","0.6898109656793697","0.48447167353707493","0.43113772455089816","0.4833394486037307","0.3065539649628673","0.05314451168504415","0.572077704703599"
"0.4844597642467848","10","6","California, Ventura","-119.0911,34.4447","0.48358960950246277","0.0480988453335295","0.7134192334013707","0.5508","0.825","0.6302607543856039","0.4664623555744505","0.49101796407185627","0.5016507991249867","0.12664407399710187","0.270377416007822","0.4941820201973943"
"0.4844365547709156","10","2","New York, Sullivan","-74.7639,41.7158","0.48792107219322745","0.0358208955223881","0.5827406595893083","0.8962","0.675","0.30357014148943134","0.5244578221344415","0.3233532934131737","0.579673914473061","0.34293576255155805","0.35717390532910587","0.4652766148242058"
"0.4844298660088367","9","2","Washington, Skagit","-121.7661,48.4817","0.4430335323662683","0.06","0.6052282766963063","0.6234","0.675","0.9576955189784127","0.42684624067530524","0.2694610778443114","0.613308186513927","0.24461303853916203","0.24884594436722146","0.5067824211602842"
"0.48433539940339393","10","9","Missouri, Howard","-92.6976,39.1436","0.6884551493189119","0.168141592920354","0.505036412368134","0.4101","0.5","0.6898109656793697","0.4788582822508518","0.38922155688622756","0.579673914473061","0.3522774038175812","0.34400528730974206","0.0"
"0.48432010687787075","9","3","Texas, Collin","-96.5726,33.1882","0.5575656499149431","0.0808289543602763","0.7218721432420473","0.1713","1.0","0.8066953714640763","0.5376952607365821","0.4730538922155689","0.37522787829441234","0.1762603018450373","0.11423972940445946","0.4866563136074086"
"0.48420410064608504","9","3","North Carolina, Dare","-75.7177,35.6652","0.5556953368154433","0.145833333333333","0.5975069860139158","0.1885","1.0","0.7283659930549282","0.3825895502433977","0.311377245508982","0.6207997313712245","0.24131172656726274","0.20349771962361465","0.6328945939749261"
"0.484183453820137","9","1","Washington, Stevens","-117.8543,48.4004","0.5079605195581237","0.177966101694915","0.48418325296323006","0.3168","0.575","0.9576955189784127","0.4566176400685194","0.3592814371257485","0.6527643232093532","0.2871440695678684","0.3639800933805561","0.4798849754305151"
"0.4841761228634074","9","9","Kentucky, Henry","-85.1159,38.4494","0.5891184653661387","0.120171673819742","0.5195638726469295","0.2391","0.75","0.7986013047908057","0.35681286354266595","0.49101796407185627","0.5449798764246452","0.36338008247184406","0.45586357151862766","0.0"
"0.4841481539365109","7","7","Montana, Fergus","-109.2245,47.2633","0.7908813115268529","0.56441717791411","0.4576828262210036","0.7291","0.32499999999999996","0.6163905315403087","0.2673483826731557","0.10778443113772454","0.6661358670949733","0.2926494820724878","0.17703404159820252","0.30662898818868667"
"0.4841248377066628","9","1","Montana, Mineral","-115.0015,47.1528","0.5801423264008879","0.538461538461538","0.4540346853054855","0.4008","0.5","0.6163905315403087","0.3457909519361766","0.32934131736526945","0.7443413616038496","0.33735099405785757","0.42993521301538584","0.3479776625519251"
"0.4840643171086735","9","3","Colorado, Jefferson","-105.2518,39.5864","0.6013705793599678","0.154715401785714","0.7123243478812845","0.1987","1.0","0.8662658896035598","0.38386244014381915","0.3233532934131737","0.526341402378779","0.12114835831569451","0.05147375765600779","0.5731006503466478"
"0.4840438959684355","9","2","Kentucky, Wolfe","-83.493,37.7394","0.5316594452554365","0.135593220338983","0.4901911518486566","0.5606","0.5","0.7986013047908057","0.16643622283376658","0.38922155688622756","0.5938927650957907","0.5958252865216708","0.5588351883204423","0.0"
"0.48396892965990757","9","10","Illinois, Pike","-90.8877,39.6227","0.7564243363313569","0.397590361445783","0.5017193698282134","0.2563","0.5","0.48583792883850596","0.24533763373044407","0.4550898203592814","0.624489779413553","0.30784052426552894","0.3190882224739489","0.528104640576171"
"0.483963930986053","9","7","Wisconsin, Dunn","-91.8962,44.9456","0.6771381575885023","0.179190751445087","0.5802140573771779","0.6536","0.75","0.38022621028167947","0.27201578563408074","0.2874251497005988","0.5117241638959221","0.34937163419030454","0.16374758061615277","0.6375675718718958"
"0.48374440810652847","9","3","Ohio, Knox","-82.4203,40.3983","0.5023601066232412","0.15625","0.5815606315608364","0.3703","0.825","0.7247088387345686","0.22163258098025343","0.49101796407185627","0.5627304600978258","0.3564031444269155","0.33311371506782755","0.4926249996668409"
"0.4837121981177078","9","7","Michigan, Menominee","-87.5537,45.5804","0.7484195578759475","0.231028667790894","0.5496585602501313","0.4193","0.675","0.5192862589944978","0.41546695658965405","0.29341317365269465","0.6694051144412375","0.3364257772764236","0.1818834066813932","0.0"
"0.4836788939405132","9","3","Pennsylvania, Bedford","-78.49,40.0052","0.5602655303286899","0.203647416413374","0.5403694046834616","0.3053","0.75","0.7607330979588356","0.1563915514785542","0.4550898203592814","0.6510586369018438","0.32919478508535877","0.3140620323902223","0.5625986227408881"
"0.48358644349998575","9","7","Kansas, Ellis","-99.3175,38.9146","0.7584884632577769","0.145326001571092","0.5325209046506785","0.3563","0.825","0.6813178638986801","0.2898811630023709","0.2694610778443114","0.5067215141840639","0.26227632490313046","0.18055770362943005","0.343819665414337"
"0.4834714580742724","9","10","Kansas, Anderson","-95.2927,38.2141","0.7276802971190626","0.32520325203252","0.47758579807800167","0.2451","0.5","0.6813178638986801","0.2743294598879431","0.3712574850299401","0.6371246099900815","0.39294317820053704","0.3013400791667328","0.361184765725143"
"0.4834676561340828","9","2","Ohio, Meigs","-82.0305,39.0922","0.48534076886170174","0.0878048780487805","0.4523773638523585","0.6772","0.575","0.7247088387345686","0.22827651196284524","0.44910179640718567","0.5998243249034969","0.5532392898566915","0.5263632147802447","0.0"
"0.4833506310900862","10","2","Louisiana, St. James","-90.8021,30.0253","0.49007904129575","0.0204819277108434","0.4756846153428244","0.6027","0.75","0.3163258823370422","0.5900590393784957","0.38922155688622756","0.5357771420024626","0.40935306116708875","0.45185921193457335","0.5709276249651322"
"0.48335003916268054","9","9","North Carolina, Alleghany","-81.1286,36.4936","0.6269534627724969","0.0981132075471698","0.5157484519014721","0.1121","0.575","0.7283659930549282","0.34385310632529376","0.34131736526946105","0.7094849659803716","0.29946097416324124","0.5980231207166112","0.4041625028346035"
"0.4831776851604042","10","2","Oregon, Baker","-117.675,44.7092","0.469135749254876","0.0982142857142857","0.44756889555446955","0.9191","0.5","0.7438233614458837","0.33597673939144024","0.2275449101796407","0.7094849659803716","0.3269393578393083","0.41144089242851095","0.39179085138218933"
"0.4831575748602747","9","9","Colorado, Yuma","-102.4259,40.0035","0.7174360013437666","0.262569832402235","0.4677927610500739","0.5285","0.5","0.8662658896035598","0.253585545121895","0.17365269461077848","0.5837920978957992","0.22923293023083205","0.29281856749706997","0.4379085603657828"
"0.4831448739227452","10","3","Colorado, Larimer","-105.4626,40.6667","0.6164794449233926","0.215142857142857","0.6071164424516027","0.355","1.0","0.8662658896035598","0.35464896292323017","0.21556886227544908","0.504194780386106","0.10992254284152932","0.12579560652852437","0.5040555922888081"
"0.48311545096330133","10","7","Wisconsin, Douglas","-91.916,46.4322","0.6590299760186411","0.189985272459499","0.5727629358075627","0.6679","0.675","0.38022621028167947","0.43222072876460965","0.23353293413173656","0.5691748594129424","0.28382907070854924","0.16563113021090256","0.6321953828938628"
"0.48300558182258907","9","10","Iowa, Carroll","-94.8603,42.0362","0.8492215300182798","0.256360078277886","0.6077339215980179","0.1181","0.825","0.5124529061342115","0.2605271710908711","0.3532934131736527","0.6075890184122873","0.3010151023416759","0.026243252339812603","0.3487622470143838"
"0.48292329636420755","7","7","Nevada, White Pine","-114.9,39.4416","0.6265287407430249","0.236559139784946","0.449492472567601","0.4935","0.675","0.5897697212390978","0.6560975985520265","0.08982035928143713","0.542700408721451","0.31660139132955817","0.2711859664897246","0.5355437292433275"
"0.4826397576611751","9","3","Michigan, Lapeer","-83.2215,43.0905","0.5776092541000211","0.177664974619289","0.5665710569279069","0.2999","1.0","0.5192862589944978","0.3048717724305237","0.43712574850299407","0.558371441896005","0.3231233360178094","0.25369094938190584","0.4744015681066981"
"0.48259741369304443","9","10","Kansas, Barber","-98.6846,37.2289","0.7348440756365776","0.685714285714286","0.42296903039236583","0.2365","0.5","0.6813178638986801","0.3631613587898273","0.2874251497005988","0.6458942336050534","0.3278452636280116","0.23196436467564543","0.3108461490485734"
"0.48253196609994786","7","7","Nevada, Elko","-115.3578,41.1453","0.681947635000281","0.156879194630872","0.47131601463594724","0.5893","0.675","0.5897697212390978","0.5378157810106515","0.16766467065868262","0.3787943342919467","0.3010098634554487","0.2773743570564257","0.5205922981700184"
"0.48251347518205717","9","1","North Carolina, Mitchell","-82.1582,36.0106","0.5481851956362866","0.101604278074866","0.5364392846770248","0.3171","0.75","0.7283659930549282","0.2736349629603264","0.32934131736526945","0.6868906660868291","0.35966441181153785","0.4154974517216276","0.42643844794004393"
"0.4824970790967974","10","7","Massachusetts, Worcester","-71.9049,42.3503","0.6704688560549765","0.150255045464626","0.6618428811949516","0.7931","0.825","0.18489378053159447","0.41463707371570335","0.29341317365269465","0.5092312328105775","0.22846461019884476","0.1314400785490564","0.47578199037358043"
"0.482418056885813","9","10","Kansas, Grant","-101.308,37.5623","0.8688456201334993","0.283163265306122","0.39487259604772396","0.1535","0.5","0.6813178638986801","0.3740208678760447","0.251497005988024","0.42544161229202965","0.2726352907966563","0.4589524378293593","0.40858470671467173"
"0.48238029316048986","3","6","New York, Niagara","-78.7478,43.199","0.4553590466826653","0.0663942798774259","0.7139920699991774","0.4645","1.0","0.30357014148943134","0.5492252058931479","0.47904191616766467","0.5817386943120182","0.3602801921348223","0.19041933079972986","0.4307827141295122"
"0.4823726134011063","9","10","Kansas, Wichita","-101.3472,38.4818","0.7714972297062305","0.75","0.45760372119524767","0.2872","0.5","0.6813178638986801","0.36266677450395857","0.2275449101796407","0.6424111072462477","0.3090360845744775","0.1526216546920211","0.21102495391596074"
"0.4823442923549631","9","7","Iowa, Clay","-95.151,43.0825","0.7597710767654191","0.219206680584551","0.6224753808227929","0.4358","0.675","0.5124529061342115","0.22624130307470522","0.311377245508982","0.6226493223021841","0.31308885068028613","0.1307547000024586","0.34086582741118826"
"0.48223487671443516","9","3","Texas, Fort Bend","-95.7722,29.527","0.4646538516471612","0.0305383627233446","0.6736387353958793","0.2248","1.0","0.8066953714640763","0.5892312039753754","0.5209580838323353","0.3643190466040495","0.17789021705103708","0.21286375234035762","0.5612714755755059"
"0.48221446262040213","5","10","Montana, Wheatland","-109.8465,46.4665","0.8872211045694198","0.65","0.401291453200443","0.3359","0.0","0.6163905315403087","0.42269700788231035","0.10179640718562875","0.6281436499318728","0.3348931443919206","0.5100950725049115","0.26684150938816265"
"0.48218867386905656","9","10","Wisconsin, Manitowoc","-87.8093,44.1195","0.7997306582100516","0.311417147934251","0.6041195048057896","0.2432","0.675","0.38022621028167947","0.323992579635094","0.38922155688622756","0.6056629582719985","0.3145610480366283","0.12144571151534059","0.4297872688763884"
"0.4820484061321903","9","7","New York, Steuben","-77.383,42.2689","0.6747562493294362","0.376896149358226","0.5984752958684564","0.6055","0.675","0.30357014148943134","0.2817719200901171","0.29341317365269465","0.5898852876912913","0.34056245976051747","0.28811163131842055","0.3479529375574921"
"0.4820463071146543","9","10","Wisconsin, Calumet","-88.2178,44.0816","0.8503934891454004","0.294275491949911","0.6102646254519115","0.0388","1.0","0.38022621028167947","0.26216443408727735","0.40119760479041916","0.4833394486037307","0.23289723541642615","0.01826808147660018","0.6505994599733548"
"0.4819863161499964","9","9","Tennessee, Polk","-84.5208,35.1225","0.6189447547220082","0.0804347826086956","0.5043812826669797","0.361","0.75","0.4911779531988354","0.26854065100497504","0.40119760479041916","0.6207997313712245","0.49565873886028733","0.5444937118728662","0.0"
"0.48183567366061975","5","10","Nebraska, Webster","-98.5002,40.1764","0.8960941744078242","0.785714285714286","0.4113632738088738","0.0611","0.5","0.603814206971114","0.20414001277277283","0.2694610778443114","0.6595100604482558","0.32196118034336035","0.1565244004572743","0.40395825847016165"
"0.48179302754902503","9","3","West Virginia, Putnam","-81.9082,38.5078","0.647676784996717","0.198209718670077","0.5754051250291977","0.1159","1.0","0.590915881821042","0.24255651930057887","0.43712574850299407","0.5648909983668218","0.41212075424568506","0.09587390972550827","0.5386541710883077"
"0.48178035190886814","9","7","Minnesota, Morrison","-94.2734,46.0127","0.774546604448624","0.423817863397548","0.5395404796831244","0.4935","0.675","0.42209023252660954","0.2253139852460734","0.2035928143712575","0.5898852876912913","0.2882739623131923","0.17850738141431174","0.5165496255893155"
"0.48147999039230804","9","7","Minnesota, Steele","-93.2263,44.0224","0.6807708526721608","0.181564245810056","0.5525356932319975","0.5699","0.825","0.42209023252660954","0.39874519545556386","0.2874251497005988","0.5472454870957077","0.24644342611915193","0.10365978094773598","0.5454913204821112"
"0.4814252474472911","9","7","Nebraska, Knox","-97.8918,42.6376","0.7343209215376797","0.189075630252101","0.3856682725384303","0.4721","0.5","0.603814206971114","0.47305011412612225","0.2754491017964072","0.6884403224054082","0.2797590550527349","0.1888448616168757","0.44069907922759266"
"0.48140738604119937","10","9","Arizona, Santa Cruz","-110.8479,31.5251","0.5628684949777161","0.0223804679552391","0.5743844390987557","0.4448","0.575","0.7690982121439038","0.2994501697805539","0.2754491017964072","0.5561726637917245","0.20694626349702358","0.6270375599312611","0.5417848881069042"
"0.4813195521402401","9","9","Texas, Hansford","-101.3546,36.2774","0.7813143714735434","0.224598930481283","0.38831034938783476","0.199","0.32499999999999996","0.8066953714640763","0.35980386739806114","0.24550898203592814","0.526341402378779","0.23594546424914165","0.6757769490687077","0.37705324369194554"
"0.481247340376038","10","9","Texas, Sterling","-101.0501,31.8278","0.714256317845568","0.545454545454545","0.450116236235097","0.3578","0.5","0.8066953714640763","0.478990650468664","0.251497005988024","0.4833394486037307","0.27405028537386833","0.35473468922582263","0.0"
"0.48097231535383955","9","2","Kentucky, Trimble","-85.3378,38.6106","0.5247862755677013","0.111111111111111","0.4879302321904355","0.56","0.5","0.7986013047908057","0.27120401531943666","0.49101796407185627","0.5627304600978258","0.495603618794171","0.4775451021836556","0.0"
"0.48096349088271245","9","7","Iowa, Wayne","-93.3275,40.7397","0.664911111564276","0.18018018018018","0.5390398414642625","0.5422","0.5","0.5124529061342115","0.14379323776194478","0.3592814371257485","0.6476236650502001","0.5003797348221966","0.31660358899039104","0.39660271136834097"
"0.48093731005326146","9","7","Minnesota, Pipestone","-96.2584,44.023","0.7509630030992022","0.169753086419753","0.5189080041569681","0.5823","0.5","0.42209023252660954","0.4432694639394631","0.2694610778443114","0.626321192473144","0.307162380726078","0.19514879399899548","0.36954235808463537"
"0.48086905714894224","10","2","West Virginia, Greenbrier","-80.4534,37.9464","0.4641387486853582","0.147435897435897","0.5212194037818575","0.5021","0.675","0.590915881821042","0.3666833805382613","0.34131736526946105","0.6578350382684304","0.4751075482906833","0.44167990532837914","0.4098797412646371"
"0.4808078596967645","9","3","Virginia, Spotsylvania","-77.6554,38.1857","0.5144681088974035","0.0565142364106989","0.6255150366655466","0.1468","1.0","0.7697111946822568","0.5406623751989093","0.3592814371257485","0.46408171358848016","0.314732714482309","0.17437742763467134","0.6010179127655517"
"0.48079364891642784","9","9","Idaho, Boundary","-116.463,48.7668","0.6565733142460082","0.372340425531915","0.4948429196910709","0.2604","0.5","0.771056031651189","0.35992913207371885","0.24550898203592814","0.6388951207196634","0.2624152363822214","0.3987035578522351","0.5011322653366869"
"0.4806892057946453","9","1","Pennsylvania, Tioga","-77.2543,41.7726","0.5304089943951443","0.321428571428571","0.5318301270185142","0.4295","0.675","0.7607330979588356","0.20205309346697672","0.32934131736526945","0.6335581539925471","0.3913042006726326","0.33007656401410196","0.4769634924840864"
"0.48068633629658297","9","9","Michigan, Schoolcraft","-86.1997,46.1924","0.6283577559329317","0.351851851851852","0.4600391216519277","0.2833","0.5","0.5192862589944978","0.48808008828817634","0.21556886227544908","0.712396635537302","0.3581623247249166","0.467070037597113","0.5157111177592971"
"0.4806673039454515","9","10","Wisconsin, Oconto","-88.2681,45.0272","0.8615516664032453","0.304788732394366","0.4860807947961327","0.078","0.675","0.38022621028167947","0.30135878601936195","0.33532934131736525","0.6095051758860066","0.42242834458052314","0.1269971687410702","0.5742838909814144"
"0.48058704008371866","9","1","Texas, Gillespie","-98.9468,30.3182","0.5086170982523007","0.0722543352601156","0.5121268272817275","0.461","0.825","0.8066953714640763","0.2860958419749367","0.3233532934131737","0.7574196090175283","0.1832198320578094","0.33432666190369553","0.4208613013454527"
"0.4805727669102819","9","3","Michigan, Monroe","-83.5375,41.9273","0.5661713702572603","0.122005571030641","0.6199022051249279","0.2187","1.0","0.5192862589944978","0.34800949719357516","0.47904191616766467","0.5561726637917245","0.3740825201693105","0.1557863377495579","0.5194939520575865"
"0.48055150109512434","9","10","Iowa, Montgomery","-95.1564,41.0302","0.7061563561252329","0.282894736842105","0.5760606683192568","0.2916","0.675","0.5124529061342115","0.2368507667375109","0.32934131736526945","0.6317620454190964","0.3293888611371672","0.2917584652849529","0.4516809491149079"
"0.4805440223650392","9","9","West Virginia, Webster","-80.4202,38.4937","0.554269112652732","0.578947368421053","0.35119644151882873","0.4696","0.5","0.590915881821042","0.07275888495455296","0.3233532934131737","0.6544622387094758","0.5411663386520433","0.5824730575016736","0.4914553542996868"
"0.48053795225369555","7","7","Montana, Custer","-105.5738,46.2532","0.7385760806451425","0.344086021505376","0.4747128466588036","0.6593","0.575","0.6163905315403087","0.3631744640940283","0.16167664670658685","0.5938927650957907","0.29575488455487076","0.09245331486925062","0.31177147457202237"
"0.4805070047988641","9","9","Kentucky, Livingston","-88.348,37.2114","0.6409964902106565","0.203389830508475","0.4422452035042906","0.2079","0.575","0.7986013047908057","0.23118337146411108","0.48502994011976047","0.626321192473144","0.40442390864918837","0.31048713955404494","0.4419187172991536"
"0.48050051660358345","9","10","South Dakota, Union","-96.6558,42.8311","0.8459684703748914","0.301829268292683","0.5935796767725925","0.0704","0.75","0.7704699034685317","0.34800229565974644","0.34131736526946105","0.5561726637917245","0.2611133201920142","0.04936542230715206","0.0"
"0.4804520150022758","9","10","Iowa, Monroe","-92.8691,41.0299","0.8051218455618602","0.30379746835443","0.5920090248702223","0.2159","0.5","0.5124529061342115","0.1839398096233548","0.37724550898203596","0.6017807168377609","0.370304933613753","0.2768980195721053","0.4208318396262757"
"0.48042683784531426","10","2","Louisiana, Assumption","-91.0646,29.8995","0.48993095411766185","0.0229591836734694","0.5169193479004416","0.3935","0.575","0.3163258823370422","0.6457446968643017","0.37724550898203596","0.5494974081927578","0.5183599210149905","0.5131054575825286","0.7266605461228793"
"0.4803606401447246","7","7","Wyoming, Laramie","-104.6887,41.307","0.6935702472704576","0.334199134199134","0.5918580984622931","0.4031","0.75","0.5947001907015348","0.45201311942439254","0.09580838323353291","0.5142005305328247","0.3010852959685689","0.16358843811567042","0.4742575201890588"
"0.48024203796368475","9","3","Indiana, Wells","-85.2213,40.7293","0.7100947485744951","0.291375291375291","0.5495533146235794","0.1754","0.75","0.5484650550776322","0.2022631053362983","0.562874251497006","0.5734100391661536","0.35279412545899236","0.14852815592961446","0.43762582066579997"
"0.4801857419807652","9","7","Minnesota, Becker","-95.6716,46.9348","0.7164529689062293","0.332640332640333","0.49774539866202694","0.439","0.675","0.42209023252660954","0.5063709174322152","0.2275449101796407","0.6151952376728468","0.28261786130458616","0.1542478391318813","0.4501135785280378"
"0.48016374191534894","9","9","Kentucky, Jackson","-83.9983,37.4187","0.6413414634177452","0.0837320574162679","0.46013243642655394","0.3276","0.5","0.7986013047908057","0.10740386468620851","0.407185628742515","0.540406913436432","0.6377217338077709","0.577775204799079","0.0"
"0.480048912202213","10","2","Michigan, Ogemaw","-84.1273,44.3348","0.47442131165537216","0.178571428571429","0.48700280479386265","0.5632","0.75","0.5192862589944978","0.24481678032509074","0.29341317365269465","0.7006109322771243","0.49004003675999014","0.4830845692209927","0.38763570615853005"
"0.4800235753676124","9","1","Virginia, Louisa","-77.9627,37.9785","0.5851394602787879","0.167567567567568","0.5264053657774036","0.1856","0.75","0.7697111946822568","0.5668246927967319","0.34730538922155696","0.5978576089534523","0.347910392054877","0.3620476141281238","0.0"
"0.4799364332943826","9","10","Nebraska, Phelps","-99.4146,40.5116","0.8237049897657105","0.406779661016949","0.5192008158021468","0.2674","0.675","0.603814206971114","0.24739974259966785","0.2694610778443114","0.6151952376728468","0.2796163670088291","0.04017052227928395","0.43859028215766477"
"0.47978282601589956","9","7","Utah, Utah","-111.6658,40.1167","0.7697115229807808","0.173504205681638","0.6530924702350303","0.5078","1.0","0.4487874423273804","0.28603581902884667","0.281437125748503","0.24839123848592914","0.0835762059533007","0.2098280546428008","0.5346121169683653"
"0.4797482446398882","9","3","New Jersey, Gloucester","-75.14,39.7158","0.5559612475463004","0.0756902877003282","0.6985421993595994","0.2286","1.0","0.5465970409188426","0.4537392571457934","0.4730538922155689","0.5092312328105775","0.2998278146212921","0.11533350103448682","0.48835971435305153"
"0.4796436741317066","9","7","Wisconsin, Chippewa","-91.2807,45.0694","0.746613359875272","0.360420650095602","0.5563332540559623","0.4537","0.75","0.38022621028167947","0.361442581064181","0.29341317365269465","0.5561726637917245","0.25236519915741523","0.1382783615492341","0.4137415167149202"
"0.47957813159286605","9","1","Virginia, Charles City","-77.0563,37.3536","0.5771518521071002","0.115789473684211","0.4250522423914915","0.1079","0.5","0.7697111946822568","0.8928337192189965","0.34131736526946105","0.6694051144412375","0.46781818634162103","0.31991445545590513","0.0"
"0.47956248999313417","9","9","Texas, Floyd","-101.3032,34.0723","0.5583771217026308","0.0666666666666667","0.4311756965641695","0.2833","0.5","0.8066953714640763","0.49949278687259774","0.25748502994011974","0.5938927650957907","0.3052867080659746","0.6953151427238148","0.3852229731954481"
"0.47955051333987325","9","3","Missouri, Ste. Genevieve","-90.195,37.8909","0.6902629480632133","0.23448275862069","0.49198272171873997","0.0974","0.75","0.6898109656793697","0.23209137813745426","0.4550898203592814","0.5898852876912913","0.386427368296638","0.23604066539005475","0.44550892001441617"
"0.47954971245441597","10","9","Arkansas, Grant","-92.4232,34.2902","0.6653003990576074","0.170658682634731","0.5139909766414673","0.2566","0.75","0.610486779204959","0.38587443342040784","0.4191616766467066","0.5627304600978258","0.4346211055998868","0.31232563510756234","0.0"
"0.4795425441789249","9","10","Montana, Ravalli","-114.1189,46.0852","0.6828752657483564","0.47112462006079","0.4953668155661312","0.1098","0.675","0.6163905315403087","0.27577581572426596","0.34131736526946105","0.6915204375207985","0.22078004375463542","0.3337180690080154","0.5837244989033195"
"0.4795415073166174","10","2","Florida, Gilchrist","-82.7988,29.7286","0.5294201022287833","0.037037037037037","0.5166256859868256","0.5314","0.675","0.4454391386730797","0.477461100036019","0.311377245508982","0.6189409155096902","0.47789410477153166","0.5980618768811122","0.0"
"0.4794864357369086","10","2","Maine, Kennebec","-69.7674,44.4076","0.4341331133989696","0.221453287197232","0.559997378452993","0.8122","0.675","0.83233747019391","0.2626316552163731","0.281437125748503","0.5978576089534523","0.32897316802058335","0.22701011572227384","0.44015299461445834"
"0.4792667323408887","10","3","Oregon, Clackamas","-122.218,45.1879","0.5045316964327954","0.128855380397533","0.6568017849270914","0.4148","1.0","0.7438233614458837","0.3608423869460052","0.3712574850299401","0.558371441896005","0.20916556672917785","0.08499578102815503","0.5300388299561896"
"0.47914326074044383","9","3","Michigan, Allegan","-85.891,42.5915","0.6018038308863886","0.216346153846154","0.6102405629602573","0.2506","0.825","0.5192862589944978","0.3519574443058774","0.47904191616766467","0.526341402378779","0.2952257010253583","0.14119524737999242","0.7554391438081473"
"0.4790928591921","9","10","Texas, Throckmorton","-99.2123,33.1775","0.7327507679196561","0.5","0.3820994654891243","0.0337","0.5","0.8066953714640763","0.36314979888754345","0.281437125748503","0.7006109322771243","0.25646356193226577","0.43745257668543","0.29034997523608547"
"0.47899766368779956","9","3","Ohio, Henry","-84.0683,41.334","0.6669863549067684","0.194570135746606","0.515728536675551","0.1082","0.825","0.7247088387345686","0.2520967537943921","0.5269461077844312","0.5712984652022484","0.30640460331823155","0.11831699902298132","0.5480390728497335"
"0.47890080763099957","9","3","Georgia, Fayette","-84.4909,33.4136","0.522698115130555","0.057843137254902","0.6317563403363728","0.0181","1.0","0.7922333288990623","0.5767543759208226","0.5089820359281437","0.560557323866868","0.24411488666936232","0.09191363527857388","0.4523626240688992"
"0.47881502651319374","10","2","California, Napa","-122.3328,38.5074","0.4949624727370582","0.0632090761750405","0.6628386887215519","0.8249","0.575","0.6302607543856039","0.4434757369707861","0.4550898203592814","0.579673914473061","0.1345915540229442","0.18686163601154984","0.4469700130799563"
"0.47862979408371353","9","9","North Carolina, Madison","-82.7135,35.854","0.5714437156579593","0.221476510067114","0.5102865375107011","0.5161","0.675","0.7283659930549282","0.32830629339177975","0.34730538922155696","0.6371246099900815","0.25833965184348384","0.44269640685543266","0.0"
"0.4785696450853384","4","2","California, Humboldt","-123.876,40.6992","0.3033686461385579","0.0477941176470588","0.5938769743413607","0.9042","0.675","0.6302607543856039","0.5453355114572181","0.34730538922155696","0.5517358041566147","0.28394505252705726","0.4308319337715283","0.47462093907173086"
"0.47855496671270964","7","7","North Dakota, Ward","-101.5437,48.2239","0.8129078742885592","0.35","0.5753206848736906","0.7361","0.675","0.10985976568982879","0.578764333892952","0.14371257485029942","0.42856039038869453","0.29931032310141564","0.07224318621210692","0.31159227835697084"
"0.47846035039883267","9","3","Ohio, Mercer","-84.6291,40.5404","0.7301636861734601","0.147941381716678","0.5236531580993763","0.0805","0.825","0.7247088387345686","0.16993870329497338","0.5688622754491018","0.558371441896005","0.32148936037687464","0.0736815243671512","0.47033834295073557"
"0.4784491001771734","9","3","Pennsylvania, Monroe","-75.3403,41.0593","0.4313964990635243","0.0454783063251438","0.6216129851334621","0.1194","1.0","0.7607330979588356","0.5518477704122563","0.4131736526946108","0.542700408721451","0.32015533287756254","0.3075688003671178","0.4843826064559812"
"0.4783731490407895","9","2","Colorado, Montrose","-108.2639,38.4021","0.48579017454586665","0.0785714285714286","0.5265588362074213","0.6437","0.675","0.8662658896035598","0.3365841795624183","0.11976047904191617","0.6611775880966219","0.1997259273002287","0.44509517121201797","0.5040702826706074"
"0.4783708951374954","9","2","Arizona, Yavapai","-112.5539,34.5993","0.4687822167278542","0.0572766570605187","0.5274533131581647","0.5791","0.75","0.7690982121439038","0.3907022333816536","0.12574850299401197","0.7675615085087122","0.2691026686674087","0.3369939338124645","0.5265638924049573"
"0.4783020978124686","9","3","New Jersey, Monmouth","-74.2224,40.2655","0.5899281852422166","0.0816617834873413","0.7278157678026737","0.3126","1.0","0.5465970409188426","0.41450320329349","0.4131736526946108","0.5494974081927578","0.19964672608318454","0.09180293798371782","0.41497626167473545"
"0.47819494090020404","4","2","Texas, Karnes","-97.8596,28.9071","0.2516530473240563","0.00211416490486258","0.5243062252238896","0.9392","0.675","0.8066953714640763","0.5591324786933688","0.38323353293413176","0.48601108590571473","0.21485627172010044","0.5053612492371394","0.5069016906231125"
"0.4781906007331111","10","3","Virginia, Fairfax","-77.2757,38.8368","0.536723213282615","0.0589847895295366","0.7938712222498068","0.3254","1.0","0.7697111946822568","0.5132593365342467","0.3173652694610779","0.44674408486908573","0.07661589782431212","0.10295950550040808","0.5203111401427775"
"0.4781300629875939","9","9","Missouri, Putnam","-93.0204,40.4794","0.674438233944722","0.333333333333333","0.4490435438513545","0.2537","0.5","0.6898109656793697","0.051600115100370214","0.3652694610778443","0.6822026570079781","0.4281714539289907","0.49256360037985886","0.4230034775813715"
"0.4780911958911238","9","3","Iowa, Poweshiek","-92.5316,41.6863","0.6826153594520272","0.159904534606205","0.6148465626560662","0.3623","0.75","0.5124529061342115","0.3212288759486356","0.39520958083832336","0.613308186513927","0.2666649610330971","0.13071921388933735","0.4458379913845591"
"0.4780906546164636","10","9","Oregon, Morrow","-119.5845,45.4185","0.5839824315100155","0.0351851851851852","0.4690455489288806","0.5183","0.5","0.7438233614458837","0.39206883793105984","0.29341317365269465","0.5067215141840639","0.3583884289339795","0.4723152000102704","0.48901689250266267"
"0.47807429350285136","9","9","Missouri, Monroe","-92.0004,39.4959","0.6943748941128716","0.272","0.4782026454346704","0.306","0.5","0.6898109656793697","0.39770495366464076","0.40119760479041916","0.6544622387094758","0.3607479833942692","0.3158650418306184","0.0"
"0.47790998931551587","10","2","West Virginia, Taylor","-80.0421,39.336","0.518678487590136","0.10625","0.4805218227375192","0.5855","0.575","0.590915881821042","0.2504501224660579","0.38323353293413176","0.6037268925796017","0.46229759500682654","0.43435559580275585","0.5161044082413457"
"0.4778870266305642","9","3","Georgia, Pike","-84.3879,33.0931","0.5606891850684917","0.0695187165775401","0.5137606740932664","0.0726","1.0","0.7922333288990623","0.4525404408248109","0.48502994011976047","0.5191044408593759","0.27597777482480135","0.4258589123009765","0.0"
"0.47759183938786964","9","10","South Dakota, Hutchinson","-97.7554,43.3345","0.7796216411230127","0.302702702702703","0.38427134292263154","0.2636","0.5","0.7704699034685317","0.38373998851604485","0.25748502994011974","0.6710290464557254","0.2701387333236417","0.2044362243696098","0.32864453838636404"
"0.4775791668418635","10","7","New Mexico, Santa Fe","-105.9775,35.5071","0.601459707573959","0.209795321637427","0.6210668703080676","0.6552","0.575","0.5871956657568004","0.4717499917548501","0.18562874251497005","0.6544622387094758","0.11380551478790908","0.2481696492966786","0.4978279652818626"
"0.4775519011494357","9","3","Texas, Rockwall","-96.4077,32.8978","0.5314293390708855","0.0625","0.6767511992765706","0.1105","1.0","0.8066953714640763","0.5125495335433922","0.44910179640718567","0.42229651508178717","0.23195267198214425","0.14971191452909266","0.5000328288129685"
"0.4775030954986174","9","9","Kansas, Rice","-98.1999,38.3462","0.6473637294743435","0.232142857142857","0.5015704186376119","0.2974","0.5","0.6813178638986801","0.40226742713148067","0.3053892215568862","0.5817386943120182","0.3951347474763486","0.34663077522865837","0.44571758646749304"
"0.47749883678698934","9","3","Texas, Hardin","-94.3893,30.3336","0.4922174406715469","0.0334519572953737","0.5707771671592802","0.277","1.0","0.8066953714640763","0.4683907622577966","0.39520958083832336","0.542700408721451","0.3377553950089288","0.3229371940609569","0.0"
"0.4774372949858328","7","7","North Dakota, Stark","-102.6576,46.8085","0.833203500896524","0.163227877120587","0.5551583692933096","0.7635","0.575","0.10985976568982879","0.5097685976149899","0.1317365269461078","0.452613368495235","0.29156125245626363","0.11853645580446837","0.5912183204422085"
"0.4773677825201759","9","9","West Virginia, Wyoming","-81.5451,37.6123","0.6116013405952418","0.25","0.49505055415233473","0.4502","0.5","0.590915881821042","0.17130930941106873","0.37724550898203596","0.6114115319998742","0.5520842326206291","0.5648769110271098","0.0"
"0.4773388332123201","7","10","Kansas, Greeley","-101.8061,38.4808","0.8124273826598419","0.48","0.40760001132105905","0.4855","0.5","0.6813178638986801","0.2029117291663249","0.21556886227544908","0.6226493223021841","0.3179917037486186","0.20848466909078403","0.1072855934025971"
"0.47718924592141515","7","7","Nebraska, Dawes","-103.1314,42.7199","0.7557816460621275","0.287958115183246","0.4538656082669352","0.5441","0.5","0.603814206971114","0.5381965402557376","0.06586826347305387","0.5734100391661536","0.22712637115113765","0.20770676020144002","0.4346892235703508"
"0.47708607647755974","9","10","Iowa, Cass","-94.9279,41.3315","0.7896164212264174","0.353333333333333","0.6059906544596458","0.1799","0.575","0.5124529061342115","0.1988387701395375","0.34131736526946105","0.6561524538860896","0.3429648849659606","0.17570409959074704","0.4490942035822667"
"0.4770506433621026","9","3","Wisconsin, Walworth","-88.5416,42.6686","0.6600048498962452","0.0959114663387642","0.6143263834083778","0.4285","0.825","0.38022621028167947","0.28930226486072763","0.49101796407185627","0.5449798764246452","0.24456518838930236","0.18070388703740733","0.533086819284583"
"0.4770304053687526","9","7","Iowa, Marion","-93.0993,41.3345","0.6785562330000359","0.12649945474373","0.5723889392765957","0.589","0.75","0.5124529061342115","0.20240970817471324","0.38323353293413176","0.5648909983668218","0.2968824282364415","0.07451163296555752","0.5149392222979593"
"0.4770082408535474","7","7","Minnesota, Clay","-96.4876,46.8929","0.7660698755151354","0.217629482071713","0.5938787299253246","0.7157","0.675","0.42209023252660954","0.5364023657482804","0.23952095808383234","0.4555137084840577","0.21989573281952446","0.08061185325801881","0.0"
"0.4769707339976773","9","1","Virginia, Caroline","-77.349,38.0268","0.5099572127149483","0.0726817042606516","0.5332155485237199","0.3973","0.75","0.7697111946822568","0.6372227837724603","0.3532934131736527","0.5334405085950897","0.4354075185781494","0.24130932372794092","0.0"
"0.47684970975970736","10","5","Texas, Garza","-101.2984,33.1797","0.6056929891254133","0.110169491525424","0.4846479255977913","0.6781","0.5","0.8066953714640763","0.5177929738542533","0.24550898203592814","0.4407808887294848","0.15028578628571812","0.5674922254528446","0.0"
"0.476803778109455","7","7","New York, Greene","-74.1238,42.2758","0.6427389318938423","0.264830508474576","0.539087531284121","0.7727","0.675","0.30357014148943134","0.4418976249007482","0.311377245508982","0.6371246099900815","0.2828569629469166","0.25717052627601344","0.0"
"0.4767871648184982","10","6","Louisiana, St. John the Baptist","-90.4754,30.126","0.43043445901860955","0.0135886349598518","0.5919460853141365","0.4916","1.0","0.3163258823370422","0.6654806660479637","0.3712574850299401","0.46408171358848016","0.48438274317722174","0.49188451970999253","0.0"
"0.4767817340317971","5","10","Missouri, Osage","-91.8614,38.4604","0.8679047809469679","0.518891687657431","0.5072048760873028","0.1691","0.5","0.6898109656793697","0.17212500858575988","0.407185628742515","0.5517358041566147","0.3912420467517825","0.1421595491979836","0.0"
"0.4767721866757463","9","3","Georgia, Paulding","-84.8685,33.9197","0.5160037886895023","0.0536068828590338","0.6273770622151195","0.0194","1.0","0.7922333288990623","0.554784890454176","0.4610778443113772","0.3643190466040495","0.32577914348213083","0.2525540615188711","0.4906280856175401"
"0.4764695044217815","9","9","Kansas, Kearny","-101.3217,38.0002","0.7755849789071472","0.221374045801527","0.4637466906343361","0.0828","0.5","0.6813178638986801","0.38260609290959813","0.251497005988024","0.4965101409658336","0.3303525904029626","0.5489758622974098","0.33682617601358417"
"0.4764018013316248","7","7","North Dakota, Cass","-97.2445,46.932","0.8183196785847935","0.246549893842887","0.6331796650038214","0.5323","0.825","0.10985976568982879","0.5603618100811191","0.2275449101796407","0.4061601502796258","0.25367027731275965","0.06783624696929821","0.3400710954915804"
"0.4763608933208877","9","9","Tennessee, Stewart","-87.8392,36.5024","0.7098837008631982","0.19672131147541","0.4885467818738924","0.1445","0.675","0.4911779531988354","0.37774659242431396","0.43712574850299407","0.613308186513927","0.3722200857027789","0.4818159103986544","0.0"
"0.4762219182457054","9","9","North Carolina, Clay","-83.7435,35.057","0.6981273893978576","0.257142857142857","0.5030022209647638","0.2044","0.575","0.7283659930549282","0.3224583520721039","0.32934131736526945","0.7612552360903706","0.31273223660177846","0.34232871985603053","0.0"
"0.4761316509934842","7","7","Utah, Sanpete","-111.5759,39.3723","0.6829393921046727","0.331325301204819","0.4767115582548836","0.6749","0.5","0.4487874423273804","0.3976431733408889","0.14371257485029942","0.46689449529952165","0.20588342202522672","0.5026960362496097","0.5228116084133017"
"0.47607082058847994","10","2","Maryland, Kent","-76.0474,39.2498","0.5216758681139303","0.060790273556231","0.5653158930510899","0.6396","0.675","0.4028734589185817","0.5000603805450318","0.40119760479041916","0.712396635537302","0.2688335404283466","0.18679502385381366","0.528455826336947"
"0.47604497519516825","9","3","Virginia, Stafford","-77.4592,38.4176","0.5515777971599052","0.086283185840708","0.674134008443304","0.1296","1.0","0.7697111946822568","0.5930173777211187","0.3652694610778443","0.3530812563017395","0.26021030249582433","0.0761114147683514","0.6146821772580985"
"0.47603504887497017","10","6","Hawaii, Honolulu","-157.9712,21.458","0.514948528458696","0.0770156438026474","0.7909781512507735","0.965","0.75","0.7390039174355363","0.3376015940296289","0.0","0.5561726637917245","0.17354321182907956","0.07467985894209478","0.4751591412204511"
"0.47596437546335313","4","2","Virginia, Northampton","-75.8775,37.3406","0.37848261709333564","0.0128205128205128","0.5665914947323863","0.5514","0.5","0.7697111946822568","0.5915281999886864","0.3233532934131737","0.7109436441933698","0.4422908717546915","0.4130085792825774","0.25622123220235243"
"0.47595204903115007","9","9","Ohio, Paulding","-84.5801,41.1168","0.6443578518050721","0.279329608938547","0.4929205513132993","0.2197","0.5","0.7247088387345686","0.27444471917614893","0.5508982035928144","0.5755097168756041","0.3630490255848822","0.23297808060337538","0.5292640860534604"
"0.47594208400610577","9","3","Kentucky, Oldham","-85.4482,38.3979","0.612064492218484","0.103525881470368","0.5938779777782259","0.1563","1.0","0.7986013047908057","0.4102838860400559","0.532934131736527","0.4377631248108773","0.19819416135300985","0.020858567734451477","0.4370774491019504"
"0.4758404976327209","9","3","New Mexico, Sandoval","-106.8688,35.6886","0.6173549778673214","0.182664339732403","0.5637299735829987","0.1847","0.675","0.5871956657568004","0.6687689800543247","0.23952095808383234","0.5449798764246452","0.23283300195425077","0.3727148850679886","0.487686529899329"
"0.47578510017758174","9","9","Oklahoma, Beaver","-100.4759,36.7497","0.6516581657881673","0.189873417721519","0.3594746029649837","0.2184","0.5","0.9523454485741492","0.39669334710231224","0.23952095808383234","0.5978576089534523","0.35151227210573355","0.4180304092977977","0.3787939636126633"
"0.47567852577633557","10","6","New York, Albany","-73.9772,42.6006","0.47797524666215374","0.0661592505854801","0.7767778967261484","0.7297","1.0","0.30357014148943134","0.47960578743933446","0.3652694610778443","0.5380992168517501","0.2301755186392572","0.10635139657233214","0.37682882291994513"
"0.4756272274524126","9","9","Texas, Yoakum","-102.8276,33.1732","0.6607874986905126","0.0915492957746479","0.4449417888453272","0.3034","0.5","0.8066953714640763","0.3963789623577166","0.25748502994011974","0.4061601502796258","0.28557901882385484","0.6279849059272831","0.43794344180709716"
"0.4755617602663736","9","9","Texas, Mills","-98.5927,31.4956","0.6092940595864258","0.140845070422535","0.46981912536808795","0.4164","0.5","0.8066953714640763","0.33490125916555785","0.311377245508982","0.7548404166639682","0.25722627441608237","0.4996046265655826","0.0"
"0.47553131613645483","9","3","Ohio, Fulton","-84.1257,41.6021","0.6567385159361","0.26271186440678","0.5340390882265764","0.0723","0.825","0.7247088387345686","0.22957681729296878","0.5149700598802395","0.5517358041566147","0.33159746583922195","0.16746054228836502","0.4391012264869802"
"0.4754269727440613","10","6","Louisiana, Livingston","-90.7306,30.4414","0.5822047933380304","0.0563035495716034","0.5934810239270952","0.5215","1.0","0.3163258823370422","0.4609121179927092","0.40119760479041916","0.4437744133187831","0.4304194910366039","0.2915628677672368","0.0"
"0.47541186446213696","10","2","Oregon, Union","-118.0069,45.3092","0.3918236610541677","0.0219298245614035","0.5142565362351503","0.929","0.675","0.7438233614458837","0.33575144213322056","0.2035928143712575","0.6075890184122873","0.35006366536830025","0.30719831565709077","0.5716981744748028"
"0.4754085166645762","9","9","Kentucky, Carlisle","-88.9669,36.8537","0.6567953200292632","0.142857142857143","0.4645559410309242","0.178","0.5","0.7986013047908057","0.3457761661057754","0.47904191616766467","0.6281436499318728","0.39128285255325135","0.4437877562251787","0.0"
"0.47530695248786525","9","3","Georgia, Columbia","-82.2635,33.5453","0.6082441927500469","0.074687800192123","0.647403227989227","0.0357","1.0","0.7922333288990623","0.5394882607337378","0.49101796407185627","0.4496902805094778","0.2710461381951087","0.1568033237286676","0.0"
"0.4752447006353076","10","6","New York, Nassau","-73.5894,40.7407","0.5168282574830807","0.027780064202815","0.8507373507408189","0.5546","1.0","0.30357014148943134","0.5274376437426097","0.4191616766467066","0.560557323866868","0.14213623734898403","0.06708619407318933","0.4186230284472549"
"0.4751423836269274","9","10","Wisconsin, Marathon","-89.7586,44.8979","0.8182037359561276","0.411957168352171","0.611695857419568","0.2722","0.675","0.38022621028167947","0.27946305663065263","0.311377245508982","0.5494974081927578","0.2889870280899644","0.10740289976045059","0.42388433077226395"
"0.4750997903617966","9","10","Nebraska, Nuckolls","-98.0474,40.1764","0.8327209443218011","0.738461538461539","0.43470937752814925","0.1598","0.5","0.603814206971114","0.14635389363514742","0.2874251497005988","0.7280164829849926","0.2914455921638177","0.1639148376885775","0.34446941762957684"
"0.47505824726060675","9","3","Iowa, Washington","-91.7173,41.3358","0.6945420550525756","0.144758735440932","0.6142703616513648","0.1907","0.75","0.5124529061342115","0.256713355513551","0.43712574850299407","0.5918944128138512","0.33125506003270083","0.17022785354675227","0.549707774420506"
"0.47498678769787334","9","3","Indiana, Montgomery","-86.8934,40.0403","0.5324338121135865","0.0769230769230769","0.5945833687984693","0.4234","0.825","0.5484650550776322","0.27327819437525175","0.4970059880239522","0.5691748594129424","0.3715438567893336","0.24394389512291215","0.44278711975483576"
"0.4748852451303136","9","3","Kansas, Jackson","-95.7936,39.4167","0.6353020619637674","0.115384615384615","0.4849282944007837","0.0987","0.675","0.6813178638986801","0.5291359893589871","0.37724550898203596","0.5918944128138512","0.3823692248413804","0.18092915724356956","0.5771952999758115"
"0.47475792317619303","10","3","Pennsylvania, Chester","-75.7477,39.9729","0.5125627006696981","0.0662531344859443","0.6743352800752932","0.3387","1.0","0.7607330979588356","0.39810945131038544","0.44311377245508987","0.5215324091055006","0.17930110879502956","0.06284602745074909","0.48253914726862346"
"0.47451501674029345","9","1","Michigan, Kalkaska","-85.0909,44.6851","0.5505845854250281","0.201754385964912","0.5328777862031961","0.3123","0.675","0.5192862589944978","0.3059796974984591","0.2634730538922156","0.6075890184122873","0.4129239101251935","0.4929058657576086","0.6635269236503677"
"0.4745078528839044","10","7","Minnesota, Carlton","-92.676,46.5918","0.5985170369650152","0.18010752688172","0.5397596165429599","0.6641","0.675","0.42209023252660954","0.5692823954262656","0.21556886227544908","0.5517358041566147","0.3210750532539356","0.13685540474697613","0.49906887253319004"
"0.4745026894826658","9","7","Iowa, O'Brien","-95.6247,43.0831","0.7867823807837215","0.195767195767196","0.5877973689999906","0.5355","0.5","0.5124529061342115","0.2554789409415854","0.32934131736526945","0.6299572389493907","0.2376441770041538","0.07516152539903409","0.40622118779357075"
"0.47448713184200303","7","10","Michigan, Iron","-88.5314,46.2097","0.7879933442643512","0.267857142857143","0.4959249571940384","0.3594","0.32499999999999996","0.5192862589944978","0.3091670117296523","0.21556886227544908","0.7637905642871493","0.3001150315279055","0.30657046579217423","0.4647081282694436"
"0.47447582970622587","9","10","Iowa, Monona","-95.9574,42.0522","0.7465699691428379","0.225663716814159","0.5469902208574233","0.2003","0.5","0.5124529061342115","0.3322331358822081","0.34730538922155696","0.6915204375207985","0.41795356376439213","0.18585324905643877","0.4341643752532388"
"0.47439768825880285","9","1","Arkansas, Marion","-92.6845,36.2684","0.5643374716153232","0.183206106870229","0.46960235018432855","0.311","0.675","0.610486779204959","0.2898340428513521","0.38323353293413176","0.736268299211825","0.4456754715524653","0.5064238948225519","0.0"
"0.47434577455082283","10","3","Pennsylvania, Montgomery","-75.3665,40.2105","0.47908365753428184","0.0468964465456764","0.7348068942201011","0.404","1.0","0.7607330979588356","0.4280973783525772","0.3712574850299401","0.558371441896005","0.18989297002773964","0.03956519943498357","0.44288069571312"
"0.4742600592117436","10","2","California, Amador","-120.657,38.4458","0.3743322723305013","0.0477941176470588","0.54633322872659","0.751","0.675","0.6302607543856039","0.5197839791436941","0.3532934131736527","0.7209975974271429","0.2600241493497527","0.24662788062762223","0.530403995325906"
"0.47421587788792974","9","1","Arkansas, Calhoun","-92.4997,33.556","0.5342245812802876","0.142857142857143","0.4546634217528384","0.3747","0.5","0.610486779204959","0.6079078593233279","0.40119760479041916","0.6335581539925471","0.47547933184237345","0.46271529806336664","0.0"
"0.47419808092892446","10","6","Connecticut, Windham","-71.9818,41.8297","0.5809551963872653","0.157072368421053","0.618574682009862","0.5428","0.825","0.5061291060158074","0.3788886476657839","0.251497005988024","0.5287228277828","0.28650070462219446","0.21883753064613432","0.47920266340451895"
"0.4741278377796453","9","9","Montana, Phillips","-107.9129,48.2594","0.7233237489853964","0.13986013986014","0.38199187406770363","0.2945","0.5","0.6163905315403087","0.39940276823187393","0.10778443113772454","0.6458942336050534","0.3344326069232379","0.5094978642325535","0.5169284402270989"
"0.4741182108164609","9","10","Iowa, Hardin","-93.2365,42.3835","0.738329872081808","0.220902612826603","0.5830206985825579","0.2894","0.575","0.5124529061342115","0.31007084330884405","0.3712574850299401","0.6388951207196634","0.3763127285605308","0.07647378490643597","0.47463616269151"
"0.47407466898945677","9","10","Virginia, Mathews","-76.341,37.4416","0.7226921095514217","0.32824427480916","0.5224320122536439","0.0143","0.675","0.7697111946822568","0.44408890057926287","0.3233532934131737","0.7675615085087122","0.26340833846283823","0.17522570318518754","0.0"
"0.4739498239132017","7","7","Minnesota, Todd","-94.8979,46.07","0.7597876044670896","0.23121387283237","0.5044631018010104","0.5743","0.5","0.42209023252660954","0.2376245832769753","0.2035928143712575","0.6317620454190964","0.3243948350594872","0.2941533540250881","0.43383176970317405"
"0.47388664289267435","9","1","Ohio, Morgan","-81.8531,39.6208","0.5372647613461692","0.246376811594203","0.5030735849546375","0.3827","0.5","0.7247088387345686","0.3816634716360262","0.4670658682634731","0.6170727822364962","0.44030258098244585","0.4406456001882581","0.0"
"0.47387968522818275","9","1","Colorado, Montezuma","-108.5959,37.3386","0.5552703079703198","0.192307692307692","0.5119287283084458","0.2846","0.5","0.8662658896035598","0.5094076638638864","0.12574850299401197","0.6317620454190964","0.3241375951247237","0.40017738212040066","0.5702772836770266"
"0.4737983817582295","9","3","Virginia, Augusta","-79.1246,38.164","0.5514192417398317","0.157303370786517","0.5563059700821139","0.2869","0.75","0.7697111946822568","0.3605301678179829","0.3532934131736527","0.6151952376728468","0.35985343172829426","0.20626176083062214","0.4144576124945267"
"0.4737959497445733","5","10","Nebraska, Chase","-101.6978,40.5237","0.9165040615502721","0.725","0.4014834778136428","0.0901","0.5","0.603814206971114","0.21058324784202045","0.19161676646706588","0.6611775880966219","0.26757948291358946","0.1655060204673727","0.35365685472011765"
"0.47376750375579635","10","2","Florida, Liberty","-84.8829,30.2377","0.44968056832282594","0.00954198473282443","0.44748084056387166","0.7507","0.5","0.4454391386730797","0.647060581328993","0.37724550898203596","0.526341402378779","0.47557824324585063","0.6232756686013663","0.0"
"0.473713515034044","9","3","Indiana, Hancock","-85.7757,39.823","0.6132706423323803","0.139737991266376","0.6150771106353166","0.0271","1.0","0.5484650550776322","0.3407711448717046","0.532934131736527","0.526341402378779","0.37344193247783325","0.06475161961405884","0.5789818793391222"
"0.473621958087352","9","10","Kansas, Nemaha","-96.0139,39.7835","0.8208485051944466","0.43801652892562","0.4554782513020492","0.2041","0.5","0.6813178638986801","0.27367349333159363","0.3712574850299401","0.6114115319998742","0.2884590470707458","0.07818862407259225","0.37051730387499826"
"0.4736213975679674","9","9","Kansas, Dickinson","-97.1553,38.866","0.6310334638741577","0.168539325842697","0.46161359313150013","0.3231","0.675","0.6813178638986801","0.35152380819250595","0.34730538922155696","0.5978576089534523","0.3656754218089222","0.2954665824366025","0.3191077586992599"
"0.47346453915048403","4","2","West Virginia, Hampshire","-78.6083,39.321","0.3791619228973469","0.0672268907563025","0.48354410496136657","0.7182","0.675","0.590915881821042","0.22845273074570768","0.33532934131736525","0.6424111072462477","0.5194747415356742","0.5002076482626157","0.48650586173902655"
"0.4733341378794772","9","3","Minnesota, Anoka","-93.246,45.2748","0.6871503588776723","0.165198792148968","0.6765125338697618","0.2136","1.0","0.42209023252660954","0.5197970332706692","0.29341317365269465","0.45839165180163993","0.24056913859757326","0.03624524949341454","0.5111648340248747"
"0.47316729305785027","10","6","California, San Mateo","-122.3276,37.4229","0.4708685090123159","0.0498929535511496","0.7937517587507763","0.6043","1.0","0.6302607543856039","0.41886299197832","0.3712574850299401","0.5215324091055006","0.07447497200600975","0.08827164583260413","0.41952279365601625"
"0.4728824215400736","9","10","Wyoming, Big Horn","-107.996,44.5241","0.7657796648783537","0.515923566878981","0.46565287682388323","0.2283","0.32499999999999996","0.5947001907015348","0.34504263021554804","0.14371257485029942","0.6299572389493907","0.36026112913027636","0.409538570316581","0.47290822525606296"
"0.47287492444117246","9","7","Minnesota, Aitkin","-93.4117,46.6096","0.6803767692456806","0.370860927152318","0.47490090863062256","0.4266","0.5","0.42209023252660954","0.36179132123275815","0.18562874251497005","0.7941074177005973","0.3667136409491847","0.23829566859894405","0.5088724733412193"
"0.4728451111159016","9","7","Nebraska, Box Butte","-103.0879,42.2208","0.7160796329768242","0.318471337579618","0.46019051900304914","0.4744","0.5","0.603814206971114","0.4842422991119637","0.10179640718562875","0.5627304600978258","0.32755960386062966","0.21598628806899955","0.4608187068353796"
"0.47280804930049203","9","9","Illinois, Hardin","-88.2687,37.5181","0.6254041950144931","0.183673469387755","0.43774876532728696","0.4553","0.5","0.48583792883850596","0.2633715063547075","0.48502994011976047","0.6424111072462477","0.3039864693539112","0.5131730386443772","0.3357892762824881"
"0.4728009713270916","9","3","Kansas, Miami","-94.8383,38.5638","0.6245269017597345","0.155555555555556","0.5017700857941614","0.0634","1.0","0.6813178638986801","0.35377668013673674","0.40119760479041916","0.5517358041566147","0.33861179148269044","0.058112688635033334","0.6419891810343892"
"0.47278814052085777","9","7","Wyoming, Sheridan","-106.8862,44.7905","0.7431360524411554","0.348088531187123","0.512424954263728","0.3664","0.675","0.5947001907015348","0.36237780691816984","0.16167664670658685","0.6114115319998742","0.27018415582569644","0.10735348565071177","0.43287717549594257"
"0.4727581966423857","10","2","California, Lassen","-120.5935,40.6731","0.35856391820628203","0.0119840213049268","0.4485673100856152","0.7198","0.675","0.6302607543856039","0.6841755798794859","0.2634730538922156","0.46689449529952165","0.43700351191216924","0.41251019922969706","0.5387814943546884"
"0.4726938918543516","9","3","Virginia, Frederick","-78.2597,39.2017","0.5780500516650593","0.129953917050691","0.6297886059739083","0.2302","1.0","0.7697111946822568","0.42015645514167343","0.3652694610778443","0.540406913436432","0.29091286994082355","0.15212606023846428","0.0"
"0.47263022325291604","10","2","West Virginia, Mineral","-78.941,39.4156","0.5130332754948397","0.128712871287129","0.5562382300521113","0.4731","0.575","0.590915881821042","0.3143699498915589","0.34131736526946105","0.6299572389493907","0.4428861755469434","0.3501975534928933","0.5739115425147716"
"0.4725562209026001","10","2","Louisiana, Vermilion","-92.3029,29.8352","0.41946177002869833","0.0134357005758157","0.5406956018684071","0.6224","0.75","0.3163258823370422","0.5242411612495937","0.38323353293413176","0.504194780386106","0.4192362264214605","0.5374301586665263","0.5076462841191598"
"0.47227640408099675","9","1","Michigan, Arenac","-83.8928,44.0636","0.5083524391217745","0.160919540229885","0.5441980682542641","0.2709","0.75","0.5192862589944978","0.3033264653023231","0.3173652694610779","0.6806267907799217","0.4390529084876153","0.4763560146115585","0.5020048144036445"
"0.47224283504278886","9","10","South Dakota, Potter","-99.955,45.0658","0.8549902208249991","0.36144578313253","0.37630516548548404","0.1611","0.5","0.7704699034685317","0.3623057229943854","0.14371257485029942","0.743007936898218","0.21459806752103944","0.09268718409941151","0.44130087817745506"
"0.4721518585205482","10","5","New Mexico, Hidalgo","-108.7152,31.9138","0.6149291321482423","0.0810810810810811","0.4288271198060866","0.7876","0.5","0.5871956657568004","0.37840411734797313","0.18562874251497005","0.6371246099900815","0.2611278068786228","0.558126798301172","0.0"
"0.4720345871708313","10","6","Minnesota, Olmsted","-92.4021,44.0037","0.6335123680329432","0.125573770491803","0.6641185145433056","0.5871","1.0","0.42209023252660954","0.4413099712260101","0.3053892215568862","0.5016507991249867","0.17093453635868622","0.03977799500069701","0.2429865279399014"
"0.4720120865732857","9","10","Illinois, De Witt","-88.9096,40.1751","0.7338812876518359","0.373333333333333","0.5610947645403704","0.1318","0.675","0.48583792883850596","0.20532566574398467","0.5089820359281437","0.5858342498966352","0.285594310729813","0.18539410962011577","0.5078362621444928"
"0.4719196920130462","10","2","New York, Oswego","-76.1464,43.4278","0.43660662823476426","0.107876712328767","0.6074935924293132","0.9354","0.75","0.30357014148943134","0.2817399752825202","0.311377245508982","0.5191044408593759","0.373154597573968","0.3934556098397542","0.5564912408568755"
"0.4718369581908361","9","3","Michigan, Oakland","-83.386,42.6609","0.5655301981826703","0.079542976756356","0.7679109559882015","0.184","1.0","0.5192862589944978","0.49256551303203333","0.48502994011976047","0.5334405085950897","0.1856020428754874","0.07101146685905875","0.41103661417293735"
"0.47181336185172923","3","3","Michigan, Grand Traverse","-85.5559,44.6957","0.5351346970254698","0.167987321711569","0.6226248096597294","0.5415","1.0","0.5192862589944978","0.34887398216497995","0.281437125748503","0.5878652729484978","0.2604376769399389","0.11809027546065035","0.391442435620718"
"0.471770722876166","9","3","Louisiana, Ascension","-90.9133,30.2041","0.5362575543896212","0.0364556962025316","0.6442653969945807","0.2658","1.0","0.3163258823370422","0.5780525223644702","0.4191616766467066","0.39950476257029566","0.36523298763627776","0.24247636873147804","0.6148854091918103"
"0.4717397548740786","7","7","Utah, Carbon","-110.5873,39.6483","0.6490071645060199","0.287179487179487","0.5113709945311667","0.5619","0.675","0.4487874423273804","0.33682079289836236","0.16167664670658685","0.540406913436432","0.2697162350490317","0.3829872064689852","0.48394609930648863"
"0.47162055463671826","7","7","Wisconsin, Forest","-88.7708,45.6668","0.7630145911809842","0.150375939849624","0.46256826749083707","0.4062","0.32499999999999996","0.38022621028167947","0.6281377144150434","0.2275449101796407","0.6628376879802886","0.388558880001885","0.43145881473233233","0.0"
"0.4714813792421042","9","3","Virginia, New Kent","-76.9983,37.5069","0.6338057282620884","0.209125475285171","0.5518445182152099","0.0306","1.0","0.7697111946822568","0.6106637620030544","0.34730538922155696","0.542700408721451","0.28225263843844106","0.06936227094652608","0.0"
"0.4710817643348944","10","2","New York, Cayuga","-76.5573,42.9126","0.48074831530436907","0.200692041522491","0.6231765672715287","0.8329","0.675","0.30357014148943134","0.4121613157290068","0.3173652694610779","0.5755097168756041","0.3319482505309111","0.2477153543809181","0.5339172588510652"
"0.47100316357472344","9","3","Kansas, Johnson","-94.8225,38.8855","0.6457601652455359","0.120059656972409","0.718837457801256","0.0783","1.0","0.6813178638986801","0.413364618145249","0.407185628742515","0.4752076683887773","0.1515841679618103","0.045832192347813334","0.4829594115957949"
"0.4709346272918765","9","2","Colorado, Huerfano","-104.9613,37.6847","0.44734382615087276","0.137931034482759","0.48000119032237765","0.6864","0.5","0.8662658896035598","0.4862539766857786","0.08383233532934134","0.7810707630337572","0.2913354067729333","0.3075994419596764","0.4331975096449415"
"0.470905715011069","7","9","Nebraska, Scotts Bluff","-103.7081,41.8507","0.6332174228396275","0.166666666666667","0.5400887203155053","0.2878","0.75","0.603814206971114","0.44842425318543117","0.11976047904191617","0.5878652729484978","0.3734195462863772","0.32073257386591897","0.37607898918239796"
"0.4708984911390875","9","3","Wisconsin, Washington","-88.2297,43.3686","0.7537647690015664","0.218961038961039","0.6458738286990358","0.0433","1.0","0.38022621028167947","0.28713454337948086","0.4610778443113772","0.5539608364828539","0.21915445912015236","0.02163211655528912","0.5599577168485766"
"0.47077975973401226","9","9","Kansas, Elk","-96.2437,37.4534","0.6303926929660814","0.461538461538462","0.38398188835554176","0.1681","0.5","0.6813178638986801","0.21977651020022318","0.3532934131736527","0.7522432506995606","0.5709341137151542","0.4483489934479071","0.0"
"0.47074752758715555","9","3","Virginia, Hanover","-77.4946,37.7583","0.579450741289522","0.112998040496408","0.6257272035732354","0.0509","1.0","0.7697111946822568","0.502369358270871","0.3712574850299401","0.5494974081927578","0.2730987010238792","0.04278256665363894","0.387748607881712"
"0.4707436201476672","9","3","Illinois, Macoupin","-89.9242,39.2612","0.6488081637534191","0.173130193905817","0.5243036908886053","0.149","0.75","0.48583792883850596","0.2578087104245441","0.5089820359281437","0.6037268925796017","0.3450101505654663","0.2747666727505771","0.5525473270678766"
"0.47066399124101915","9","3","Indiana, Rush","-85.4656,39.62","0.6242029553341274","0.155737704918033","0.5438511807293082","0.0799","0.675","0.5484650550776322","0.25424470862699555","0.4970059880239522","0.5691748594129424","0.3829857587454952","0.4369762392011095","0.5146397198019381"
"0.47055418254457326","10","2","New York, Chenango","-75.6089,42.4943","0.5292284982097378","0.166134185303514","0.5867944390813556","0.7571","0.675","0.30357014148943134","0.2614064930633779","0.311377245508982","0.613308186513927","0.399301308258393","0.2978586855774142","0.5401448882763675"
"0.47040014081235715","9","10","South Dakota, Day","-97.6074,45.3673","0.7279055489387389","0.21875","0.39884764811799817","0.0984","0.5","0.7704699034685317","0.47365001161158116","0.14970059880239522","0.7065503696555112","0.3724710808717262","0.29177420997678144","0.37799813060618453"
"0.4703979090078381","9","9","Missouri, Shelby","-92.0763,39.7974","0.6957726151293806","0.25","0.4605961320202412","0.3712","0.5","0.6898109656793697","0.2773771558317633","0.40119760479041916","0.626321192473144","0.3459456043267184","0.3430936696528695","0.0"
"0.4703290489195508","9","3","Ohio, Wyandot","-83.3073,40.8434","0.6364657452938436","0.197841726618705","0.4910958812795887","0.1477","0.75","0.7247088387345686","0.13031171220356547","0.5149700598802395","0.5878652729484978","0.42093990248396906","0.16042859957869626","0.5220152356825977"
"0.4702407720829786","9","3","Texas, Williamson","-97.6005,30.6466","0.4822335222016726","0.0471708438218234","0.6708155816196407","0.1897","1.0","0.8066953714640763","0.5167060204331537","0.44311377245508987","0.41269877075759065","0.20732245041171599","0.1273287761735821","0.5489193606145784"
"0.47023499063715835","9","9","Montana, Sanders","-115.133,47.6766","0.6192747413310071","0.317073170731707","0.3938486830338443","0.1016","0.5","0.6163905315403087","0.3709054553034522","0.38922155688622756","0.7561322439804544","0.325057614941813","0.5166688446823696","0.4027780278052759"
"0.4702195171968935","9","10","South Dakota, Kingsbury","-97.4914,44.3696","0.8627485160895093","0.514492753623188","0.41607991183068327","0.0669","0.5","0.7704699034685317","0.2875838231612922","0.19161676646706588","0.6611775880966219","0.23610876063900477","0.0635985026071393","0.5401820833109219"
"0.47021442889820425","10","2","Louisiana, Vernon","-93.1815,31.1088","0.4309961000157711","0.0226039783001808","0.536707410934058","0.6476","0.675","0.3163258823370422","0.6461249869268173","0.38922155688622756","0.40284731239848715","0.4342370070028507","0.4975160326380195","0.48661586582906297"
"0.470115417345922","5","10","Kansas, Sheridan","-100.4418,39.3502","0.9623550646339529","0.711711711711712","0.4289716290761053","0.0153","0.5","0.6813178638986801","0.22686311127747943","0.22155688622754494","0.6661358670949733","0.17231540259532493","0.10747714203807286","0.189522594350212"
"0.4700676449714213","10","6","California, Santa Clara","-121.697,37.231","0.47412747696763446","0.0595935239407509","0.7935132226063075","0.731","0.825","0.6302607543856039","0.4520186181875003","0.3532934131736527","0.452613368495235","0.060894833425717554","0.1314271194565514","0.4614175560454712"
"0.47002870577847833","9","7","Iowa, Boone","-93.9314,42.0366","0.7070053303765198","0.170403587443946","0.5813359337630796","0.3598","0.75","0.5124529061342115","0.2962939277358371","0.3652694610778443","0.5648909983668218","0.2964738813279933","0.04254918187553434","0.5071548245727685"
"0.4699668291648645","9","1","Kentucky, Owen","-84.824,38.5168","0.519042833053015","0.0973451327433628","0.4446505863589986","0.3282","0.5","0.7986013047908057","0.2654621150957013","0.4730538922155689","0.5670390838965326","0.4961691505018132","0.424104832518263","0.4620495003578077"
"0.46994481739197064","7","7","Wyoming, Uinta","-110.5476,41.2878","0.6085089539726497","0.102244389027431","0.502853443927151","0.6657","0.675","0.5947001907015348","0.3516656350957825","0.17365269461077848","0.43165328621112686","0.3616782379164553","0.307519386257379","0.47498552646817"
"0.4698915494600201","9","10","South Dakota, Gregory","-99.1888,43.1942","0.7670530211081386","0.164772727272727","0.3609123124981881","0.2553","0.5","0.7704699034685317","0.4562130203358204","0.17964071856287425","0.6915204375207985","0.271898050761619","0.24570330387824463","0.2839354096349283"
"0.46980640617995134","9","9","Texas, Cottle","-100.2785,34.0778","0.6171743346820308","0.0909090909090909","0.36902309513892323","0.2111","0.5","0.8066953714640763","0.4931728172527113","0.251497005988024","0.6476236650502001","0.35262848987933515","0.6524492503164986","0.0"
"0.46977921158575436","7","7","Wyoming, Campbell","-105.5474,44.2489","0.7207239418809991","0.37","0.5023661356109721","0.7007","0.575","0.5947001907015348","0.32797961409182147","0.16766467065868262","0.2911671324946231","0.293423437716695","0.19129873239486092","0.4822607529004846"
"0.4696613287244881","9","1","Virginia, Isle of Wight","-76.7084,36.9058","0.548716795324514","0.0573870573870574","0.5812793316597693","0.2397","0.75","0.7697111946822568","0.5779330174880057","0.3592814371257485","0.5775976316230177","0.34666418124549936","0.26811429822699023","0.0"
"0.46961588324443904","9","10","Nebraska, Otoe","-96.1337,40.6484","0.7085518439366345","0.272373540856031","0.49409295829988015","0.1487","0.75","0.603814206971114","0.29271386720112247","0.3712574850299401","0.5998243249034969","0.3284695851260098","0.1414962132199457","0.4645270390687529"
"0.4695816594030967","9","1","Kentucky, Ballard","-88.9943,37.0584","0.5179645592523746","0.121212121212121","0.5170375412322792","0.3556","0.5","0.7986013047908057","0.35917220739790007","0.48502994011976047","0.6189409155096902","0.46864279343642157","0.41122858131485374","0.0"
"0.4692586432178003","9","2","Ohio, Harrison","-81.0907,40.2938","0.43486693017221234","0.105263157894737","0.4854811456520277","0.4753","0.5","0.7247088387345686","0.2805956996921054","0.48502994011976047","0.626321192473144","0.44630424225049253","0.45064759734186005","0.5030909591612909"
"0.46922506076232395","9","7","Minnesota, Wilkin","-96.4684,46.3572","0.7638326614788061","0.344262295081967","0.47364663409963426","0.6804","0.5","0.42209023252660954","0.3655825310912244","0.2035928143712575","0.5998243249034969","0.3222612635476934","0.01933448156544869","0.39373635237137083"
"0.469084638828783","10","2","Michigan, Lake","-85.8022,43.9905","0.44923148066825147","0.162790697674419","0.4729774704489899","0.6877","0.5","0.5192862589944978","0.5499521617674031","0.3053892215568862","0.734905621980166","0.3147893988606357","0.5740838012433704","0.0"
"0.4690768878358075","7","10","South Dakota, Butte","-103.5079,44.9061","0.8044660398961334","0.425339366515837","0.4272898201289901","0.4524","0.25","0.7704699034685317","0.3847659369495959","0.12574850299401197","0.6075890184122873","0.3094282084717375","0.31193492452418636","0.0"
"0.46877857867745604","3","3","New Hampshire, Hillsborough","-71.72,42.9154","0.5355485748022152","0.0931822621605782","0.6945385324260481","0.4998","1.0","0.6081192202308006","0.3338859485135741","0.2694610778443114","0.5067215141840639","0.2419690170181025","0.09802681466354018","0.4434950810038636"
"0.4687714566762528","9","3","Louisiana, St. Charles","-90.3556,29.9071","0.5557202817053183","0.037192247249869","0.6067462868247977","0.2436","1.0","0.3163258823370422","0.5816834035907682","0.3592814371257485","0.4437744133187831","0.38602731639889876","0.23871883747008962","0.551177606997605"
"0.4687702718818698","10","2","New York, Oneida","-75.4371,43.2438","0.4282523663926234","0.0443501735441573","0.6759461413858878","0.8679","0.75","0.30357014148943134","0.42538472983022285","0.3053892215568862","0.579673914473061","0.3613967619830328","0.2840756612376951","0.4269716476270371"
"0.46876838567637513","9","3","Illinois, Iroquois","-87.8247,40.7472","0.650246403642002","0.171492204899777","0.5189988130241469","0.1566","0.75","0.48583792883850596","0.2668154144930539","0.5209580838323353","0.6353456481032828","0.30555380306362884","0.2944366373649878","0.4273927613597075"
"0.46855138885776554","9","9","Illinois, Schuyler","-90.6111,40.1572","0.6613829195395856","0.265822784810127","0.4893910484243978","0.2257","0.5","0.48583792883850596","0.3172034574549342","0.4550898203592814","0.6424111072462477","0.34397678863018677","0.4455337214359499","0.3307595941570733"
"0.4685417675541564","10","6","Massachusetts, Bristol","-71.1087,41.7923","0.5406543615195697","0.0582138538607704","0.6729603460582114","0.6466","1.0","0.18489378053159447","0.4538639589523053","0.23353293413173656","0.542700408721451","0.28397598377787925","0.21969113516926939","0.47562143271039775"
"0.4684676035453201","9","1","Texas, Sabine","-93.8544,31.3432","0.42061558279979533","0.0574712643678161","0.4323790422984778","0.2139","0.5","0.8066953714640763","0.5269956378986398","0.3712574850299401","0.7725308062309592","0.36597838003340893","0.5564813568920753","0.4587047505710519"
"0.46842963046511","9","9","Kansas, Haskell","-100.8711,37.562","0.7645882315387624","0.174193548387097","0.45114834886964095","0.2467","0.5","0.6813178638986801","0.2858454638311424","0.2634730538922156","0.48601108590571473","0.2618555586665257","0.47086051159832726","0.4191822822223466"
"0.4684096656127456","9","9","Texas, Fisher","-100.4019,32.7428","0.6938130762758512","0.180722891566265","0.3970736082192466","0.0592","0.5","0.8066953714640763","0.4901231848218882","0.2754491017964072","0.6710290464557254","0.18202214533237912","0.44610258926301644","0.4050632726676419"
"0.4683842793241056","9","9","West Virginia, Clay","-81.0765,38.4623","0.6126323646463969","0.327272727272727","0.3555981307966281","0.4651","0.5","0.590915881821042","0.12106483010465581","0.37724550898203596","0.6114115319998742","0.5822088581697381","0.5560414744249886","0.0"
"0.4683253009944846","9","9","Iowa, Davis","-92.4101,40.7477","0.6269198206240055","0.136363636363636","0.5451905567303975","0.5918","0.5","0.5124529061342115","0.09326914062909879","0.38323353293413176","0.5691748594129424","0.2872359337219384","0.5167889887923228","0.4388779486683647"
"0.4681431794167481","9","9","Indiana, Switzerland","-85.0302,38.8277","0.5425911425470812","0.151162790697674","0.5248128171881637","0.454","0.5","0.5484650550776322","0.25384652647061035","0.4970059880239522","0.5691748594129424","0.5514155886000123","0.5210096562194986","0.0"
"0.4681387093794442","9","10","Iowa, Delaware","-91.3664,42.471","0.8147802865774495","0.253731343283582","0.5895586636661581","0.0996","0.75","0.5124529061342115","0.16972278562936172","0.38922155688622756","0.595880459448231","0.2660971981537091","0.05657903453791935","0.5176097494036407"
"0.46812890294351334","9","10","Indiana, Pike","-87.2357,38.4011","0.7501983791631149","0.238095238095238","0.5433060558271895","0.1601","0.5","0.5484650550776322","0.21231230710746787","0.5568862275449102","0.6114115319998742","0.495913302650011","0.228673239631424","0.0"
"0.4681169294265473","9","3","Wisconsin, Waukesha","-88.3043,43.0183","0.7211659423209172","0.180051813471503","0.7013824726907147","0.1028","1.0","0.38022621028167947","0.2921182999473924","0.4970059880239522","0.5691748594129424","0.18837273295197088","0.006178822638589932","0.44252293869310894"
"0.46793253562964976","9","10","Nebraska, Kimball","-103.7148,41.1977","0.6925587532385781","0.424242424242424","0.4123595687579835","0.2423","0.5","0.603814206971114","0.3104612121552355","0.10778443113772454","0.6930510015104033","0.39517778494553857","0.43230709028284864","0.4167666087842323"
"0.46777486526667944","9","2","Pennsylvania, Jefferson","-78.9986,41.1291","0.4455998751054886","0.174825174825175","0.5711013825280649","0.4594","0.675","0.7607330979588356","0.15403342722075708","0.4670658682634731","0.6207997313712245","0.3986969800482836","0.29699163750971785","0.48390283151365504"
"0.46773102001496547","9","1","Georgia, Lincoln","-82.4502,33.792","0.5017427095761761","0.0316742081447964","0.4374065503176333","0.2904","0.5","0.7922333288990623","0.6132079852747508","0.44311377245508987","0.6644904259777605","0.36140650318947415","0.47418530606045894","0.0"
"0.46769610746827855","9","3","Iowa, Dallas","-94.0413,41.6856","0.6940486380060307","0.107425441265977","0.7035873104582322","0.1595","1.0","0.5124529061342115","0.3308995911109328","0.3712574850299401","0.41269877075759065","0.1948540398061454","0.01063081592263107","0.7229722169714664"
"0.46757918511879043","3","3","Texas, Comal","-98.2765,29.8081","0.41092416694350054","0.0230333097094259","0.6614514049660271","0.3324","1.0","0.8066953714640763","0.4147175084023423","0.43113772455089816","0.5734100391661536","0.19393698146119107","0.14629131967283504","0.49174478417578443"
"0.4673460474028125","9","9","Arkansas, Madison","-93.7252,36.0104","0.6073840740944867","0.0806845965770171","0.44385829529731846","0.3792","0.575","0.610486779204959","0.3206810134681727","0.3712574850299401","0.5878652729484978","0.4748191772051323","0.5198550858564102","0.0"
"0.46732871545029386","9","9","Missouri, Montgomery","-91.47,38.9402","0.5950925925093045","0.192660550458716","0.5213554508889094","0.3973","0.5","0.6898109656793697","0.2847283042422522","0.4191616766467066","0.6207997313712245","0.3973732150650202","0.42701784273257126","0.0"
"0.4672874366188551","9","10","Illinois, Shelby","-88.8061,39.3913","0.7593222807668595","0.243103448275862","0.5147808430237081","0.113","0.675","0.48583792883850596","0.11134542076648103","0.5149700598802395","0.6458942336050534","0.3048928608308735","0.1930318596261411","0.5249646502192139"
"0.4672694686084355","9","10","Texas, Lipscomb","-100.2733,36.2778","0.7872242411970417","0.428571428571429","0.3742211872759249","0.0965","0.5","0.8066953714640763","0.4064545293318838","0.23952095808383234","0.5191044408593759","0.21992206175706003","0.49610349155497124","0.0"
"0.4672529230492174","9","1","Idaho, Bonner","-116.6018,48.3","0.5679248463497929","0.153846153846154","0.5207475365906307","0.3512","0.575","0.771056031651189","0.22426092351275848","0.4191616766467066","0.6710290464557254","0.21877257703710173","0.27446946141405987","0.6364581840189748"
"0.4672317836136013","9","9","Idaho, Lincoln","-114.1359,43.0012","0.7602045001186561","0.267175572519084","0.4512102316664093","0.2856","0.5","0.771056031651189","0.29158693156275534","0.21556886227544908","0.4407808887294848","0.2787927144547212","0.5717025982738247","0.0"
"0.46715388704400856","7","7","Montana, Teton","-112.2411,47.8374","0.7384304480151878","0.459459459459459","0.3795626974011582","0.7383","0.32499999999999996","0.6163905315403087","0.26616400365816245","0.17365269461077848","0.6644904259777605","0.21499441488766777","0.21810225353774143","0.33392143333766117"
"0.4668810733415599","9","1","Virginia, Giles","-80.7064,37.3123","0.526206031268929","0.160714285714286","0.5565007296945034","0.1309","0.75","0.7697111946822568","0.26652986740990264","0.34730538922155696","0.6371246099900815","0.4370287716204234","0.287054314705627","0.5159726368313657"
"0.46679343853652766","9","9","Colorado, Kit Carson","-102.6022,39.305","0.6626920801911219","0.213592233009709","0.455957929945758","0.4015","0.5","0.8662658896035598","0.3266266281618648","0.18562874251497005","0.579673914473061","0.2632598372690498","0.2703098349459733","0.44433777561940035"
"0.4667360738817226","9","9","Texas, Knox","-99.7423,33.6052","0.6017037558385328","0.0636363636363636","0.37176292223204643","0.198","0.5","0.8066953714640763","0.5401457400078882","0.2874251497005988","0.5858342498966352","0.27994394545298035","0.5716063134276425","0.3134193198503022"
"0.4665661703869522","10","2","Louisiana, Beauregard","-93.3417,30.6484","0.4435199093356287","0.0200956937799043","0.5315836580937625","0.3871","0.75","0.3163258823370422","0.6076224367038564","0.38323353293413176","0.5166605513962695","0.4721618845475537","0.49559699693014847","0.5058891333302283"
"0.46652833503870855","9","10","Iowa, Iowa","-92.0643,41.6863","0.7812170773390755","0.332439678284182","0.5802249056454409","0.1347","0.75","0.5124529061342115","0.17917848573976944","0.4131736526946108","0.5817386943120182","0.2698991398695805","0.03561739962849795","0.5107129429398954"
"0.46652342639294453","9","9","Kansas, Linn","-94.8425,38.2127","0.6168158307080461","0.194444444444444","0.4323390731309806","0.2082","0.675","0.6813178638986801","0.3122253523515888","0.37724550898203596","0.6527643232093532","0.4442733443746037","0.408915564972227","0.0"
"0.4662794614207794","9","7","New York, Schuyler","-76.8773,42.3918","0.6114108589105157","0.420454545454545","0.5928546149783072","0.5654","0.575","0.30357014148943134","0.2618000292694157","0.29940119760479045","0.6189409155096902","0.3192928661619455","0.29170045215121543","0.5235572611827702"
"0.46619368831552493","9","1","Texas, Wheeler","-100.27,35.4011","0.5887675444486529","0.152542372881356","0.4574606050885803","0.2194","0.5","0.8066953714640763","0.4978544261016408","0.251497005988024","0.5898852876912913","0.2689021055013447","0.5326765939774616","0.3097193211386636"
"0.4661517810954343","9","10","Oklahoma, Grant","-97.7864,36.7963","0.7089333753305554","0.256756756756757","0.4039858006304829","0.0277","0.5","0.9523454485741492","0.49482712024307596","0.34730538922155696","0.6317620454190964","0.37809343829946773","0.1901662046003325","0.0"
"0.4660997271598927","7","7","Alaska, Anchorage","-149.1427,61.15","0.7159629016170547","0.221821164889253","0.6681951130401846","0.8176","0.675","0.0","0.7185197689240339","0.0","0.3606106398115555","0.2811994770152286","0.18090130125033446","0.4468049059401152"
"0.4658542305956212","9","3","Illinois, McHenry","-88.4525,42.3245","0.6419117217818814","0.144545943041376","0.6593921821387776","0.0408","1.0","0.48583792883850596","0.3297009336238686","0.5449101796407185","0.47245716285929296","0.26345995572457753","0.07374716762077481","0.5516401920467127"
"0.4658237324784505","9","3","Virginia, Greene","-78.4653,38.2955","0.5914086237595642","0.131086142322097","0.5682373363731764","0.1188","1.0","0.7697111946822568","0.44240617570752555","0.32934131736526945","0.540406913436432","0.24835953403272296","0.2614695538232896","0.0"
"0.4656229577556219","10","2","Louisiana, Grant","-92.5612,31.5988","0.48149065808043207","0.0328820116054159","0.47231017323859353","0.4849","0.675","0.3163258823370422","0.6247819723252548","0.38922155688622756","0.49908933331939354","0.6084727239683105","0.5300176788666632","0.0"
"0.4655791869015895","9","10","Kansas, Decatur","-100.4594,39.7847","0.7921379750470234","0.470588235294118","0.4230480895301988","0.0583","0.5","0.6813178638986801","0.27011672615981674","0.21556886227544908","0.7403266893073597","0.3672231939570267","0.25438347359633345","0.18763176456077318"
"0.4655696264792578","9","10","Iowa, Tama","-92.5327,42.0799","0.7499963162566498","0.114221724524076","0.5770796864629151","0.1964","0.5","0.5124529061342115","0.534613778609899","0.38922155688622756","0.6037268925796017","0.36864682715133285","0.20537703026287218","0.0"
"0.4655562580190453","10","2","Colorado, Saguache","-106.2825,38.0805","0.5378203348881819","0.0672268907563025","0.3755247802873265","0.5702","0.5","0.8662658896035598","0.45207694094807216","0.06586826347305387","0.6441567395133083","0.3858295175829435","0.5813668112311974","0.0"
"0.46553499887625466","9","10","Iowa, Plymouth","-96.2137,42.7376","0.8228335786625256","0.173742651861528","0.5886770341184441","0.0911","0.575","0.5124529061342115","0.34619761497341783","0.3532934131736527","0.579673914473061","0.28474615088808575","0.06151172537478726","0.5651589084608897"
"0.4655279628175035","9","10","Iowa, Calhoun","-94.6405,42.3852","0.7270328763681004","0.189922480620155","0.5339061460704421","0.3107","0.5","0.5124529061342115","0.352958615335643","0.34730538922155696","0.6661358670949733","0.3490300296329325","0.11013048595022425","0.44787332909696226"
"0.46551964674846047","9","10","Montana, Sheridan","-104.5038,48.7209","0.7845923904849633","0.58695652173913","0.429141733902015","0.34","0.5","0.6163905315403087","0.3590349886061759","0.19161676646706588","0.6527643232093532","0.26494950427272346","0.13406932097140872","0.1521383566094638"
"0.4653658338532194","4","2","Texas, Zapata","-99.1699,27.0016","0.42627166277472844","0.0204678362573099","0.4994534055398135","0.6966","0.675","0.8066953714640763","0.1362149685807911","0.29341317365269465","0.4833394486037307","0.27569407822388753","0.8747494020347714","0.0"
"0.4653106690099045","3","2","New Jersey, Cape May","-74.8017,39.1501","0.36305026894673487","0.026046511627907","0.6312829643118846","0.5202","1.0","0.5465970409188426","0.3860779481091214","0.3592814371257485","0.7050743605672205","0.3051914111621493","0.2189702705095503","0.446118003476995"
"0.4652984017392413","9","1","Virginia, Surry","-76.8845,37.1178","0.573834712824092","0.072992700729927","0.4382778835973579","0.2588","0.5","0.7697111946822568","0.6296096202263837","0.33532934131736525","0.6317620454190964","0.3756360823628338","0.4060207217100286","0.0"
"0.4652171374208868","10","9","Illinois, Cass","-90.2473,39.9699","0.6532407193316094","0.0779510022271715","0.5068458103689129","0.5272","0.5","0.48583792883850596","0.44228892866481334","0.4670658682634731","0.5517358041566147","0.29548941566483405","0.3666731623613211","0.0"
"0.4651716313346445","10","2","Texas, Dickens","-100.7789,33.6162","0.41284481273330553","0.0196078431372549","0.3686447625165725","0.7373","0.5","0.8066953714640763","0.5740794734210136","0.24550898203592814","0.6726459331898672","0.1962231806044122","0.6716317350492949","0.0"
"0.46515850400453906","10","3","Colorado, Boulder","-105.3547,40.0931","0.5446851468994187","0.0804643714971978","0.6908737534764587","0.5673","0.825","0.8662658896035598","0.33472876628112","0.281437125748503","0.46124754169706367","0.04610544809022135","0.1014713898965828","0.47621266453216576"
"0.46511168768580635","4","2","Washington, Clallam","-123.9226,48.0475","0.2777478368061324","0.048","0.5542893535494346","0.7552","0.575","0.9576955189784127","0.5103174928594463","0.16766467065868262","0.7443413616038496","0.28103964133080567","0.31410611752734213","0.4717446950985501"
"0.46510464218596853","10","2","Michigan, Manistee","-86.0563,44.3335","0.49754842049857206","0.192660550458716","0.5600346080505658","0.5011","0.5","0.5192862589944978","0.5461853645963438","0.281437125748503","0.6930510015104033","0.30658528634796856","0.32101634165787485","0.48982142788532274"
"0.46502852506621123","9","10","Wisconsin, Marquette","-89.4007,43.8191","0.8036172492638094","0.284848484848485","0.49827525911176895","0.2174","0.5","0.38022621028167947","0.2979881760312126","0.3592814371257485","0.6806267907799217","0.4484972836703983","0.2790940407431447","0.0"
"0.46499852087712856","9","3","Michigan, Mason","-86.2499,43.9951","0.5451331413788358","0.208092485549133","0.5658956506024334","0.327","0.75","0.5192862589944978","0.33909146022946324","0.3233532934131737","0.6611775880966219","0.3437365702235009","0.2658602639222135","0.5004026585210923"
"0.4648846141503996","10","2","Oregon, Hood River","-121.6552,45.5187","0.4510615457605786","0.0522388059701493","0.5569212058362009","0.9169","0.75","0.7438233614458837","0.2923644676747248","0.18562874251497005","0.5117241638959221","0.16530273181689173","0.25628046673564464","0.5566785391464728"
"0.4647380285789108","10","6","New York, Ulster","-74.2625,41.8903","0.43736812096716515","0.0398175031107424","0.6470225242215975","0.8023","0.825","0.30357014148943134","0.4480216820087038","0.3532934131736527","0.5918944128138512","0.2521433804786459","0.22723635483254853","0.49082878848933914"
"0.46470089624632144","9","3","Virginia, York","-76.5441,37.2437","0.48811566758542246","0.0876623376623377","0.6882231889251914","0.1538","1.0","0.7697111946822568","0.5406776746650528","0.3532934131736527","0.5191044408593759","0.19967627190393364","0.08466029797919301","0.4709887661912733"
"0.46464089630655964","9","10","Minnesota, Hubbard","-94.9169,47.1078","0.7599306264994665","0.461794019933555","0.511615125267202","0.3266","0.5","0.42209023252660954","0.3706996258768257","0.2035928143712575","0.6945753055071017","0.29331566969884676","0.12499953068707051","0.45959864736327566"
"0.46452945925928146","9","1","Virginia, Middlesex","-76.5506,37.6319","0.5515460881048572","0.100719424460432","0.5078209159430482","0.3037","0.575","0.7697111946822568","0.5575533353194841","0.33532934131736525","0.7810707630337572","0.3065392431822273","0.24066851477051932","0.0"
"0.46442334989222217","9","3","Indiana, Whitley","-85.5079,41.1386","0.6691344047260952","0.259433962264151","0.5775221137836104","0.0299","0.75","0.5484650550776322","0.19521637304254957","0.532934131736527","0.5627304600978258","0.39710908615052015","0.11866108109594198","0.5804011594417116"
"0.4644196765336697","7","7","Montana, Dawson","-104.8944,47.2658","0.7911362017990189","0.452830188679245","0.46777788699399","0.5285","0.5","0.6163905315403087","0.3588759241322231","0.155688622754491","0.5775976316230177","0.22110244629691778","0.0409665981207378","0.26818143274403217"
"0.46416258182499065","9","3","Indiana, Hendricks","-86.5104,39.7672","0.582099928582497","0.087246192893401","0.6330532492664873","0.0802","1.0","0.5484650550776322","0.4295614930642506","0.5508982035928144","0.45839165180163993","0.2855948145325131","0.06804904253501165","0.4978916900781825"
"0.4640995415889143","9","3","Michigan, Barry","-85.3083,42.5951","0.6482651705413759","0.32621359223301","0.4882161043116733","0.1102","0.75","0.5192862589944978","0.25273638930136033","0.49101796407185627","0.5734100391661536","0.39583276285910174","0.14075815051222937","0.5920337563492248"
"0.4640947102587543","9","3","Georgia, Dawson","-84.1696,34.4424","0.5713273054219846","0.0428893905191874","0.5795230476507708","0.0907","1.0","0.7922333288990623","0.2606213915068088","0.4191616766467066","0.6095051758860066","0.34860320724764243","0.2510730915828756","0.0"
"0.4640735688677232","5","10","South Dakota, Haakon","-101.5391,44.293","0.885456619818207","0.5","0.3178440109149859","0.4476","0.0","0.7704699034685317","0.2971551682068688","0.11377245508982038","0.6884403224054082","0.26910703522294777","0.28866705560092587","0.28844422078306725"
"0.46405473393602553","9","3","Pennsylvania, Bucks","-75.1084,40.3368","0.4941785890775548","0.0548059826377994","0.7082025896777223","0.1983","1.0","0.7607330979588356","0.3662392231582586","0.4251497005988024","0.5712984652022484","0.2239137826876348","0.04384896674248746","0.4802977683230865"
"0.464051350236935","9","9","Arkansas, Searcy","-92.6994,35.9109","0.6548322096828502","0.129943502824859","0.4617905387688076","0.2623","0.5","0.610486779204959","0.3051743054722169","0.37724550898203596","0.6991111644276193","0.4590048072852033","0.4234764982012901","0.0"
"0.4637752199995774","9","2","Colorado, Lincoln","-103.5137,38.9875","0.47389482325492827","0.166666666666667","0.42329676890802603","0.5836","0.675","0.8662658896035598","0.5484517131663275","0.14970059880239522","0.560557323866868","0.24968889853394977","0.3251524722012327","0.2948123868834079"
"0.46372222949784075","9","1","Virginia, King and Queen","-76.8869,37.7104","0.5341143834328284","0.0930232558139535","0.45964379970866415","0.0649","0.5","0.7697111946822568","0.7160134485572135","0.33532934131736525","0.6595100604482558","0.5367258829311181","0.3728965545890872","0.0"
"0.46358975529628776","9","2","Arkansas, Montgomery","-93.6582,34.537","0.5323421420247456","0.0558659217877095","0.45409964264958796","0.5091","0.5","0.610486779204959","0.3083715932134467","0.38922155688622756","0.7252247709976565","0.39968277821103976","0.5398965040849603","0.0"
"0.4635732878269634","9","10","Wisconsin, Price","-90.361,45.6805","0.796684245679914","0.415770609318996","0.48624656299052","0.354","0.5","0.38022621028167947","0.2888005374125055","0.2275449101796407","0.6945753055071017","0.26723692121202935","0.1525775695549012","0.4877243236787617"
"0.4634845034318126","9","10","Iowa, Jackson","-90.5735,42.1718","0.755125817396477","0.233269598470363","0.6051291483185987","0.164","0.575","0.5124529061342115","0.2048346631402206","0.43113772455089816","0.6226493223021841","0.2519756488798691","0.15512445512768883","0.5336061634352257"
"0.46344754343916594","9","1","West Virginia, Wetzel","-80.6402,39.6066","0.515318399571678","0.185185185185185","0.5597573101420062","0.2413","0.575","0.590915881821042","0.08789608389723849","0.44910179640718567","0.6595100604482558","0.5590021253597125","0.4897019420835145","0.4000410026176635"
"0.46340831832446744","9","3","Ohio, Lake","-81.2368,41.6971","0.4629350224149737","0.081754195993503","0.6768714542922237","0.1528","1.0","0.7247088387345686","0.34669328511853087","0.47904191616766467","0.5978576089534523","0.27354557455166567","0.09483197446550103","0.49607734547609983"
"0.4633302901340044","9","1","Virginia, Orange","-78.0156,38.2453","0.48284247259983365","0.0754716981132075","0.5739118079041936","0.3088","0.75","0.7697111946822568","0.5345750060282757","0.34730538922155696","0.6114115319998742","0.3980445373308976","0.25302712895181173","0.0"
"0.46325244988019143","7","5","Alaska, Nome","-164.0354,64.9032","0.6410503027977211","0.240740740740741","0.3030314027335901","0.9102","0.32499999999999996","0.0","0.7357552084415437","0.0","0.2533938881977874","0.6126956247785277","0.7242059255511035","0.4067548928703324"
"0.46322539692534365","5","10","Montana, Wibaux","-104.2511,46.9593","0.8869708035550263","0.486486486486487","0.38554520097598927","0.0697","0.0","0.6163905315403087","0.8007650530499731","0.1377245508982036","0.6353456481032828","0.2942500904843766","0.3899261343838515","0.0"
"0.46314530378643837","9","3","Michigan, Clinton","-84.6015,42.944","0.5873086260170768","0.155606407322654","0.5890322403501995","0.0831","1.0","0.5192862589944978","0.3503430186641894","0.4550898203592814","0.5357771420024626","0.29180847506441054","0.06522468704699948","0.7071597722888401"
"0.4629518327454105","5","7","North Dakota, Walsh","-97.7257,48.3688","0.8144893727906729","0.316417910447761","0.47922739772154155","0.4317","0.675","0.10985976568982879","0.36260101509057924","0.2095808383233533","0.6299572389493907","0.31568188330820524","0.1560432184523913","0.44562832916355766"
"0.46260813926233346","4","8","Texas, Rusk","-94.7618,32.1077","0.0","0.0","0.537459593057892","0.7803","0.825","0.8066953714640763","0.6241218097110024","0.43113772455089816","0.5380992168517501","0.4362616586383283","0.556161618534942","0.49472949594055865"
"0.4624922872526144","9","10","Iowa, Dickinson","-95.151,43.3779","0.756686871361904","0.159824046920821","0.6397902593428079","0.263","0.75","0.5124529061342115","0.1388647449083008","0.29940119760479045","0.7006109322771243","0.2609731646132935","0.026835616091607943","0.43519113564074735"
"0.4623386250346479","9","7","Minnesota, Norman","-96.4562,47.3263","0.6869957231165505","0.258064516129032","0.45733823144589114","0.6113","0.5","0.42209023252660954","0.3884712642023263","0.19760479041916168","0.6406572602088578","0.32935248203725176","0.151119126639522","0.4695557191951726"
"0.46222155096232553","9","10","Wisconsin, Lincoln","-89.7341,45.3374","0.7758087370087715","0.386363636363636","0.5391362198282202","0.3082","0.575","0.38022621028167947","0.28428787628147445","0.2634730538922156","0.6281436499318728","0.30319340095899433","0.10821241914646572","0.5103857920087971"
"0.4620598683937428","9","3","Tennessee, Williamson","-86.8928,35.891","0.6947481771055554","0.140653917334978","0.6538293470382501","0.0462","1.0","0.4911779531988354","0.370449380492937","0.47904191616766467","0.4407808887294848","0.16178861419514798","0.02904459635515229","0.5924765146258727"
"0.4620229940629454","10","9","Colorado, Lake","-106.3556,39.2028","0.6253380838222832","0.153846153846154","0.3786000951344375","0.6351","0.5","0.8662658896035598","0.41734373761246524","0.05389221556886227","0.41912465076501093","0.2076039385022215","0.44640403955502594","0.42136914513289936"
"0.4618933909620818","9","10","Illinois, Mason","-89.9182,40.2392","0.7032143541404514","0.245689655172414","0.49707136637414245","0.1047","0.5","0.48583792883850596","0.23244626310858713","0.49101796407185627","0.6493451083308717","0.3256790683593853","0.34829293023369606","0.516792089543283"
"0.46167728620844145","9","9","Kansas, Edwards","-99.3126,37.8874","0.6511033718419044","0.133333333333333","0.45702843911289553","0.2754","0.5","0.6813178638986801","0.3929472954091352","0.2694610778443114","0.6189409155096902","0.5153863843640143","0.20980698097835332","0.31250404843402124"
"0.4616040098959941","9","1","Virginia, Nelson","-78.885,37.7879","0.5190460017299239","0.12","0.5008794377441044","0.4066","0.675","0.7697111946822568","0.5223523873842562","0.32934131736526945","0.7050743605672205","0.26389586506684226","0.23958055656516705","0.0"
"0.46148877356730467","7","2","Colorado, Garfield","-107.9027,39.5992","0.5815492225515436","0.0921919096895579","0.550142910155916","0.5915","0.675","0.8662658896035598","0.35760644258444113","0.12574850299401197","0.42856039038869453","0.14971787204270356","0.2842322603648821","0.47973278046692164"
"0.46145358175203477","9","3","Indiana, White","-86.8649,40.7491","0.6193311835259823","0.0953237410071942","0.5643544806473579","0.0688","0.75","0.5484650550776322","0.2424131981613522","0.5209580838323353","0.6037268925796017","0.3529624596740927","0.24033157836538852","0.5603363884882434"
"0.46128774167565323","9","3","Minnesota, Washington","-92.8843,45.0386","0.6964953799225595","0.200154858691444","0.6656700134988089","0.1293","1.0","0.42209023252660954","0.44189431375723603","0.32934131736526945","0.4806485213347297","0.1416996710813986","0.010316890990172774","0.6076398624786418"
"0.4610935604960268","9","10","Wisconsin, Rusk","-91.1333,45.475","0.7224830333320581","0.466216216216216","0.48407549146826184","0.3015","0.5","0.38022621028167947","0.3330016915549583","0.23952095808383234","0.6726459331898672","0.2342015209222855","0.3319596291567955","0.4944447602088006"
"0.4610547035520508","9","10","Wisconsin, Door","-87.3,44.9586","0.7503057171072645","0.268921095008052","0.5458603816665749","0.1302","0.75","0.38022621028167947","0.2899106591617872","0.3173652694610779","0.7443413616038496","0.2601664886166396","0.0464174104317788","0.5769423458101207"
"0.4609847840090916","9","9","Kentucky, Hancock","-86.7828,37.8377","0.6367017123838574","0.191304347826087","0.4993183902472151","0.127","0.5","0.7986013047908057","0.2902645410167639","0.5449101796407185","0.5494974081927578","0.4245988124433443","0.34071270890935196","0.0"
"0.46085778471017647","10","2","Nevada, Humboldt","-118.1109,41.4069","0.5402730120113984","0.133333333333333","0.435149946166276","0.6084","0.675","0.5897697212390978","0.48111153259028155","0.22155688622754494","0.4377631248108773","0.3462128285447987","0.3514479242501076","0.39392229670611795"
"0.46073345825014966","9","7","Wyoming, Natrona","-106.7979,42.9618","0.6962476677628813","0.320773930753564","0.5331966574095668","0.4766","0.575","0.5947001907015348","0.40437568810967467","0.05389221556886227","0.4806485213347297","0.3160650561049419","0.2125593953360105","0.42224873755513137"
"0.46066359332132506","7","7","Minnesota, Chippewa","-95.564,45.0234","0.8094941115627294","0.306451612903226","0.5140946169577512","0.4575","0.32499999999999996","0.42209023252660954","0.35845974028748806","0.2095808383233533","0.6281436499318728","0.29435849391538743","0.1466762168315358","0.45086008476825823"
"0.46065648007867377","10","2","California, Marin","-122.7211,38.0712","0.513750591945023","0.0360979802320584","0.7294050639270783","0.6985","0.575","0.6302607543856039","0.43954368021060464","0.43712574850299407","0.6371246099900815","0.029407440152408277","0.0320736328369355","0.49467920199825727"
"0.4605805201814994","9","9","Texas, Sutton","-100.5382,30.4986","0.6564730198652824","0.115789473684211","0.44741750874546166","0.3117","0.5","0.8066953714640763","0.29570129614338037","0.25748502994011974","0.5561726637917245","0.22662188721909904","0.4456601634226344","0.42145059007387065"
"0.4604988538225443","4","2","Texas, Newton","-93.7441,30.7855","0.3868821618053394","0.0267379679144385","0.42525627062755594","0.3289","0.5","0.8066953714640763","0.6236517297101167","0.38922155688622756","0.6114115319998742","0.3931895158249542","0.6973353077984307","0.0"
"0.46048389545486146","9","1","Oklahoma, Ellis","-99.7532,36.218","0.5480335955156098","0.263157894736842","0.4156305844267375","0.0455","0.5","0.9523454485741492","0.4172511735381045","0.251497005988024","0.6424111072462477","0.4116409432758203","0.4495557635200577","0.33710746091836497"
"0.46045441906161566","9","3","Illinois, Grundy","-88.4191,41.2857","0.6491654506271528","0.164144353899884","0.6089333819191689","0.0602","1.0","0.48583792883850596","0.29861647127691776","0.5389221556886228","0.46689449529952165","0.24950296403526054","0.09382358751039","0.49592690036796927"
"0.46039834393473544","9","3","Minnesota, Dakota","-93.063,44.6717","0.6485249911582883","0.128328767123288","0.6977014791220465","0.1496","1.0","0.42209023252660954","0.4892348828991025","0.3173652694610779","0.46124754169706367","0.1949135373807165","0.024391313241733943","0.6259163627969563"
"0.4602654642091936","9","3","Georgia, Forsyth","-84.1232,34.226","0.5641112083605186","0.0745054945054945","0.6524171599931708","0.0159","1.0","0.7922333288990623","0.41376360396030937","0.49101796407185627","0.40944379978250145","0.1701609625439598","0.0939644419457484","0.5337725465285362"
"0.46001269160929253","9","10","Missouri, Holt","-95.2164,40.098","0.7132543673686058","0.188679245283019","0.4479698945696306","0.256","0.5","0.6898109656793697","0.2605455279452467","0.39520958083832336","0.6853345393682004","0.3753302948054543","0.262482300846907","0.0"
"0.4598890729439725","9","10","South Dakota, McCook","-97.3686,43.6743","0.8069759224838762","0.290502793296089","0.38432029521355315","0.1882","0.5","0.7704699034685317","0.35972283522442355","0.251497005988024","0.5938927650957907","0.29487432785568546","0.24294507609591226","0.0"
"0.45985299600359647","9","10","Indiana, Posey","-87.8648,38.021","0.8056375492703525","0.354260089686099","0.4824956687307723","0.0404","0.675","0.5484650550776322","0.23326331519409926","0.5449101796407185","0.5670390838965326","0.35681732729084176","0.10854790219542772","0.0"
"0.4597712042700291","9","9","West Virginia, Monroe","-80.5458,37.5627","0.669521630131684","0.221649484536082","0.4655835270516084","0.1617","0.5","0.590915881821042","0.2291266556750547","0.34131736526946105","0.6899835619092616","0.47427846812359875","0.509605775928086","0.0"
"0.4597231470403002","9","3","Indiana, Boone","-86.4684,40.0509","0.6081982467539168","0.112876254180602","0.62733653127896","0.1242","1.0","0.5484650550776322","0.2968573898216585","0.5389221556886228","0.44674408486908573","0.2595519547020211","0.02954927428476407","0.5959582966118318"
"0.459663963147961","9","7","Minnesota, Otter Tail","-95.7084,46.4085","0.6745609999617226","0.275","0.5140505721404511","0.4753","0.675","0.42209023252660954","0.3736256122698917","0.2275449101796407","0.667774075480636","0.2432825712406407","0.09122062661208992","0.46401687799049396"
"0.45958435095382605","9","3","Louisiana, St. Tammany","-89.9564,30.4094","0.5634796443031557","0.048962213943587","0.6328590776269196","0.1818","1.0","0.3163258823370422","0.5342742697232646","0.37724550898203596","0.5334405085950897","0.3212406946724746","0.2207291948128265","0.3874180648869776"
"0.4594402761695024","9","10","Oklahoma, Harper","-99.668,36.7884","0.6952352431081117","0.319148936170213","0.41261763268935336","0.0961","0.5","0.9523454485741492","0.2632065361831997","0.2634730538922156","0.5691748594129424","0.2788415059970427","0.3434962493116239","0.33217118040573385"
"0.4594057065172476","9","10","Idaho, Franklin","-111.815,42.1833","0.7957577432537117","0.438661710037175","0.5008272340202747","0.0583","0.5","0.771056031651189","0.22715168098866106","0.17365269461077848","0.4752076683887773","0.292678588434488","0.2758483330791979","0.518247774278723"
"0.45940031513086654","9","1","Maine, Waldo","-69.1206,44.4858","0.4976070318842044","0.303571428571429","0.5078624644016118","0.2986","0.675","0.83233747019391","0.2357083105212067","0.24550898203592814","0.6388951207196634","0.30957777057949026","0.29234550006412935","0.6217300532473329"
"0.4592968221396659","10","7","Minnesota, Nicollet","-94.2471,44.3529","0.6190682439297729","0.112951807228916","0.5951024641528216","0.6527","0.675","0.42209023252660954","0.4151744685882163","0.2874251497005988","0.5142005305328247","0.1882548667570939","0.06161430809770091","0.651003485902134"
"0.45909508043130415","9","3","Ohio, Delaware","-83.0046,40.2794","0.579282703897521","0.119608553823849","0.6361040772227385","0.0417","1.0","0.7247088387345686","0.32542383024652216","0.532934131736527","0.4496902805094778","0.20287499789522564","0.016495713628762697","0.6014911975235067"
"0.4590564579859953","7","7","Montana, Chouteau","-110.4353,47.8808","0.6652684169818283","0.333333333333333","0.33832981306315596","0.6173","0.32499999999999996","0.6163905315403087","0.46706934972966185","0.16167664670658685","0.6056629582719985","0.31650883912584665","0.342073292509366","0.23671316951356225"
"0.45901504490109735","9","3","Illinois, Jersey","-90.3539,39.0887","0.6246637012214669","0.11037527593819","0.530413077498125","0.2639","0.825","0.48583792883850596","0.22961968720452816","0.47904191616766467","0.5918944128138512","0.3588496757435456","0.12376732688196604","0.46503429018553594"
"0.45892987453859424","4","1","Georgia, McIntosh","-81.4016,31.4968","0.35256486285786515","0.0133333333333333","0.5035600192123295","0.2085","0.675","0.7922333288990623","0.6416127181216641","0.38323353293413176","0.6945753055071017","0.4017956157467734","0.5480340875000349","0.0"
"0.4586160346059036","9","10","Nebraska, Kearney","-98.9488,40.5066","0.8396492873003814","0.334745762711864","0.4685245311286569","0.1792","0.5","0.603814206971114","0.16857918953851056","0.2694610778443114","0.6017807168377609","0.330588863223733","0.08806793374294562","0.5123756273597553"
"0.4586067680179814","4","1","Texas, Delta","-95.6692,33.3857","0.4428622212304955","0.09375","0.4412181664034471","0.2942","0.5","0.8066953714640763","0.6064263503081758","0.407185628742515","0.6189409155096902","0.411734708571462","0.4921529061491621","0.0"
"0.4585021983455087","9","3","Ohio, Preble","-84.6479,39.742","0.6329004032251315","0.174216027874564","0.5166298984132903","0.0815","0.825","0.7247088387345686","0.21449277560571833","0.502994011976048","0.5837920978957992","0.36487365365080493","0.24792718104251907","0.0"
"0.4585012968726484","9","2","Colorado, La Plata","-107.8429,37.2863","0.5073303551727377","0.1625","0.555899577874886","0.6829","0.675","0.8662658896035598","0.47410900865015565","0.11976047904191617","0.5287228277828","0.12740129088870247","0.10089573974072855","0.5014710187870246"
"0.45833586668413984","9","3","Colorado, Broomfield","-105.0566,39.96","0.5637974200841155","0.125475285171103","0.7293933050248693","0.1458","1.0","0.8662658896035598","0.3562321338119104","0.32934131736526945","0.4555137084840577","0.10433379502757319","0.027519541282036965","0.4851349003132618"
"0.45820479206778103","9","10","South Dakota, Deuel","-96.6694,44.7599","0.8336947452556062","0.340136054421769","0.3968974630203304","0.0748","0.5","0.7704699034685317","0.2839021557358738","0.16167664670658685","0.6406572602088578","0.2733746798441099","0.1406651357174269","0.4616235315912907"
"0.4581227396583888","10","6","New York, Tompkins","-76.4723,42.4495","0.5074322352606943","0.175925925925926","0.6692619375796267","0.957","0.675","0.30357014148943134","0.4125442258568415","0.311377245508982","0.46408171358848016","0.15018818315462654","0.1892752972688652","0.4753839003366159"
"0.4580926766782426","9","10","Tennessee, Moore","-86.3623,35.2772","0.777890277968658","0.199170124481328","0.514053617056198","0.107","0.575","0.4911779531988354","0.3455172362195621","0.43113772455089816","0.6441567395133083","0.31939794570791624","0.254406485069006","0.0"
"0.45807148595086655","4","2","Pennsylvania, Forest","-79.2323,41.511","0.40303300590550933","0.166666666666667","0.4621500776501664","0.4897","0.5","0.7607330979588356","0.5833160813901617","0.407185628742515","0.6561524538860896","0.3255470842348574","0.4501933024260996","0.0"
"0.45790270344462636","9","1","Texas, Coleman","-99.4524,31.7674","0.42175295015860415","0.0476190476190476","0.4676810343777036","0.1063","0.675","0.8066953714640763","0.48884031109405973","0.2874251497005988","0.6868906660868291","0.37454590709224944","0.5542952669881894","0.39583637409617906"
"0.45790028379012515","9","1","Virginia, Carroll","-80.7346,36.7307","0.5657442579220937","0.0776173285198556","0.5418504746506514","0.1461","0.75","0.7697111946822568","0.21867278948589197","0.3592814371257485","0.6726459331898672","0.4079939996124984","0.40432840956448857","0.0"
"0.45789972625927416","9","7","Utah, Washington","-113.5047,37.28","0.6865038063832506","0.152955367913148","0.5754203260028256","0.4046","0.75","0.4487874423273804","0.3618837645666984","0.11976047904191617","0.626321192473144","0.1398339567410469","0.2933078640738955","0.4221887061986408"
"0.45784119644982163","9","1","Texas, Clay","-98.2077,33.7869","0.5726222961517317","0.164948453608247","0.4749134051298951","0.1092","0.5","0.8066953714640763","0.36029499231552586","0.33532934131736525","0.6578350382684304","0.35665907435927796","0.3794851025542614","0.4571453260609714"
"0.4572499731455206","9","3","Ohio, Geauga","-81.1794,41.4995","0.47761012932781843","0.0842490842490843","0.5486092016250608","0.3496","1.0","0.7247088387345686","0.18116012465830475","0.5149700598802395","0.6017807168377609","0.22365182630669625","0.10646923953501809","0.4570495825945427"
"0.4572148248904012","9","10","Iowa, Fayette","-91.8441,42.8627","0.7068997281953402","0.253731343283582","0.587998897498301","0.2155","0.5","0.5124529061342115","0.2624860510412081","0.38323353293413176","0.6388951207196634","0.33794648076582257","0.15779305927961257","0.4495285412538437"
"0.4572015938934688","9","1","Kansas, Greenwood","-96.2325,37.8774","0.6349035429627659","0.230769230769231","0.4138358424583703","0.1821","0.5","0.6813178638986801","0.3595997729806269","0.3532934131736527","0.6976053368935816","0.43487235098168747","0.19487846975160086","0.38974680147726054"
"0.4571911160810695","4","2","Washington, Ferry","-118.5154,48.4711","0.2545940241304649","0.032258064516129","0.38728750488883124","0.7033","0.5","0.9576955189784127","0.5692506990300301","0.2095808383233533","0.6899835619092616","0.3517831303508288","0.48410446191243994","0.4185782860719687"
"0.4571219816899198","9","9","New Mexico, Union","-103.471,36.4813","0.5862135215678255","0.184210526315789","0.4239427366155495","0.5014","0.5","0.5871956657568004","0.5285807207794541","0.11377245508982038","0.6075890184122873","0.2977513336565257","0.4250618675554102","0.3421838123613824"
"0.4570609738885059","9","1","Colorado, Baca","-102.5603,37.3194","0.5606336939490433","0.217391304347826","0.4134571220879866","0.3941","0.5","0.8662658896035598","0.3905878551176992","0.155688622754491","0.7152857337854508","0.3067911295393737","0.3692401526944436","0.18313156195359856"
"0.45697516556417184","10","2","California, Tuolumne","-119.9525,38.0264","0.3813015000595561","0.0763052208835341","0.47529886647602165","0.6692","0.675","0.6302607543856039","0.4913964020762921","0.3532934131736527","0.6991111644276193","0.26732037241906564","0.240784056585938","0.4382363588345954"
"0.4569335250392601","9","10","Iowa, Palo Alto","-94.6782,43.0819","0.7377267445103403","0.173144876325088","0.5808992799509581","0.3327","0.5","0.5124529061342115","0.33910629413888677","0.3053892215568862","0.6441567395133083","0.33220720471020027","0.053975589187563","0.3597850567206842"
"0.45692426535214126","4","2","Texas, Hall","-100.6814,34.5308","0.374394657647659","0.0277777777777778","0.4646674555941809","0.3833","0.5","0.8066953714640763","0.5942468574996965","0.23952095808383234","0.6726459331898672","0.31072344621604236","0.7898777618460336","0.0"
"0.45677553649877967","9","9","Missouri, Clark","-91.7366,40.4104","0.6851457867630355","0.252525252525253","0.45783558623585086","0.2986","0.5","0.6898109656793697","0.1397388133357977","0.4251497005988024","0.626321192473144","0.3790293280005998","0.35408152674096627","0.0"
"0.4567232451049512","10","2","New York, Yates","-77.1037,42.6351","0.5019232475985027","0.25","0.5006448518449264","0.8691","0.5","0.30357014148943134","0.23890238733305838","0.29341317365269465","0.6095051758860066","0.32535587061877247","0.40678894155824735","0.5639038048649941"
"0.45666046775537317","9","1","Nebraska, Burt","-96.3261,41.8506","0.6343177191924492","0.16","0.4742458289267771","0.276","0.5","0.603814206971114","0.3670565692975863","0.34730538922155696","0.6837718879901644","0.3531027065514069","0.2177662860367232","0.43879734793142633"
"0.4565855110058463","9","10","South Dakota, McPherson","-99.2212,45.7663","0.7253170639056296","0.222222222222222","0.34412018501500796","0.1305","0.5","0.7704699034685317","0.1795310416909043","0.1377245508982036","0.7612552360903706","0.2901435790994721","0.443168989836317","0.45200326119817663"
"0.4565841104332237","3","1","Washington, Island","-122.5216,48.1471","0.43035038395856545","0.119113573407202","0.6211062537950849","0.2442","0.75","0.9576955189784127","0.4590591210818968","0.2634730538922156","0.6774549264631455","0.1975728551687272","0.11245064796068092","0.5777125129502372"
"0.4564791985606337","4","2","Maine, Aroostook","-68.5984,46.6593","0.24265736739896332","0.142857142857143","0.46538833504225235","0.7542","0.575","0.83233747019391","0.41952759000630085","0.3053892215568862","0.6661358670949733","0.4037088422468403","0.3993286221178282","0.4138040876459019"
"0.4564688154913071","9","1","Iowa, Floyd","-92.7894,43.06","0.6279500079504976","0.0898058252427184","0.5877451081406903","0.3206","0.5","0.5124529061342115","0.34452285799580074","0.33532934131736525","0.6406572602088578","0.33822813684927366","0.25765982285283884","0.507773655289394"
"0.45643329456852627","9","10","Michigan, Ontonagon","-89.3139,46.6652","0.7013397919693063","0.347826086956522","0.3951683097528911","0.1952","0.5","0.5192862589944978","0.28782233300152","0.17964071856287425","0.8199757516012611","0.3256656873635072","0.36322858712827844","0.3843320246004425"
"0.45630180416627336","9","1","Texas, Bandera","-99.246,29.7462","0.4869282951137131","0.101123595505618","0.46735945893631303","0.3448","0.675","0.8066953714640763","0.36993168449741104","0.3532934131736527","0.7152857337854508","0.2587609120179301","0.444763442666492","0.0"
"0.45629917771054884","9","10","Illinois, Ford","-88.2235,40.5971","0.7289276874641993","0.379888268156425","0.5063429461388945","0.1585","0.5","0.48583792883850596","0.2572002909052449","0.5089820359281437","0.5918944128138512","0.22484535855737028","0.2754390922046699","0.3648686065129371"
"0.4562461884561953","9","1","Virginia, Bath","-79.7391,38.0585","0.5808632228797341","0.318181818181818","0.4212591678448329","0.3009","0.5","0.7697111946822568","0.3498278344627251","0.29940119760479045","0.613308186513927","0.26785981739921466","0.395916141833513","0.3472896981418746"
"0.4562432028364184","9","10","Illinois, Bureau","-89.5283,41.4039","0.6845511726195773","0.142517814726841","0.5387559720434216","0.1273","0.675","0.48583792883850596","0.26168076023913656","0.5089820359281437","0.6371246099900815","0.2712756904210509","0.19668729261667214","0.43551781293170466"
"0.45614362599883607","10","2","Colorado, Costilla","-105.4277,37.2773","0.43369650298021156","0.0588235294117647","0.4262075970909254","0.4655","0.5","0.8662658896035598","0.4916771473503022","0.07185628742514971","0.7280164829849926","0.3865842179047587","0.6520346804693516","0.0"
"0.4559683670305202","9","7","Utah, Cache","-111.7444,41.7233","0.7344759272932431","0.188417844278193","0.5734072706654991","0.4686","0.75","0.4487874423273804","0.3427851084672727","0.251497005988024","0.31296818950411365","0.11032357108764736","0.24788212700128662","0.5259102649361483"
"0.45586709406261877","10","6","New York, Ontario","-77.3087,42.8515","0.48745908663021026","0.151041666666667","0.6570875694545387","0.6301","1.0","0.30357014148943134","0.33591900583592793","0.32934131736526945","0.595880459448231","0.289441198981053","0.06004419898335313","0.40557246863214047"
"0.4558584812486315","4","2","Texas, Austin","-96.2774,29.8855","0.286032722441082","0.00986193293885602","0.5617400411191801","0.4021","0.75","0.8066953714640763","0.5353257994441452","0.43113772455089816","0.5837920978957992","0.28370672282223663","0.3453788300022612","0.5566833114743304"
"0.45583684889764753","9","1","Virginia, Lancaster","-76.464,37.7189","0.5078788524639337","0.0584795321637427","0.5625328425498428","0.1512","0.5","0.7697111946822568","0.5663957588613946","0.32934131736526945","0.8327916323672433","0.3539759417774936","0.17119021755651834","0.32376961763773765"
"0.4557405552222947","10","6","Massachusetts, Middlesex","-71.3905,42.4861","0.5275082301203653","0.0540582452005086","0.7420175943865811","0.8195","1.0","0.18489378053159447","0.38421492540568253","0.32934131736526945","0.504194780386106","0.10757480891524353","0.029831588720551222","0.4987768933329762"
"0.4556992680727055","5","10","South Dakota, Faulk","-99.1454,45.0708","0.9715077415284877","0.5","0.3348270785037773","0.1827","0.0","0.7704699034685317","0.24424242201508917","0.14970059880239522","0.7080205562076126","0.3106880367826303","0.1355852925684691","0.3624752174781892"
"0.45560148578804466","9","10","Kansas, Cloud","-97.6493,39.4803","0.653656857292271","0.252525252525253","0.4651830317513578","0.1652","0.5","0.6813178638986801","0.29687156922005203","0.3053892215568862","0.6317620454190964","0.4039814846194415","0.26747203591339985","0.43487310095668036"
"0.45556233317134714","9","1","Pennsylvania, Susquehanna","-75.8007,41.8215","0.5702905973960846","0.165760869565217","0.532876271358795","0.1519","0.675","0.7607330979588356","0.14459065869200463","0.3712574850299401","0.6578350382684304","0.3824145077045863","0.2710973117634285","0.476435731185997"
"0.45555318906781767","9","9","West Virginia, Lincoln","-82.0702,38.1722","0.5426577481121037","0.117924528301887","0.4447221516789144","0.4823","0.5","0.590915881821042","0.06894562833841583","0.4251497005988024","0.579673914473061","0.6383181438532933","0.5487828081529891","0.0"
"0.4555468364635046","9","1","Oregon, Crook","-120.3563,44.1423","0.4811515104099757","0.222222222222222","0.4762164946909264","0.3792","0.675","0.7438233614458837","0.30054920848673045","0.2874251497005988","0.6960934005090119","0.40018812451523156","0.42184982930937365","0.0"
"0.4555421639094484","9","1","New Mexico, Quay","-103.5482,35.104","0.5424476710847379","0.116279069767442","0.43548972817105647","0.1423","0.675","0.5871956657568004","0.4893391818822773","0.17365269461077848","0.6899835619092616","0.3538824474801659","0.5191975633030474","0.4279549863183037"
"0.4554258771417823","9","3","Minnesota, Isanti","-93.2949,45.5618","0.6730612073851141","0.277083333333333","0.5591110639858329","0.1977","1.0","0.42209023252660954","0.28675749564033576","0.251497005988024","0.5117241638959221","0.30959061548867783","0.09808482779727766","0.4701467476402933"
"0.4551897796599338","3","6","New York, Schenectady","-74.0528,42.8167","0.4127040963769547","0.0460614152202937","0.7363544411376635","0.6135","0.825","0.30357014148943134","0.5456934326447203","0.3592814371257485","0.5472454870957077","0.2636527920452784","0.21163736195992833","0.458292407396321"
"0.4551582069202781","9","3","Maryland, Harford","-76.3078,39.5501","0.517647148897489","0.0748159057437408","0.6804038182631449","0.1394","1.0","0.4028734589185817","0.4961518417881135","0.4730538922155689","0.5215324091055006","0.2979923052682379","0.06445162267821809","0.564184826301035"
"0.4549375918091146","10","2","Oregon, Wallowa","-117.1835,45.5789","0.5161373816179158","0.175","0.4444567223747353","0.8096","0.5","0.7438233614458837","0.25687126880998806","0.22155688622754494","0.7416697243018653","0.24680343154605716","0.19040685615928105","0.3073763854075751"
"0.4549071485970929","9","10","Iowa, Hamilton","-93.702,42.3838","0.749678553639468","0.208816705336427","0.5674640198957577","0.1321","0.575","0.5124529061342115","0.30398952093881076","0.3652694610778443","0.613308186513927","0.3146733379008445","0.07284087893652115","0.5012726185977233"
"0.4549016234211938","9","10","Nebraska, Furnas","-99.9125,40.1764","0.7568515318133712","0.384615384615385","0.4456423415067524","0.1621","0.5","0.603814206971114","0.24773138553792756","0.23353293413173656","0.6853345393682004","0.3141262074291558","0.2163438136865215","0.38641668458478484"
"0.4548989504086139","9","10","Kansas, Phillips","-99.3467,39.7847","0.695206062361569","0.138157894736842","0.4591074230031383","0.348","0.675","0.6813178638986801","0.21947377474703578","0.24550898203592814","0.6578350382684304","0.28106710811037666","0.1249770036664543","0.3737111662105705"
"0.4548783529276791","9","3","Wisconsin, Ozaukee","-87.9463,43.3835","0.7050664564524066","0.194274028629857","0.6596002154247501","0.1117","1.0","0.38022621028167947","0.2942877009587907","0.44910179640718567","0.5918944128138512","0.12927846160017795","0.0077264047323214674","0.4047221078625715"
"0.4548503026341378","9","1","Missouri, Linn","-93.107,39.87","0.6356852135968283","0.197368421052632","0.46513738130721055","0.1006","0.5","0.6898109656793697","0.23352433300601932","0.37724550898203596","0.6299572389493907","0.4821792855845037","0.3295239253309201","0.37950579913777016"
"0.4546450273721847","7","7","Alaska, North Slope","-153.4836,69.3148","0.7442984450368717","0.279411764705882","0.2757633226488363","0.9924","0.32499999999999996","0.0","0.7622222059086202","0.0","0.19428309279710032","0.47230467191839215","0.37908676185099927","0.5631015841664804"
"0.45452702268325423","9","10","Iowa, Cherokee","-95.6239,42.7354","0.7374628941825971","0.171745152354571","0.5716288125624813","0.3075","0.5","0.5124529061342115","0.2812155249414447","0.33532934131736525","0.6726459331898672","0.3547720609109016","0.05706021654280237","0.3189063526156509"
"0.45447938452013914","5","7","North Dakota, Mercer","-101.8318,47.3121","0.9158970656346795","0.490463215258856","0.4667596272686297","0.4416","0.32499999999999996","0.10985976568982879","0.3899475035080222","0.12574850299401197","0.5712984652022484","0.3021418250963679","0.15924132870181018","0.5088420326493863"
"0.45436722794988366","9","1","Virginia, Northumberland","-76.4195,37.892","0.6255897229236237","0.134615384615385","0.49035512801561737","0.021","0.5","0.7697111946822568","0.5145515019767298","0.33532934131736525","0.8380041901711958","0.3000640852813894","0.27929290831224046","0.0"
"0.4543510408953547","9","10","Kansas, Rawlins","-101.0762,39.7853","0.8583901907773442","0.393258426966292","0.3932886049057355","0.0621","0.5","0.6813178638986801","0.2458450735729235","0.2035928143712575","0.7224119892866149","0.2715811747625566","0.11362532308410414","0.2860409537671114"
"0.4543327034601092","9","1","Kansas, Sumner","-97.4772,37.2368","0.5476146505936877","0.119834710743802","0.4659381395817945","0.2404","0.675","0.6813178638986801","0.39238446927965653","0.3652694610778443","0.579673914473061","0.4260245067422992","0.2155927918863001","0.4172073289112186"
"0.45429159401594166","9","2","Washington, Douglas","-119.6929,47.7361","0.4669805444093542","0.0237121831561733","0.5560347853771815","0.5845","0.675","0.9576955189784127","0.35247039610178527","0.2694610778443114","0.5494974081927578","0.22434581029052714","0.33033247581282277","0.0"
"0.45426818492175725","9","9","Oklahoma, Cimarron","-102.5174,36.7482","0.6700525795753713","0.205882352941176","0.3852748507427376","0.0946","0.5","0.9523454485741492","0.3247202758003614","0.155688622754491","0.6930510015104033","0.2939993591302829","0.3695127780891056","0.262174699022836"
"0.4542214667714061","4","2","Oregon, Lake","-120.385,42.7925","0.3403743207244743","0.0571428571428571","0.3965145206716629","0.8609","0.5","0.7438233614458837","0.3991439774834453","0.2095808383233533","0.6915204375207985","0.40646669877655145","0.4435840441355201","0.2934544518054951"
"0.4541349613164871","3","2","New York, Montgomery","-74.4401,42.9012","0.37173508668694805","0.062992125984252","0.6411624537140685","0.7138","0.75","0.30357014148943134","0.37461538357098617","0.311377245508982","0.5817386943120182","0.35386426924317366","0.4629985814032663","0.4454529350093328"
"0.45406248797443866","7","7","Wyoming, Carbon","-106.9326,41.6936","0.6158288720260006","0.118081180811808","0.4390630766384745","0.8198","0.5","0.5947001907015348","0.4201058199453458","0.0","0.5215324091055006","0.30076879043487414","0.23048339473965002","0.5014292952883954"
"0.4540332377034586","9","1","Michigan, Tuscola","-83.419,43.4661","0.5112777445963823","0.0866551126516465","0.4989983560021284","0.382","0.675","0.5192862589944978","0.33002444434186007","0.40119760479041916","0.6056629582719985","0.30345977503093513","0.35289013802160196","0.570748036046025"
"0.4539874938717685","9","3","Florida, Seminole","-81.2406,28.7159","0.5257035922130083","0.0512820512820513","0.731439696555151","0.185","1.0","0.4454391386730797","0.5052945970037105","0.281437125748503","0.5067215141840639","0.2424465759578221","0.19620029718711393","0.4819294438282316"
"0.45387201218199175","9","3","Minnesota, Freeborn","-93.3488,43.6739","0.6289064000553143","0.114104595879556","0.5547052433644116","0.3343","0.75","0.42209023252660954","0.3181830179790663","0.3053892215568862","0.6510586369018438","0.32320741360626376","0.20477267632268434","0.3607508238781342"
"0.45384388760748656","9","1","Texas, Winkler","-103.0485,31.8501","0.5510787439514439","0.0769230769230769","0.4094967388442531","0.3668","0.32499999999999996","0.8066953714640763","0.4882771535050425","0.23952095808383234","0.40944379978250145","0.3808873755954032","0.603980427652475","0.4535767436517006"
"0.45370244276020133","9","10","Nebraska, Washington","-96.2202,41.5282","0.7252737901199369","0.251833740831296","0.5513537206791059","0.1038","0.75","0.603814206971114","0.24028434251158362","0.34730538922155696","0.5627304600978258","0.25822620478794267","0.04406079340408837","0.5412081422276188"
"0.45360388896482984","10","3","Maryland, Caroline","-75.829,38.8717","0.5476167922747156","0.0596590909090909","0.5572893586853136","0.2786","0.75","0.4028734589185817","0.5856430313200891","0.38323353293413176","0.5334405085950897","0.44826933726834","0.331827858197492","0.0"
"0.453551312182178","9","10","Kansas, Meade","-100.3648,37.2386","0.6922108292864981","0.102564102564103","0.4657071056123838","0.0866","0.5","0.6813178638986801","0.3680794457974827","0.24550898203592814","0.5734100391661536","0.4421353406514435","0.3395484495051383","0.3705501022234358"
"0.45352616559464354","9","3","Maryland, Frederick","-77.4,39.473","0.5498430015594233","0.0725824297410932","0.6746102923540752","0.206","1.0","0.4028734589185817","0.49978235517509","0.43712574850299407","0.4806485213347297","0.21316492706280507","0.07311980220791447","0.5417064912154979"
"0.45350195995824005","9","7","Wyoming, Converse","-105.5082,42.9727","0.7463244221866848","0.340425531914894","0.4541780857805233","0.4155","0.575","0.5947001907015348","0.3063371589787188","0.023952095808383228","0.5239446622367122","0.3070954313905185","0.18707200931698195","0.4899420876809373"
"0.4534700143846909","9","3","Illinois, Henry","-90.133,41.3534","0.5930833449541221","0.111392405063291","0.5502620741096499","0.1289","0.75","0.48583792883850596","0.30372859919470885","0.4970059880239522","0.6170727822364962","0.3473122860703879","0.20209305088648064","0.49551581106300696"
"0.4534204543268418","9","1","Kentucky, Bracken","-84.0853,38.6916","0.5290461093923908","0.176470588235294","0.4363487848377808","0.4884","0.5","0.7986013047908057","0.20465607920451775","0.44910179640718567","0.5287228277828","0.4268673876746881","0.42420693078912036","0.0"
"0.4532608370099268","9","9","Iowa, Louisa","-91.261,41.2184","0.700621116787078","0.0940695296523517","0.5659757737450267","0.3438","0.5","0.5124529061342115","0.2722143092167458","0.44910179640718567","0.5670390838965326","0.35420023967498526","0.3023887967555277","0.0"
"0.4531927541261687","9","1","Ohio, Perry","-82.238,39.7351","0.5210484504021469","0.105714285714286","0.5337251203047549","0.3811","0.575","0.7247088387345686","0.19034810813327288","0.47904191616766467","0.5334405085950897","0.41890597581778477","0.47316068996146304","0.0"
"0.4531889381599439","9","10","Idaho, Caribou","-111.5598,42.7715","0.798510970931161","0.313131313131313","0.42769095529441664","0.3378","0.5","0.771056031651189","0.12474150657526134","0.17365269461077848","0.5472454870957077","0.28428245939754293","0.14120336195193484","0.4086922930578161"
"0.45308728404637955","9","10","Iowa, Mills","-95.6192,41.033","0.7769945868840529","0.336336336336336","0.5520132253424559","0.1789","0.75","0.5124529061342115","0.27740937347002265","0.3652694610778443","0.5648909983668218","0.2555640009291656","0.06294812572160646","0.06697664831862908"
"0.4528841784143557","9","9","Ohio, Monroe","-81.0846,39.7298","0.6181084459247945","0.212765957446809","0.49488804890066046","0.3349","0.32499999999999996","0.7247088387345686","0.1436566850021783","0.4670658682634731","0.6661358670949733","0.4507517822063255","0.40229104644187536","0.0"
"0.45286709830259575","4","8","Texas, Bee","-97.7422,28.4176","0.0","0.0","0.5310604955527166","0.972","0.675","0.8066953714640763","0.5456404264728731","0.38323353293413176","0.42544161229202965","0.3419776077795117","0.7437215921855946","0.4721361802030272"
"0.4527443906890705","9","10","Utah, Garfield","-111.4419,37.8545","0.7514511619705706","0.378048780487805","0.3462973151526828","0.3696","0.5","0.4487874423273804","0.34942273266528423","0.08982035928143713","0.6299572389493907","0.23148609860623162","0.4107271734366218","0.4311084560480486"
"0.4526400699302512","9","7","Montana, Lewis and Clark","-112.3947,47.1261","0.6793403177783767","0.396039603960396","0.5525178451725555","0.454","0.5","0.6163905315403087","0.35120459606778465","0.18562874251497005","0.5648909983668218","0.22816004983619453","0.08625148075798823","0.4451720668907525"
"0.45259127256907217","9","10","Nebraska, Jefferson","-97.1426,40.1758","0.7201669029961167","0.485714285714286","0.4798585417524884","0.0793","0.5","0.603814206971114","0.2602317671406204","0.3233532934131737","0.6742558355103007","0.29748485755113196","0.16735892846956388","0.45691815191514906"
"0.4525640928942764","9","10","Kansas, Ness","-99.9155,38.4797","0.8134701552681777","0.217054263565891","0.43574455381260524","0.0544","0.5","0.6813178638986801","0.3536104548448512","0.24550898203592814","0.6960934005090119","0.3754714286377099","0.11536365817498916","0.11467659862257942"
"0.4525277201380661","9","1","Virginia, Amelia","-77.9858,37.3408","0.5071475801348642","0.0875912408759124","0.4919184451114374","0.2684","0.5","0.7697111946822568","0.5857249227867084","0.3532934131736527","0.5978576089534523","0.4800052481139253","0.29802109812927635","0.0"
"0.4524303706698736","9","10","Kansas, Ottawa","-97.6502,39.1324","0.7824505235017261","0.432692307692308","0.37709348387708114","0.0239","0.5","0.6813178638986801","0.3383472428816055","0.311377245508982","0.6056629582719985","0.3682149176339658","0.11675597338468849","0.3204749706318986"
"0.4524272419761666","4","2","California, Trinity","-123.1147,40.6492","0.3699567144109095","0.2","0.4138183830257623","0.6307","0.5","0.6302607543856039","0.4463739978034019","0.2874251497005988","0.7209975974271429","0.33855476262177303","0.4665384725783786","0.39155924226429417"
"0.45234156390235375","9","10","Iowa, Greene","-94.3966,42.0361","0.7259667968666785","0.263157894736842","0.5576061491402321","0.1449","0.5","0.5124529061342115","0.2176300971991304","0.34730538922155696","0.6458942336050534","0.44473203384883986","0.11806060277220422","0.43838439464615375"
"0.4521903929376819","9","7","Montana, Gallatin","-111.1693,45.5449","0.7472736951193103","0.295089285714286","0.5623623767955924","0.4486","0.575","0.6163905315403087","0.27513723080735053","0.24550898203592814","0.42229651508178717","0.08709897270809111","0.10848892015757773","0.5915350038779366"
"0.45201328278654285","9","10","Missouri, Gasconade","-91.5085,38.4395","0.6809131981489872","0.23963133640553","0.5239553100684503","0.0443","0.5","0.6898109656793697","0.18971759285194248","0.4131736526946108","0.6510586369018438","0.3615082015526199","0.2024160592949939","0.5042539044254424"
"0.45196068453748534","9","2","Utah, Uintah","-109.5174,40.1249","0.5395875490087424","0.264150943396226","0.44872945878853093","0.5043","0.675","0.4487874423273804","0.4678068576325185","0.2095808383233533","0.3530812563017395","0.31357525820350296","0.47116583750678687","0.5528745268295715"
"0.45190596283159823","9","10","Wyoming, Park","-109.5853,44.5216","0.7485686915096714","0.397727272727273","0.46908284923654514","0.1684","0.675","0.5947001907015348","0.31309600548235594","0.1377245508982036","0.6441567395133083","0.2006222264682599","0.12632850379041347","0.498856208333084"
"0.4518588945745424","4","1","Virginia, Cumberland","-78.244,37.5133","0.4305075262213341","0.0446428571428571","0.45637253513577136","0.2034","0.5","0.7697111946822568","0.6380294132317003","0.34131736526946105","0.6406572602088578","0.44229745651969954","0.5578607130092696","0.0"
"0.45183843332159485","5","7","North Dakota, Morton","-101.2822,46.7168","0.8711619501365732","0.25104821802935","0.5437362359057537","0.4811","0.675","0.10985976568982879","0.4803813171191531","0.14371257485029942","0.5239446622367122","0.32094278133365994","0.06587409502841979","0.0"
"0.4517819699167023","9","1","Oklahoma, Dewey","-99.0073,35.9877","0.5439655761613424","0.0769230769230769","0.4298950447416381","0.0675","0.5","0.9523454485741492","0.4979441096657807","0.281437125748503","0.5918944128138512","0.402851839909283","0.3230248798831405","0.4040125675150759"
"0.45177284367285275","5","7","North Dakota, Dunn","-102.616,47.3542","0.8595514000832423","0.321052631578947","0.41630243720119264","0.4435","0.5","0.10985976568982879","0.5950771994325073","0.08383233532934134","0.5380992168517501","0.396193838283191","0.2548909371252688","0.0"
"0.4517219541611796","4","2","Colorado, Bent","-103.072,37.9547","0.2885531602238094","0.0833333333333333","0.44111025109681623","0.8077","0.5","0.8662658896035598","0.6620379295462276","0.14371257485029942","0.5648909983668218","0.332311437470654","0.5654457788541765","0.0"
"0.45162291528039433","10","9","Texas, Oldham","-102.6028,35.4043","0.6514517347697749","0.24","0.4056951850684464","0.5215","0.5","0.8066953714640763","0.4662572476626273","0.18562874251497005","0.4886637078344629","0.17885334008770143","0.3433635094482079","0.0"
"0.4515712495507018","9","10","Kansas, Rush","-99.3086,38.5228","0.7652460307780515","0.223404255319149","0.44151415090505025","0.0258","0.5","0.6813178638986801","0.2926989993880234","0.2694610778443114","0.6884403224054082","0.3847310943847678","0.20491837527860537","0.2618830613484452"
"0.4515482687758931","10","2","New Mexico, Torrance","-105.8509,34.6405","0.4941287484026359","0.139784946236559","0.4426855214587082","0.5486","0.675","0.5871956657568004","0.5174029775496932","0.16766467065868262","0.6037268925796017","0.3168063014749313","0.4800569860953782","0.0"
"0.45133839694896305","9","1","Texas, Stonewall","-100.2538,33.1791","0.5672933860164429","0.111111111111111","0.3752181147301945","0.3629","0.5","0.8066953714640763","0.5093139644160328","0.2634730538922156","0.7294045360146626","0.2197038150780176","0.28462672545169404","0.2332107204369639"
"0.45126949091456925","9","3","Ohio, Medina","-81.8999,41.1177","0.5344207207960819","0.116239316239316","0.610154975615727","0.0592","1.0","0.7247088387345686","0.22989687370413253","0.49101796407185627","0.5517358041566147","0.27147917030242985","0.03011051199194454","0.5567860754899591"
"0.451206678572204","10","3","New York, Suffolk","-72.8012,40.8832","0.48900837112606726","0.0247142351495971","0.7669563775298224","0.4288","1.0","0.30357014148943134","0.4963734673836423","0.3592814371257485","0.5380992168517501","0.1807598333179969","0.09825256932175865","0.46622478748486773"
"0.45076922657757623","9","2","West Virginia, Pleasants","-81.1677,39.3709","0.46508544149202924","0.217391304347826","0.5595689762720136","0.5549","0.575","0.590915881821042","0.2620447275622738","0.43712574850299407","0.5858342498966352","0.43666075436821367","0.36115573789254396","0.0"
"0.45070121931592805","9","3","Utah, Davis","-112.114,40.99","0.7046155655300345","0.209155816883662","0.6769775565669962","0.1379","1.0","0.4487874423273804","0.3462123192884433","0.3233532934131737","0.3453966168814669","0.13731581876454568","0.07541695274569865","0.5525768383889554"
"0.4506586490023353","9","1","North Carolina, Gates","-76.6975,36.4467","0.5422374880374091","0.0869565217391304","0.43819863129380787","0.1372","0.5","0.7283659930549282","0.6240402957254967","0.34730538922155696","0.6017807168377609","0.5008261482392213","0.35644395719333194","0.0"
"0.45045773284747803","9","10","Iowa, Osceola","-95.6242,43.3782","0.8144449416662748","0.245901639344262","0.44880946473345","0.1926","0.5","0.5124529061342115","0.23471406645443196","0.3053892215568862","0.6281436499318728","0.29367072100589625","0.16115806326241403","0.3894407873529913"
"0.45031588377383724","9","10","Kansas, Morton","-101.7993,37.1914","0.7224043267759649","0.382352941176471","0.409797943131096","0.0812","0.5","0.6813178638986801","0.4347423081332262","0.2095808383233533","0.5858342498966352","0.3071880397308271","0.3745696097653908","0.09506081353121945"
"0.45030032542212894","9","2","Michigan, Otsego","-84.599,45.0209","0.48388950687504234","0.0922330097087379","0.5660258745309362","0.4508","0.825","0.5192862589944978","0.2827648165828902","0.251497005988024","0.6226493223021841","0.32993583751085787","0.28105619268402304","0.48779697428244767"
"0.45021610329125455","9","10","Iowa, Clayton","-91.3413,42.8444","0.6888255257217033","0.188571428571429","0.5673198638883995","0.3881","0.5","0.5124529061342115","0.1869226852833845","0.38323353293413176","0.6611775880966219","0.2780444474740256","0.11631887651692537","0.4355637244460169"
"0.4500917315157444","9","10","Illinois, Gallatin","-88.2295,37.7643","0.7242025612867571","0.242718446601942","0.46562285669599834","0.1608","0.5","0.48583792883850596","0.24028301133413657","0.502994011976048","0.6790442329554586","0.34079956834377223","0.3188994072850205","0.0"
"0.45002824281542037","10","3","Minnesota, Goodhue","-92.7234,44.4085","0.5880389589508157","0.161290322580645","0.5792221406417856","0.432","0.75","0.42209023252660954","0.41710077581911287","0.311377245508982","0.5918944128138512","0.2504333836481116","0.07401652296405693","0.49295152520576596"
"0.4499932477194417","9","10","Nebraska, Nemaha","-95.8543,40.3851","0.6721927148307286","0.144654088050314","0.4846155906576741","0.2245","0.5","0.603814206971114","0.31810409096729975","0.3592814371257485","0.6075890184122873","0.35105797486911366","0.19216578046255728","0.4619573318504972"
"0.44991063745922927","9","7","Minnesota, Chisago","-92.9086,45.5021","0.7086107813791477","0.295180722891566","0.5904202412991808","0.2862","0.75","0.42209023252660954","0.3499991012346388","0.2634730538922156","0.4965101409658336","0.22935558614315182","0.039733425411520834","0.5539677437471254"
"0.44986026654643846","4","2","Georgia, Echols","-82.8969,30.711","0.4280143839051009","0.00819672131147541","0.32872551588165516","0.3588","0.5","0.7922333288990623","0.6051087093046157","0.38922155688622756","0.540406913436432","0.31345905702718296","0.7211639299768153","0.0"
"0.4497996925501723","10","2","New Mexico, Rio Arriba","-106.6932,36.5107","0.5176048641541237","0.0880361173814898","0.4866466393314106","0.5409","0.675","0.5871956657568004","0.5498108831657651","0.14371257485029942","0.579673914473061","0.40232369840589355","0.08116776199258037","0.4760695996505809"
"0.44969571590958685","9","10","Illinois, Jo Daviess","-90.2109,42.3654","0.7363400083740356","0.278846153846154","0.5346873311345915","0.0427","0.575","0.48583792883850596","0.20855433821988745","0.43712574850299407","0.7224119892866149","0.25459124581227693","0.10735881462333065","0.5453119091869342"
"0.4496614063878497","9","10","Nebraska, Pawnee","-96.2371,40.1314","0.644082494015031","0.259259259259259","0.4067901947994684","0.3212","0.5","0.603814206971114","0.145630081645615","0.34131736526946105","0.736268299211825","0.27346657930920526","0.3583216933634066","0.388246589221637"
"0.44956769866609314","9","1","Arkansas, Cleveland","-92.1854,33.8972","0.5697529026629728","0.0588235294117647","0.41692716360517906","0.2038","0.5","0.610486779204959","0.5204148152950165","0.407185628742515","0.6207997313712245","0.4896828582100267","0.3965052355339286","0.0"
"0.4494728368515488","9","1","Texas, Foard","-99.7768,33.9731","0.583664510030686","0.1","0.3519300325985284","0.1051","0.5","0.8066953714640763","0.46424248570644705","0.2694610778443114","0.7294045360146626","0.36837426298439235","0.5140414189552283","0.0"
"0.4494445594399227","9","10","Idaho, Jefferson","-112.3132,43.8208","0.7545460694644118","0.222222222222222","0.51009982986164","0.1729","0.675","0.771056031651189","0.262864231981596","0.2874251497005988","0.38929338935206537","0.2628019526459369","0.2891401230338665","0.0"
"0.44936636945367964","9","10","Minnesota, Rock","-96.253,43.6748","0.8137288573317752","0.327464788732394","0.5166080526830291","0.2954","0.5","0.42209023252660954","0.3202545113468245","0.29341317365269465","0.6114115319998742","0.16740471332719004","0.07733695735768223","0.4302118151629111"
"0.4493574918462806","9","10","Nebraska, Cuming","-96.7873,41.9164","0.7760717427190622","0.276150627615063","0.4916115649685443","0.0933","0.5","0.603814206971114","0.20914972638377788","0.34131736526946105","0.6476236650502001","0.24996297729542571","0.18302453349992026","0.43781987606975226"
"0.4492914852032583","5","10","Montana, Treasure","-107.2667,46.2097","0.8365047269099203","0.727272727272727","0.2241145925430162","0.0729","0.0","0.6163905315403087","0.901342555714668","0.155688622754491","0.6806267907799217","0.3418245433005952","0.16835774749656376","0.0"
"0.4491986360163687","10","2","New Hampshire, Strafford","-71.0234,43.2918","0.41757695708305825","0.0927357032457496","0.6378074164369698","0.8029","0.825","0.6081192202308006","0.24575783381254848","0.2634730538922156","0.49129758316188105","0.3103775889105269","0.10934300913276906","0.46119400059275345"
"0.44914688566951194","7","7","Minnesota, Big Stone","-96.414,45.4271","0.7731195331007015","0.283464566929134","0.47910799253172776","0.4804","0.5","0.42209023252660954","0.238688611131351","0.17365269461077848","0.7094849659803716","0.25729980086798926","0.12514619854710407","0.3078689169132937"
"0.44912614491615627","4","2","New York, Franklin","-74.2993,44.5904","0.2626894571866454","0.0909090909090909","0.5584195182828682","0.8908","0.675","0.30357014148943134","0.7066232805680295","0.2634730538922156","0.5334405085950897","0.35630845945862766","0.41812826861316277","0.41227078426273867"
"0.44888566691207926","9","1","Indiana, Pulaski","-86.6989,41.0417","0.6022786484854775","0.169014084507042","0.5299641640656149","0.0856","0.5","0.5484650550776322","0.27952894707989123","0.5209580838323353","0.5918944128138512","0.3690166953905158","0.3560058914214563","0.47886784650495784"
"0.44885709587918204","9","1","Georgia, Long","-81.7495,31.7522","0.46857777828306885","0.0483271375464684","0.501317607311169","0.2461","0.5","0.7922333288990623","0.6394475211432998","0.43113772455089816","0.31296818950411365","0.34601626653317535","0.6458850460671516","0.0"
"0.4488196542329211","9","10","Utah, Sevier","-111.805,38.7484","0.7199310150420071","0.468181818181818","0.47233221688533117","0.1251","0.675","0.4487874423273804","0.3236812646661675","0.11976047904191617","0.5310891329236117","0.21530157250665685","0.4012773305141453","0.5279955847007577"
"0.44876922207247405","10","2","New York, Livingston","-77.7797,42.726","0.41232235922065247","0.117154811715481","0.5933016341220981","0.8278","0.75","0.30357014148943134","0.348339382823061","0.32934131736526945","0.5539608364828539","0.329005694545007","0.20614294896382368","0.5575400324100198"
"0.44871310528866826","9","10","Idaho, Blaine","-113.9753,43.4086","0.7222092555871574","0.136138613861386","0.4680319601219461","0.2518","0.575","0.771056031651189","0.32810134741930347","0.19161676646706588","0.5648909983668218","0.05341262119092143","0.2552892778285309","0.552244734327975"
"0.4486464678215896","4","2","Georgia, Schley","-84.3126,32.2654","0.39320388357591307","0.0185185185185185","0.4611870488743657","0.4569","0.5","0.7922333288990623","0.4313308914947662","0.48502994011976047","0.5494974081927578","0.2914591799571228","0.6481740820329934","0.0"
"0.44861488857329346","7","7","Montana, Richland","-104.5611,47.7867","0.7633228237623032","0.350961538461538","0.49848414001280833","0.5167","0.32499999999999996","0.6163905315403087","0.3722736906496045","0.19161676646706588","0.49129758316188105","0.26395828402060156","0.1126926317627842","0.2709693018291751"
"0.4486091062146287","9","3","Florida, St. Johns","-81.4359,29.901","0.5945513602289585","0.0771031945141328","0.6263446155628827","0.1124","1.0","0.4454391386730797","0.4013771519625233","0.3233532934131737","0.6037268925796017","0.1932928563317975","0.11141585836850355","0.5306680459236687"
"0.44853408113057264","4","2","West Virginia, Preston","-79.6671,39.4677","0.39394673430903326","0.0747126436781609","0.49510761656737895","0.5976","0.5","0.590915881821042","0.23815334104810193","0.3652694610778443","0.595880459448231","0.4489237635186289","0.45158174201934875","0.6020411820398384"
"0.4482694134569371","10","2","New York, Rensselaer","-73.5109,42.7135","0.4332253638525452","0.0808179162609542","0.7135850432757601","0.7498","0.75","0.30357014148943134","0.4356481837811418","0.3652694610778443","0.5357771420024626","0.25947561972891214","0.1423848194041458","0.4487697793803517"
"0.4482551208373335","5","10","South Dakota, Harding","-103.4959,45.5802","0.9149673415495773","0.84375","0.281152874817153","0.3025","0.0","0.7704699034685317","0.42154443686104126","0.11377245508982038","0.5755097168756041","0.3441086620487896","0.08483760743178523","0.0"
"0.44816361695998586","9","3","Virginia, James City","-76.7695,37.3116","0.47035316555591666","0.0576713819368879","0.6598300546831827","0.1426","1.0","0.7697111946822568","0.5136137561963471","0.34730538922155696","0.6899835619092616","0.2151045306292132","0.05917811981976932","0.0"
"0.44812640700854733","3","3","New Jersey, Warren","-74.9956,40.8595","0.41813935831843924","0.0325149303251493","0.6480119768499895","0.3372","1.0","0.5465970409188426","0.39148961808292576","0.4191616766467066","0.5627304600978258","0.26216439448277695","0.15640171297402572","0.43243469319015343"
"0.44812332387368803","9","7","Minnesota, Roseau","-95.8108,48.775","0.6639892159419744","0.248677248677249","0.48165087539005635","0.5747","0.575","0.42209023252660954","0.36581667011465513","0.2035928143712575","0.540406913436432","0.31076472221502316","0.09175982175071044","0.502895668845592"
"0.4480321038245214","9","7","Minnesota, Stevens","-96.0016,45.5861","0.6968057154788001","0.240740740740741","0.5034761770723515","0.6539","0.5","0.42209023252660954","0.3982656540594159","0.19161676646706588","0.560557323866868","0.2340915966152018","0.0972456357228164","0.35354650481763755"
"0.4480167680914259","9","3","Minnesota, Scott","-93.5334,44.649","0.6444215197712156","0.124682741116751","0.6408812003458212","0.2321","1.0","0.42209023252660954","0.5073348461742823","0.2754491017964072","0.3606106398115555","0.18009124503277113","0.02361727996884005","0.5692797710002432"
"0.4478730992563229","9","10","Nebraska, Butler","-97.1311,41.227","0.8025322027267147","0.333333333333333","0.44545382511333304","0.0914","0.5","0.603814206971114","0.2281024487264244","0.32934131736526945","0.6226493223021841","0.27735453186759257","0.10103332412470717","0.4525351814999145"
"0.4476854392611092","10","7","Minnesota, Pennington","-96.0371,48.0664","0.5909505915537892","0.15527950310559","0.5552715232465192","0.7135","0.675","0.42209023252660954","0.43930093316932334","0.19161676646706588","0.5691748594129424","0.22136300684435847","0.061401996984043736","0.38466488335146937"
"0.44766357755112896","9","1","Pennsylvania, Wayne","-75.2996,41.6494","0.4194790575536865","0.0857142857142857","0.5180039843530685","0.2318","0.75","0.7607330979588356","0.3493876822676188","0.3712574850299401","0.6694051144412375","0.3474052898419676","0.27209661524248463","0.46830132702520033"
"0.4476372275218928","5","10","North Dakota, Divide","-103.4874,48.8149","0.8589568393974643","0.780487804878049","0.3542001148655148","0.1391","0.5","0.10985976568982879","0.4056674747578785","0.16766467065868262","0.7280164829849926","0.35902609649551914","0.12807931352174723","0.3324308482336234"
"0.4475209975419883","9","9","West Virginia, Pendleton","-79.3508,38.6831","0.6162099660523738","0.220588235294118","0.4174138767537589","0.2512","0.5","0.590915881821042","0.303771371419952","0.29341317365269465","0.7138439841821924","0.4852586854554818","0.3873764632117403","0.0"
"0.44748798199475787","9","3","Virginia, Loudoun","-77.6348,39.0899","0.561895692203819","0.0758137073299815","0.6831592129420168","0.0853","1.0","0.7697111946822568","0.4690943975680012","0.39520958083832336","0.30440018439969097","0.09506484051843857","0.04929784124530339","0.5994328771318083"
"0.44739303026162164","9","7","Minnesota, Koochiching","-93.7835,48.2454","0.6314277700209786","0.1875","0.45963978602085664","0.5135","0.5","0.42209023252660954","0.4062623930328046","0.18562874251497005","0.6758588134982833","0.2971395904896719","0.26219574745562757","0.3955562953580011"
"0.4473133742369657","9","1","Kansas, Marion","-97.0985,38.3586","0.6277035804847703","0.213740458015267","0.41935132724672614","0.2327","0.5","0.6813178638986801","0.3361451122861323","0.3532934131736527","0.667774075480636","0.32585618922723747","0.2072164947205021","0.3832670434178902"
"0.4470194296319973","9","3","Nebraska, Seward","-97.1397,40.8724","0.6760955465427988","0.191558441558442","0.5009609257202748","0.2394","0.75","0.603814206971114","0.2568971863313971","0.33532934131736525","0.5517358041566147","0.24919016577457656","0.052180694319109294","0.5244329173465933"
"0.4467357831632779","10","1","Texas, Concho","-99.8647,31.3264","0.5089986918432704","0.0285714285714286","0.4615928335549997","0.4957","0.5","0.8066953714640763","0.3734824418955385","0.2694610778443114","0.5755097168756041","0.19475263668598988","0.4192760566474634","0.4018894213582009"
"0.44666853420106384","9","3","Minnesota, Sherburne","-93.7762,45.4445","0.6545707892734781","0.181401440733464","0.58531273432093","0.2426","1.0","0.42209023252660954","0.39818717600784914","0.25748502994011974","0.3787943342919467","0.2354388732675434","0.01845931892580993","0.6357225693641246"
"0.4465567223966043","9","7","Minnesota, Waseca","-93.5872,44.0221","0.7193790525300796","0.0980176211453744","0.5467179760432858","0.4346","0.5","0.42209023252660954","0.3940301692925269","0.2874251497005988","0.5561726637917245","0.25851704700410055","0.09130068231438733","0.48729733477286935"
"0.44645192663387867","9","10","Arkansas, Newton","-93.2161,35.9195","0.6959312541426257","0.10801393728223","0.4306280352013126","0.1506","0.5","0.610486779204959","0.31487986838695714","0.3532934131736527","0.6960934005090119","0.3775047631084895","0.3533277193414213","0.0"
"0.44642554097534853","9","10","Kansas, Marshall","-96.5228,39.7836","0.6447985839997197","0.419354838709677","0.49439052635863107","0.1191","0.5","0.6813178638986801","0.24630987473883043","0.34730538922155696","0.6424111072462477","0.3447807008348008","0.15894714519064462","0.44816555069665415"
"0.44631447910933536","9","10","Minnesota, Crow Wing","-94.0676,46.481","0.6850923015088618","0.273356401384083","0.5652306233382485","0.2528","0.75","0.42209023252660954","0.33149337089199205","0.19161676646706588","0.6458942336050534","0.2840608890145516","0.07702254797316767","0.41862674117161436"
"0.4463070826106613","9","3","Kansas, Pottawatomie","-96.3456,39.3793","0.6324268168243291","0.170028818443804","0.5210336852217955","0.2254","0.75","0.6813178638986801","0.35699886340448767","0.3652694610778443","0.4806485213347297","0.2568588136381472","0.11543366149711914","0.3195924225554758"
"0.4461251510623395","9","9","Kansas, Pawnee","-99.2369,38.1811","0.6480785764904016","0.0437956204379562","0.47605461911668634","0.1656","0.5","0.6813178638986801","0.5137025954876906","0.281437125748503","0.6441567395133083","0.40032173346112937","0.2718794596082648","0.0"
"0.44607981211795444","9","1","Illinois, Pope","-88.5615,37.4139","0.5633669973156072","0.166666666666667","0.3756718805053151","0.304","0.5","0.48583792883850596","0.4854879347942972","0.48502994011976047","0.7599810748231213","0.2534319295559987","0.43480613621508024","0.0"
"0.44606775829984613","9","1","Virginia, Rockbridge","-79.4461,37.812","0.524528427488989","0.163265306122449","0.5173080841985238","0.079","0.75","0.7697111946822568","0.418499680990498","0.33532934131736525","0.7006109322771243","0.2950875272799416","0.3173464962186701","0.0"
"0.44605568465728396","9","10","Minnesota, Redwood","-95.2521,44.4056","0.6575253872650089","0.181451612903226","0.5204546656602399","0.2827","0.5","0.42209023252660954","0.47218419406656176","0.23952095808383234","0.6371246099900815","0.3496689458388552","0.1655635491490539","0.50369925657336"
"0.4459786729138503","9","10","Iowa, Adams","-94.6993,41.029","0.7716272132434409","0.393939393939394","0.5106272113156003","0.085","0.5","0.5124529061342115","0.18888174650578687","0.34131736526946105","0.6644904259777605","0.348432533640269","0.12604243485119027","0.34290211530109915"
"0.4459411611637694","9","1","Michigan, Iosco","-83.6348,44.3549","0.48835846536431654","0.078125","0.5493418878012801","0.2977","0.5","0.5192862589944978","0.3172255820856452","0.29341317365269465","0.7535440960260323","0.42328933709877986","0.419472623069292","0.4820657848162106"
"0.4457419159535387","9","1","Pennsylvania, Wyoming","-76.0107,41.5196","0.4719758126216841","0.191919191919192","0.5687792367333068","0.1748","0.75","0.7607330979588356","0.22037827367999657","0.38922155688622756","0.613308186513927","0.4022724979630977","0.16942414758541224","0.4939156491692485"
"0.4457284648182739","9","3","Indiana, Hamilton","-86.0524,40.0731","0.6097231118649469","0.113990514905149","0.688638615345179","0.035","1.0","0.5484650550776322","0.3495495832998238","0.5149700598802395","0.40944379978250145","0.17483613465196032","0.02603905579809783","0.48672093855609716"
"0.4456550315740717","9","10","Minnesota, Yellow Medicine","-95.8684,44.7171","0.7257595592499592","0.185606060606061","0.49428287464126686","0.3464","0.5","0.42209023252660954","0.43255162576222805","0.2095808383233533","0.6151952376728468","0.3222345595831288","0.14524417655322291","0.3518128423706239"
"0.4456368127070139","9","9","Texas, Shackelford","-99.354,32.7359","0.5967678832473303","0.176470588235294","0.4218575082425783","0.3559","0.5","0.8066953714640763","0.31899948718035626","0.281437125748503","0.5878652729484978","0.1868751895976629","0.5306752014200259","0.0"
"0.4455905516858538","9","10","Idaho, Custer","-114.2855,44.2419","0.7232542571816818","0.225806451612903","0.3347827501005115","0.226","0.5","0.771056031651189","0.2593743743302058","0.17365269461077848","0.7700544395940567","0.21275561935442924","0.4011671176713456","0.0"
"0.4455401679013737","6","9","Idaho, Clark","-112.3506,44.285","0.7175521736746782","0.1","0.31686260356206275","0.5224","0.0","0.771056031651189","0.4331684875690925","0.19161676646706588","0.37162696325125594","0.24908582610530247","0.8695549859745073","0.0"
"0.4454675795147231","4","2","Nevada, Pershing","-118.4006,40.44","0.2723771864693163","0.0434782608695652","0.39757753722920547","0.9984","0.5","0.5897697212390978","0.6336411562022889","0.16167664670658685","0.5357771420024626","0.3126085897725261","0.5612372227284074","0.34994926289078115"
"0.4452139871183599","9","3","New Jersey, Morris","-74.5455,40.861","0.5037694592993307","0.0526690391459075","0.7318978771045276","0.2881","1.0","0.5465970409188426","0.3555391030972155","0.4191616766467066","0.542700408721451","0.12208652559358092","0.04969133742800286","0.4472854032957855"
"0.4451945042571482","9","10","Montana, Granite","-113.4414,46.4061","0.7475433392521798","0.4","0.4156658939414778","0.1299","0.5","0.6163905315403087","0.2706904599553141","0.22155688622754494","0.7522432506995606","0.2098045617461695","0.15792579914302854","0.44379114366099986"
"0.4449745551536494","9","10","Wisconsin, Vilas","-89.5172,46.0547","0.7404995733312163","0.294964028776978","0.4864852943052167","0.0283","0.32499999999999996","0.38022621028167947","0.4870142279272649","0.2095808383233533","0.7725308062309592","0.35684461158126723","0.24318330539457952","0.5485713953195351"
"0.44488437574406164","9","10","Illinois, Hamilton","-88.5388,38.0816","0.6901333893939315","0.284403669724771","0.48550932884697034","0.1114","0.5","0.48583792883850596","0.2421222166494091","0.4970059880239522","0.6371246099900815","0.3450104171105344","0.17620780861624627","0.42660218075571177"
"0.4448474629125168","9","3","Illinois, Edgar","-87.7476,39.6809","0.5223050977489094","0.130434782608696","0.5486935373592103","0.2649","0.75","0.48583792883850596","0.18049777032537825","0.4970059880239522","0.6371246099900815","0.2989356886739046","0.266769943770861","0.5196953674958874"
"0.44479699704139125","9","3","Maryland, Howard","-76.9313,39.2531","0.5264390692216098","0.0620071684587814","0.7455267231611065","0.1745","1.0","0.4028734589185817","0.5504666256573094","0.47904191616766467","0.45839165180163993","0.13058388748103425","0.025310561018492633","0.49233276305629264"
"0.4447573319461857","10","2","Oregon, Clatsop","-123.6607,45.9971","0.33916902946213306","0.0425531914893617","0.5852348634540643","0.7577","0.75","0.7438233614458837","0.3538403460982616","0.19760479041916168","0.6335581539925471","0.2667466280562687","0.241768463164264","0.31998174659371653"
"0.44465180569649965","9","3","Indiana, Brown","-86.2287,39.1961","0.5708836938465077","0.1796875","0.4903441436881874","0.1044","1.0","0.5484650550776322","0.263324003127208","0.4670658682634731","0.6742558355103007","0.3219698921164153","0.1712697888067595","0.0"
"0.44465070259304595","9","10","Nebraska, Custer","-99.7281,41.3937","0.7624073141572996","0.418604651162791","0.4405171974511103","0.1379","0.5","0.603814206971114","0.2579763290842353","0.22155688622754494","0.6476236650502001","0.3133909979316415","0.10999241711418936","0.4200829432167901"
"0.4446050882914791","9","1","Michigan, Roscommon","-84.6107,44.3347","0.5427164100605193","0.218045112781955","0.4511382624279937","0.2101","0.675","0.5192862589944978","0.29413013500411245","0.281437125748503","0.7846716780769137","0.41795664184797204","0.4580299200012209","0.0"
"0.4445776404360287","9","10","Nebraska, Richardson","-95.7176,40.1247","0.6494270696515363","0.265060240963855","0.47820353905128987","0.029","0.5","0.603814206971114","0.37150257133802983","0.37724550898203596","0.6837718879901644","0.3560892020125926","0.18740846127005645","0.4281746664486149"
"0.4445581189603998","10","2","New Mexico, Taos","-105.631,36.5801","0.4535323291695201","0.119047619047619","0.5077352902389031","0.6606","0.32499999999999996","0.5871956657568004","0.4748800577014762","0.10778443113772454","0.6915204375207985","0.21937621673658583","0.4995227541680741","0.580014002594049"
"0.44451298517096005","9","3","Illinois, Kendall","-88.4287,41.5908","0.6417048816022038","0.136829168373617","0.6464548873698709","0.0478","1.0","0.48583792883850596","0.48198616954583184","0.562874251497006","0.3453966168814669","0.21918203216347293","0.09420364014852817","0.0"
"0.4443852423618863","3","2","California, Colusa","-122.2332,39.1788","0.37179223612608403","0.0128440366972477","0.5458134897962816","0.4228","0.675","0.6302607543856039","0.44607563449660187","0.34131736526946105","0.4806485213347297","0.4234544613062678","0.4203779428494332","0.4663295028427343"
"0.44435715456057656","5","10","North Dakota, Towner","-99.2456,48.6857","0.9166341550792875","0.666666666666667","0.377475899512477","0.1716","0.32499999999999996","0.10985976568982879","0.42560916926392156","0.155688622754491","0.6758588134982833","0.34303179454430816","0.19946174954288923","0.2919197923389154"
"0.44433532360679595","9","10","Wisconsin, Wood","-90.0416,44.4554","0.7125641414147671","0.249244712990937","0.5960587615041035","0.1948","0.675","0.38022621028167947","0.33579630676846145","0.32934131736526945","0.613308186513927","0.26736783167932543","0.10411843593200279","0.30428357001558587"
"0.44433258018721467","9","10","Nebraska, Dixon","-96.8678,42.4919","0.7928831092916586","0.32","0.43470027322796717","0.1904","0.5","0.603814206971114","0.2557417312196106","0.32934131736526945","0.6114115319998742","0.26109895836310565","0.22544145996409484","0.0"
"0.44429364395124843","9","3","North Carolina, Currituck","-75.9588,36.3612","0.5073309061826857","0.115740740740741","0.5538772773227475","0.0579","1.0","0.7283659930549282","0.47875700507682584","0.32934131736526945","0.5239446622367122","0.26949288805180643","0.28579377045523113","0.0"
"0.44429280718331854","4","8","Texas, Kleberg","-97.6989,27.4244","0.0","0.0","0.5384271321642814","0.9879","0.75","0.8066953714640763","0.4596250913735881","0.3652694610778443","0.452613368495235","0.30102441914110784","0.6817507273744842","0.42070903740172827"
"0.4442468218051089","9","10","Ohio, Putnam","-84.1336,41.0209","0.7436055597029692","0.225319396051103","0.4823985029783929","0.0108","0.75","0.7247088387345686","0.16222322394362917","0.5449101796407185","0.5472454870957077","0.31718206830869233","0.041943374579177704","0.0"
"0.4441923150386707","9","3","Indiana, Decatur","-85.5009,39.3071","0.5186148957851643","0.0519230769230769","0.5895261696202434","0.1706","0.825","0.5484650550776322","0.17114984101792646","0.502994011976048","0.5357771420024626","0.3719757660113036","0.22779662363561648","0.573241101435401"
"0.44410875992507726","9","1","Oregon, Columbia","-123.0891,45.9446","0.5008407687424339","0.186234817813765","0.5790085036834152","0.3954","0.75","0.7438233614458837","0.34185007602822015","0.25748502994011974","0.5775976316230177","0.29714455020830005","0.26383101537154263","0.0"
"0.44410561451621505","9","1","Texas, Kimble","-99.7486,30.4868","0.5064243726356928","0.19047619047619","0.39870071717293887","0.148","0.5","0.8066953714640763","0.3215966802810112","0.2694610778443114","0.7561322439804544","0.3104806491203388","0.4728001365185895","0.41230855648728126"
"0.44390653074323033","4","2","New Hampshire, Coos","-71.3063,44.6906","0.38124505324735697","0.333333333333333","0.5088381922371227","0.6979","0.575","0.6081192202308006","0.2729484253508378","0.19161676646706588","0.6628376879802886","0.3645735657777142","0.31032702814945007","0.47378289662408035"
"0.44379642141074865","9","10","Nebraska, Holt","-98.784,42.4552","0.8217699394893591","0.484162895927602","0.43696363411183786","0.1086","0.5","0.603814206971114","0.2199525290905949","0.22155688622754494","0.6406572602088578","0.24783958390399777","0.07810905282235107","0.3869116352217241"
"0.4436632625815819","9","3","Indiana, Tipton","-86.0523,40.3112","0.5600255158665489","0.0789473684210526","0.5605940143082059","0.0452","0.75","0.5484650550776322","0.21714960655820123","0.5209580838323353","0.6151952376728468","0.43119828132843746","0.16613483923640188","0.5027163807576289"
"0.4430326612368757","9","10","South Dakota, Perkins","-102.4756,45.4905","0.745280488951881","0.278688524590164","0.3074308625291186","0.3954","0.5","0.7704699034685317","0.35614123504155004","0.11377245508982038","0.667774075480636","0.2877590115364197","0.13661523764008388","0.0"
"0.4430302992442619","9","10","Iowa, Kossuth","-94.2069,43.2041","0.7570493883298055","0.229468599033816","0.5611829543032796","0.0968","0.5","0.5124529061342115","0.2703893760055397","0.3173652694610779","0.6661358670949733","0.27491592152284333","0.08082416437167599","0.5009090226365016"
"0.44286734438493974","10","6","Massachusetts, Norfolk","-71.2053,42.1607","0.4956229544264539","0.0472972972972973","0.7249923788213172","0.6603","1.0","0.18489378053159447","0.3919806775142294","0.3053892215568862","0.540406913436432","0.15548674238636928","0.029540675260765408","0.5602907611787408"
"0.44275360180641304","9","3","Minnesota, Watonwan","-94.6141,43.9782","0.6132171323554849","0.0408525754884547","0.5008624294247086","0.2808","0.675","0.42209023252660954","0.34966558672129067","0.2694610778443114","0.6056629582719985","0.3256275543502706","0.3201919253711296","0.46317827887380936"
"0.4426681630385218","9","2","Maine, Knox","-69.1053,44.1149","0.391564978080529","0.254237288135593","0.5846246874259692","0.4677","0.75","0.83233747019391","0.2544609303330937","0.251497005988024","0.6790442329554586","0.2266095269647411","0.1608953691349055","0.44030345143260263"
"0.442557819331852","9","10","Illinois, Mercer","-90.7429,41.206","0.6960058127235232","0.291079812206573","0.48851302645186956","0.1175","0.5","0.48583792883850596","0.1971852366880334","0.4670658682634731","0.6335581539925471","0.3225449794008001","0.17307001264783206","0.5222861949059896"
"0.4424774567595994","9","9","Kansas, Chase","-96.5956,38.3029","0.6614929305067424","0.0879120879120879","0.3991636451535166","0.4094","0.32499999999999996","0.6813178638986801","0.3401521855824832","0.33532934131736525","0.6790442329554586","0.3469205392327308","0.3169520311318581","0.0"
"0.44244824107361064","9","10","Wyoming, Johnson","-106.5845,44.0406","0.6723547287284523","0.388888888888889","0.4417842448229566","0.4142","0.5","0.5947001907015348","0.36492441408651505","0.07185628742514971","0.6510586369018438","0.2212512000654948","0.17999113694963073","0.43101127240286424"
"0.4423345706627396","9","1","New Mexico, Mora","-104.9498,36.011","0.5745728225954937","0.5","0.34386588366370546","0.4785","0.5","0.5871956657568004","0.3594888450691724","0.0778443113772455","0.7050743605672205","0.34891035203583437","0.44187065832553263","0.0"
"0.4422577672053605","9","1","Georgia, Harris","-84.9054,32.7371","0.49964998285031875","0.0359281437125748","0.5237184266127279","0.0519","0.75","0.7922333288990623","0.5523221274092173","0.4970059880239522","0.5670390838965326","0.3293205249425038","0.19759358130092575","0.0"
"0.4421041028814966","9","10","Kansas, Stanton","-101.7844,37.563","0.712915595629469","0.1125","0.3861425880542237","0.1286","0.5","0.6813178638986801","0.3816704593880695","0.2095808383233533","0.5734100391661536","0.2803983661804252","0.4394722573079896","0.21433976925228132"
"0.44203799571796154","3","3","New Hampshire, Merrimack","-71.6812,43.2966","0.5149174446789738","0.193717277486911","0.614569727959504","0.538","0.75","0.6081192202308006","0.27231138939832006","0.281437125748503","0.5627304600978258","0.22753329856567708","0.0635409739254581","0.44616100021508"
"0.44202996151466273","9","1","Oregon, Gilliam","-120.2049,45.3716","0.5770835761965873","0.272727272727273","0.39697056555784627","0.32","0.5","0.7438233614458837","0.31305031845623926","0.23952095808383234","0.7080205562076126","0.3798895489694066","0.34502663335735817","0.0"
"0.44192874276378274","9","9","West Virginia, Wirt","-81.3747,39.0278","0.6481426218258632","0.571428571428571","0.25637960458308084","0.1388","0.5","0.590915881821042","0.14460847425046877","0.4131736526946108","0.5998243249034969","0.512738838846073","0.4615976671695683","0.0"
"0.4418887047441072","9","10","South Dakota, Stanley","-100.7349,44.4138","0.785511258764562","0.338028169014085","0.4142001805540245","0.241","0.5","0.7704699034685317","0.49193227079524","0.1317365269461078","0.5858342498966352","0.23546928813038692","0.020174158091966196","0.0"
"0.4418815941320505","9","9","Missouri, Worth","-94.4233,40.4795","0.6335231227540015","0.192307692307692","0.32453714097849706","0.1862","0.5","0.6898109656793697","0.24726794960968201","0.3592814371257485","0.6884403224054082","0.5276099234515581","0.3204105343615183","0.0"
"0.4417822212012166","4","8","Texas, Jim Wells","-98.0905,27.731","0.1277054013048625","0.00131147540983607","0.5546769994311841","0.6746","0.75","0.8066953714640763","0.3265996060008815","0.3652694610778443","0.5016507991249867","0.3610519050877982","0.663344092609793","0.39694057850313824"
"0.44172108233197577","9","1","Ohio, Carroll","-81.0918,40.579","0.5219391160277934","0.148936170212766","0.5403699725360331","0.1697","0.675","0.7247088387345686","0.20831886408693132","0.4970059880239522","0.6226493223021841","0.431229453249766","0.2732152150403954","0.0"
"0.4415945230329676","9","3","California, Placer","-120.7241,39.0617","0.46012603964184146","0.0649484536082474","0.6638338457049918","0.1974","1.0","0.6302607543856039","0.4071571975653627","0.44910179640718567","0.5938927650957907","0.09172033891444682","0.05977435918801476","0.48800230948394097"
"0.44149839220466147","9","3","Maryland, Calvert","-76.5682,38.5396","0.5430513284480898","0.100268576544315","0.621159778691749","0.0146","1.0","0.4028734589185817","0.519505174406053","0.37724550898203596","0.48601108590571473","0.3049129387881672","0.09052616458943717","0.5882663657682963"
"0.4414081667637273","9","10","Iowa, Ringgold","-94.2437,40.7352","0.7212461516522296","0.3","0.5206163740182993","0.142","0.5","0.5124529061342115","0.21272680996390844","0.3532934131736527","0.6884403224054082","0.29698790969497485","0.1277712020139641","0.4203955360231974"
"0.44131931970540594","9","10","Minnesota, Martin","-94.551,43.6743","0.6949696793784432","0.133561643835616","0.5299222272040996","0.2315","0.675","0.42209023252660954","0.25354443267934546","0.29341317365269465","0.6611775880966219","0.28590310297228044","0.14266325822348283","0.43414492119704706"
"0.4407793645930339","4","1","Georgia, Webster","-84.5474,32.0407","0.3935500161348883","0.0227272727272727","0.41405621251961033","0.2171","0.5","0.7922333288990623","0.6386763850676401","0.4730538922155689","0.6353456481032828","0.36447652226508137","0.4795613916418213","0.0"
"0.4407234247230918","9","10","Wisconsin, Oneida","-89.5194,45.7068","0.7905984921412633","0.327374301675978","0.5346314477854518","0.0681","0.575","0.38022621028167947","0.3242108514651597","0.23952095808383234","0.7021046890169179","0.29835360932769067","0.06175855369745315","0.3699062163786288"
"0.4406614449080381","9","10","Nebraska, Boyd","-98.7649,42.8997","0.7893978891334147","0.326530612244898","0.36308087727010174","0.0847","0.5","0.603814206971114","0.1773353069371988","0.19760479041916168","0.7469939835325977","0.3665595142218811","0.19251797710746035","0.27780275186994957"
"0.4405922219409348","9","10","Kansas, Thomas","-101.0554,39.3511","0.7643688492952125","0.244131455399061","0.3863304912180134","0.0952","0.675","0.6813178638986801","0.3494836182831728","0.21556886227544908","0.5334405085950897","0.261058722037693","0.14485879494246587","0.264312124147119"
"0.44055390815756384","10","2","Colorado, Moffat","-108.2071,40.6181","0.45300188671031416","0.156862745098039","0.46422257518191457","0.7329","0.5","0.8662658896035598","0.35656328590223796","0.0778443113772455","0.4833394486037307","0.23902035350152703","0.3329396756666151","0.4857844456158261"
"0.4404722253287423","9","3","Maryland, Charles","-76.9858,38.5109","0.5219517801948003","0.0553346587143804","0.6301359386936857","0.1283","0.825","0.4028734589185817","0.6923438161420928","0.37724550898203596","0.42229651508178717","0.3367607772362361","0.03929584409170144","0.6382083552379336"
"0.44043807227124737","9","10","Illinois, Clark","-87.7871,39.3343","0.6981157838111046","0.24901185770751","0.5115842132223359","0.0891","0.75","0.48583792883850596","0.15098693096933644","0.502994011976048","0.6017807168377609","0.31516153930553964","0.2282351738595484","0.0"
"0.4402657361504296","9","3","Virginia, Fauquier","-77.8065,38.7356","0.520026034546271","0.0694980694980695","0.6021302577003687","0.0092","0.825","0.7697111946822568","0.4764680434924151","0.3652694610778443","0.5310891329236117","0.24453466313864153","0.08229072185899756","0.5256282117830436"
"0.44021760055211745","9","3","Michigan, Livingston","-83.913,42.603","0.5669250808747448","0.160919540229885","0.6500289422224","0.0516","1.0","0.5192862589944978","0.23787763309427012","0.4670658682634731","0.5334405085950897","0.2114629289420327","0.03081744865504604","0.606735891665707"
"0.439812381322953","9","1","West Virginia, Grant","-79.1944,39.1031","0.5505662120431124","0.0842696629213483","0.4807013543519383","0.2213","0.5","0.590915881821042","0.17561958939740355","0.3053892215568862","0.6806267907799217","0.5162831918953549","0.4094116438778401","0.3977134625761411"
"0.439751891560947","9","1","Nevada, Douglas","-119.6171,38.9129","0.5291835551215764","0.141711229946524","0.6072715830853386","0.1452","0.675","0.5897697212390978","0.41941115533903284","0.2694610778443114","0.7224119892866149","0.21133168711767591","0.13490039847392757","0.6566530586972698"
"0.4396583549824988","3","2","New York, Herkimer","-74.9615,43.4203","0.3952758992617553","0.0648648648648649","0.6029986005915255","0.7106","0.675","0.30357014148943134","0.26904765979066014","0.2874251497005988","0.6114115319998742","0.34067836620824543","0.3361686697346208","0.6764142743589179"
"0.4395752032301884","9","3","Iowa, Bremer","-92.318,42.7746","0.6776214048304392","0.140752864157119","0.636111120163437","0.1678","0.75","0.5124529061342115","0.18931919038984293","0.37724550898203596","0.6037268925796017","0.23258230724277934","0.02156598884960925","0.4789123637623575"
"0.43956886910741405","9","10","Kansas, Republic","-97.6504,39.828","0.6992075926047818","0.279411764705882","0.4362303300917216","0.2092","0.5","0.6813178638986801","0.22662605384013115","0.29940119760479045","0.734905621980166","0.3095469691849579","0.08790067667052089","0.24351457341362562"
"0.43953572753022335","9","1","Indiana, Crawford","-86.4452,38.2881","0.5865942978278829","0.127659574468085","0.4268790653510495","0.27","0.5","0.5484650550776322","0.23341992420027835","0.5149700598802395","0.5978576089534523","0.4615870035926521","0.41070234526873833","0.0"
"0.43952647463764266","9","10","Iowa, Van Buren","-91.9502,40.7533","0.6818254603900832","0.164473684210526","0.5369809286131606","0.2547","0.5","0.5124529061342115","0.10790346853666069","0.37724550898203596","0.6406572602088578","0.26052118723208284","0.3128235307083864","0.4079912989493324"
"0.43940153362549267","9","9","Kansas, Hamilton","-101.7921,37.9998","0.677806369012281","0.160714285714286","0.44649225030592404","0.0064","0.5","0.6813178638986801","0.3626193578417954","0.2275449101796407","0.4407808887294848","0.46635462897565927","0.5058725883825248","0.16052723323420862"
"0.4393628330175121","4","2","Virginia, Alleghany","-80.0022,37.7864","0.34752560288111833","0.0476190476190476","0.5381309504556188","0.4381","0.5","0.7697111946822568","0.3809351702166051","0.34131736526946105","0.6758588134982833","0.4291055193456974","0.40558846936282816","0.24132879775166313"
"0.4393583571131168","9","10","Kansas, Logan","-101.1485,38.9174","0.8037074874896425","0.426229508196721","0.3907486813282826","0.0993","0.5","0.6813178638986801","0.2624937011755216","0.22155688622754494","0.6353456481032828","0.2805643848510468","0.1144003252611106","0.16773700049204898"
"0.43930621793803926","9","3","Minnesota, Wright","-93.9623,45.173","0.6661120476846781","0.191622103386809","0.6171827171414052","0.1509","1.0","0.42209023252660954","0.31657062471659914","0.25748502994011974","0.42229651508178717","0.2209184278952793","0.023740936356201125","0.59810413932478"
"0.43919459983687165","9","1","Pennsylvania, Fulton","-78.1116,39.9291","0.4693839512059581","0.161290322580645","0.5197679153268029","0.2095","0.5","0.7607330979588356","0.25592864483043276","0.4131736526946108","0.6299572389493907","0.3855121670295616","0.3016588486197537","0.5191917864925792"
"0.4391924422360671","9","1","Nebraska, Keith","-101.662,41.1993","0.5896332071029691","0.170731707317073","0.4352471208313403","0.2932","0.675","0.603814206971114","0.30449133763303127","0.17964071856287425","0.7238210337160854","0.2836414757895764","0.19911766746992857","0.46496619112185883"
"0.43916492563724774","9","1","West Virginia, Tucker","-79.5705,39.1124","0.5645696146720431","0.192307692307692","0.49224784592684034","0.411","0.5","0.590915881821042","0.15979869238520766","0.311377245508982","0.6960934005090119","0.4575554191303849","0.36299520235017385","0.0"
"0.4390648946650654","7","7","Alaska, Fairbanks North Star","-146.5693,64.8073","0.7203995510265113","0.272675086107922","0.5207726392017442","0.7529","0.575","0.0","0.6978145453728596","0.0","0.3295349972503631","0.25240747774091715","0.19484298363847963","0.45540423897742993"
"0.4390046427865478","9","10","Illinois, Carroll","-89.934,42.0682","0.7847555507670304","0.317415730337079","0.5238779958567868","0.1334","0.32499999999999996","0.48583792883850596","0.2825901135596234","0.4610778443113772","0.6915204375207985","0.21397995078890045","0.24967702186974028","0.0"
"0.4388702561711967","9","1","Missouri, Atchison","-95.4297,40.4324","0.6028876541219189","0.140845070422535","0.46842691821054483","0.0742","0.5","0.6898109656793697","0.19369407137051528","0.3712574850299401","0.7021046890169179","0.5080367618127088","0.19530309197891518","0.41080509704996254"
"0.4387826869100842","9","3","Kansas, McPherson","-97.6477,38.3918","0.5612799054068164","0.12779552715655","0.5000128427614723","0.2057","0.75","0.6813178638986801","0.3234904280675275","0.34730538922155696","0.6037268925796017","0.2753573453489914","0.1171930702524516","0.42716445430091055"
"0.43872988160603066","3","3","Maryland, St. Mary's","-76.6063,38.3006","0.41766948788268626","0.0372759856630824","0.6295636664705568","0.3333","1.0","0.4028734589185817","0.5308841158079157","0.3592814371257485","0.4377631248108773","0.34009500081186805","0.09468579105752371","0.5857304250681081"
"0.4386183362806005","3","2","New York, Seneca","-76.825,42.7808","0.4268786773314734","0.133858267716535","0.5987997974060103","0.6832","0.75","0.30357014148943134","0.4403935091324929","0.3173652694610779","0.5858342498966352","0.38795959402356944","0.2814808149113374","0.0"
"0.4384929041702322","10","6","Rhode Island, Newport","-71.2657,41.5642","0.4578889776438862","0.0893470790378007","0.7046631648554756","0.4874","1.0","0.3389621621377484","0.42474322869114495","0.2095808383233533","0.6353456481032828","0.17801918966468883","0.058249304114899425","0.5096035652173849"
"0.4384349702779849","5","7","North Dakota, Dickey","-98.5049,46.1102","0.857588394018217","0.336633663366337","0.4244429044898699","0.4438","0.5","0.10985976568982879","0.3073606394864853","0.16167664670658685","0.6388951207196634","0.31550508047803244","0.07098893983844251","0.3912404286743841"
"0.4384144636868546","9","10","Indiana, Ohio","-84.9652,38.9553","0.7490280102863995","0.301724137931034","0.5566823358941179","0.1207","0.5","0.5484650550776322","0.1671516832438769","0.502994011976048","0.6299572389493907","0.3039814236869605","0.12681695257614042","0.0"
"0.4383766683582205","4","2","Colorado, Delta","-107.8631,38.8625","0.2530942879084678","0.0205128205128205","0.526259983649735","0.6466","0.675","0.8662658896035598","0.3358590611288132","0.1377245508982036","0.6976053368935816","0.2559733424657933","0.44141866455703943","0.5080187905069006"
"0.43831692784824855","9","10","Missouri, Andrew","-94.8016,39.9849","0.7341692495534562","0.242268041237113","0.4873121608478029","0.0423","0.575","0.6898109656793697","0.26952797303496373","0.4131736526946108","0.5817386943120182","0.3405041127380083","0.1230368942941358","0.0"
"0.4381854683248868","9","1","Texas, Callahan","-99.3733,32.2976","0.4977515029778981","0.109090909090909","0.5115038592042583","0.1035","0.675","0.8066953714640763","0.36931439303133967","0.29341317365269465","0.6189409155096902","0.377099299639338","0.422927129569488","0.0"
"0.438166885834963","9","10","Iowa, Shelby","-95.3102,41.685","0.7214023818024204","0.164705882352941","0.5616516651150549","0.1149","0.5","0.5124529061342115","0.2639128969212241","0.33532934131736525","0.6595100604482558","0.3188921946439721","0.08971761410753457","0.46972099713379273"
"0.4379592672775578","9","1","Virginia, King William","-77.0938,37.7097","0.5514217338357197","0.117647058823529","0.541511145002756","0.0076","0.75","0.7697111946822568","0.6485556532540683","0.34730538922155696","0.5191044408593759","0.3467619307144608","0.10656322323393308","0.0"
"0.4379101616564791","9","10","Iowa, Wright","-93.7352,42.7331","0.7288137760677947","0.0958702064896755","0.5747107057874682","0.2633","0.5","0.5124529061342115","0.25425321330845974","0.34730538922155696","0.6476236650502001","0.29262472028189496","0.21163687750787208","0.0"
"0.43781613533532865","9","10","Iowa, Taylor","-94.6978,40.7371","0.7976316168618229","0.247706422018349","0.5180172164364542","0.1417","0.5","0.5124529061342115","0.14631441046662438","0.3592814371257485","0.6527643232093532","0.32245190462952034","0.20178724052596478","0.0"
"0.4377727352858682","9","10","South Dakota, Grant","-96.77,45.1724","0.8249389167207246","0.299610894941634","0.47711542783571403","0.0672","0.32499999999999996","0.7704699034685317","0.35291444359780993","0.14970059880239522","0.6207997313712245","0.1955738859354245","0.09613079042834162","0.41020334072256676"
"0.4377150357447833","4","2","Tennessee, Hancock","-83.2238,36.5269","0.2746664344390752","0.00892857142857143","0.4639579127579109","0.61","0.5","0.4911779531988354","0.20328039378390686","0.40119760479041916","0.6189409155096902","0.6003163205617884","0.6352015459834021","0.5124698568237281"
"0.43756077575145025","9","10","Wisconsin, Trempealeau","-91.3589,44.3036","0.7014096634982957","0.141695702671312","0.530680734946678","0.3263","0.5","0.38022621028167947","0.3003695896709847","0.3233532934131737","0.5670390838965326","0.28594202939666935","0.1722470497172556","0.5179593909775176"
"0.4374135690758968","9","1","Colorado, Chaffee","-106.1927,38.7475","0.5821907873698061","0.0891891891891892","0.5350950422674274","0.4881","0.32499999999999996","0.8662658896035598","0.4452976854953411","0.07185628742514971","0.6930510015104033","0.11771400479945009","0.1565545575977767","0.5373271634609843"
"0.43722380658381166","4","8","Texas, Willacy","-97.6154,26.4741","0.0","0.0","0.5299093029373299","0.8386","0.675","0.8066953714640763","0.38286966669381267","0.34730538922155696","0.46968620728685795","0.5494197775322196","0.8658118671617929","0.0"
"0.43690306669460116","9","3","Kentucky, Spencer","-85.3275,38.0322","0.5942651475899478","0.131274131274131","0.49269310722376886","0.0267","0.75","0.7986013047908057","0.2968461478191607","0.502994011976048","0.4555137084840577","0.4571751512610661","0.12946496751567294","0.0"
"0.43689399032625126","9","10","Iowa, Adair","-94.4711,41.3308","0.7598667445990489","0.377049180327869","0.5657805717637625","0.0554","0.5","0.5124529061342115","0.15736639372530672","0.34131736526946105","0.6544622387094758","0.3051004480514981","0.07673115006132558","0.40874470740308444"
"0.4368351172859028","9","10","Minnesota, Swift","-95.6826,45.2829","0.6919823635239227","0.18848167539267","0.5081023696239155","0.3012","0.5","0.42209023252660954","0.32504752294171657","0.19760479041916168","0.6458942336050534","0.39671278816428407","0.15556203644750827","0.3680564916787883"
"0.4367456803779312","9","1","Pennsylvania, Potter","-77.8956,41.7447","0.45193193047789865","0.25","0.4895037721138441","0.2875","0.5","0.7607330979588356","0.21987983748109532","0.33532934131736525","0.667774075480636","0.3503687272107516","0.38920296857686515","0.4083987167800017"
"0.43674123333690373","9","1","Texas, Runnels","-99.9762,31.8314","0.48578634647580926","0.0278745644599303","0.4834984888424238","0.1089","0.5","0.8066953714640763","0.46241106387455067","0.2874251497005988","0.6299572389493907","0.31571929160805756","0.45176522823565834","0.368980871234105"
"0.4367402597538737","9","7","Minnesota, Cottonwood","-95.1814,44.0072","0.6040199180833224","0.0842911877394636","0.5096944669700136","0.4413","0.5","0.42209023252660954","0.3391215963413975","0.2634730538922156","0.6628376879802886","0.3314940432471839","0.2062306347860072","0.46163228420333574"
"0.4366527600820036","9","1","Pennsylvania, Perry","-77.263,40.4021","0.5619328656265629","0.211726384364821","0.5614908315113172","0.1614","0.675","0.7607330979588356","0.22871476437316565","0.502994011976048","0.5670390838965326","0.27641859888189974","0.21367375617842904","0.0"
"0.4364835007104593","9","3","New Jersey, Somerset","-74.6168,40.5647","0.4732779166259428","0.038261152718984","0.7243864741490085","0.1777","1.0","0.5465970409188426","0.46929739045064894","0.4131736526946108","0.5067215141840639","0.11840338722754502","0.05297677016056316","0.48892432234222044"
"0.4364441990331369","9","1","Kansas, Graham","-99.8833,39.3499","0.6312200905649924","0.130434782608696","0.43682636009387155","0.0484","0.5","0.6813178638986801","0.45003288830432003","0.2275449101796407","0.7280164829849926","0.4055979988469433","0.19444088843178145","0.28021495491430604"
"0.43643727528727","9","3","Virginia, Powhatan","-77.9127,37.5502","0.5706811455330527","0.157142857142857","0.5291380612824834","0.0334","0.825","0.7697111946822568","0.4841518264051566","0.3592814371257485","0.5670390838965326","0.30705260809688206","0.07541743719775491","0.0"
"0.4363963813504115","5","10","North Dakota, Nelson","-98.1904,47.9226","0.8946489488165327","0.370629370629371","0.37733887847727887","0.1694","0.5","0.10985976568982879","0.3894606970566879","0.14970059880239522","0.7389787970328645","0.33295588612107097","0.09959595487377543","0.33145426294045294"
"0.43594565630122506","9","3","Michigan, Shiawassee","-84.1459,42.9539","0.511427049744687","0.106382978723404","0.5362995145314826","0.1401","0.825","0.5192862589944978","0.2587832881127391","0.43712574850299407","0.5670390838965326","0.3920387078248106","0.1873337345403779","0.5091105072769189"
"0.43580267273269996","3","2","Michigan, Wexford","-85.5771,44.3385","0.38503172079666564","0.0821917808219178","0.5741650211502364","0.3945","0.75","0.5192862589944978","0.271425533909061","0.281437125748503","0.5817386943120182","0.4120067620187317","0.4004741090048616","0.5176494232364323"
"0.4357405632746033","9","10","South Dakota, Hand","-99.0039,44.5471","0.8087186135360944","0.348314606741573","0.40062653050265523","0.1665","0.5","0.7704699034685317","0.10149747701116923","0.16167664670658685","0.6868906660868291","0.21588012140221205","0.03990068248394556","0.4147223521191779"
"0.4357079845774954","9","1","Missouri, Knox","-92.1478,40.127","0.48215750426432563","0.0508474576271186","0.4487323709826648","0.2235","0.5","0.6898109656793697","0.2160357048122133","0.38922155688622756","0.6424111072462477","0.4700680019401953","0.6357526101974009","0.0"
"0.435673281679382","9","1","Kansas, Harper","-98.0758,37.1918","0.5811513690994561","0.0697674418604651","0.44222762344075867","0.1184","0.5","0.6813178638986801","0.3166270905577458","0.32934131736526945","0.6510586369018438","0.42710610483884215","0.3335814535281493","0.3169875735642254"
"0.4355068827542246","9","1","West Virginia, Ritchie","-81.0636,39.1809","0.5448535584363868","0.48","0.4325719723251432","0.106","0.5","0.590915881821042","0.11943256411370286","0.4251497005988024","0.6510586369018438","0.510937449023266","0.5056359335530404","0.0"
"0.43549266845030093","10","3","Massachusetts, Plymouth","-70.808,41.9407","0.5533403880809581","0.0614208633093525","0.647836044066769","0.3515","1.0","0.18489378053159447","0.4722537815668358","0.251497005988024","0.560557323866868","0.2624505819754968","0.06259108455614079","0.47203470243992357"
"0.43548625178459305","9","10","Iowa, Fremont","-95.6013,40.7454","0.725822928129875","0.196629213483146","0.5368416364416688","0.0821","0.5","0.5124529061342115","0.2316237546325869","0.3652694610778443","0.6544622387094758","0.34003528459606686","0.10416300552117896","0.4075158662562369"
"0.4354120288263186","9","10","Kansas, Gray","-100.4369,37.7384","0.7411656342403492","0.208588957055215","0.46245325415696326","0.2305","0.5","0.6813178638986801","0.26988369623642355","0.2634730538922156","0.504194780386106","0.2633990622720835","0.3102200853580301","0.0"
"0.43540686818136015","4","2","West Virginia, Pocahontas","-80.0099,38.3276","0.3842998192448451","0.0476190476190476","0.43270980954147387","0.8185","0.32499999999999996","0.590915881821042","0.24177595808480018","0.3053892215568862","0.6868906660868291","0.45193425865903797","0.38974167926342945","0.43033861066373336"
"0.4352711833818869","9","10","Illinois, Washington","-89.4098,38.3531","0.6657141325244289","0.16","0.5145086664380575","0.1716","0.675","0.48583792883850596","0.18621455902518758","0.4970059880239522","0.6056629582719985","0.2789774197444757","0.07799932443160755","0.4075952323774571"
"0.43517618598160085","9","10","Iowa, Howard","-92.317,43.3567","0.7286567226097657","0.193415637860082","0.5483576315082189","0.2066","0.5","0.5124529061342115","0.15296372854383306","0.3173652694610779","0.624489779413553","0.2602781210505486","0.16132483588278246","0.4750408546426594"
"0.4345988290698012","4","2","New York, Clinton","-73.6788,44.7453","0.3939435300947532","0.157360406091371","0.6032166888860686","0.9061","0.575","0.30357014148943134","0.40134817676672935","0.22155688622754494","0.5334405085950897","0.33960868567044","0.2837617363052368","0.4026870222988121"
"0.43459629778278336","9","1","Kansas, Coffey","-95.7338,38.2365","0.5862606211251683","0.0979020979020979","0.48471084107375206","0.2627","0.5","0.6813178638986801","0.33855350343316837","0.3712574850299401","0.6299572389493907","0.3453240859640078","0.16039214456146253","0.2872759152208416"
"0.4344804051005549","9","10","Montana, Park","-110.5264,45.4897","0.691031311746718","0.361581920903955","0.48857622060433686","0.2557","0.5","0.6163905315403087","0.26106183635217045","0.14371257485029942","0.6371246099900815","0.21339549748865877","0.1490850335682886","0.5151790390880391"
"0.43445644686781093","9","10","Minnesota, Kittson","-96.7832,48.7775","0.6718057664023193","0.518518518518518","0.4322922056767109","0.4607","0.5","0.42209023252660954","0.18206779374376508","0.2035928143712575","0.6774549264631455","0.30840523280843735","0.10080805391854496","0.4090413021482179"
"0.43434578554179326","9","10","Illinois, Edwards","-88.0572,38.4135","0.6990115775389405","0.26530612244898","0.5230354856772932","0.1878","0.5","0.48583792883850596","0.23302616831468506","0.5209580838323353","0.6281436499318728","0.22982478081528182","0.24051421679059962","0.0"
"0.4341881585033742","9","3","Rhode Island, Kent","-71.5764,41.6711","0.5433901948299743","0.0932400932400932","0.715785722769365","0.2311","1.0","0.3389621621377484","0.3394263831743831","0.21556886227544908","0.5817386943120182","0.26733354265448417","0.09837719461323224","0.46792777132102936"
"0.434123722825644","9","10","Iowa, Winnebago","-93.7341,43.3775","0.7663057553977207","0.172661870503597","0.5645539822377538","0.1751","0.5","0.5124529061342115","0.30000745502691983","0.3053892215568862","0.6226493223021841","0.3158412593038767","0.12845706501261814","0.0"
"0.43411020361737956","9","10","Colorado, Grand","-106.1178,40.106","0.6662156319257445","0.365671641791045","0.4944108442842812","0.4104","0.32499999999999996","0.8662658896035598","0.3335706686895883","0.06586826347305387","0.5380992168517501","0.11313909342975008","0.21316520263236716","0.43616693108602017"
"0.4337861086397171","10","2","Maine, Cumberland","-70.3723,43.8371","0.34121077766860824","0.0309278350515464","0.6536398817963873","0.5925","0.825","0.83233747019391","0.36180111446478047","0.29940119760479045","0.5648909983668218","0.16038747477553322","0.062116563767031376","0.4035215906598304"
"0.43366281087210273","9","10","Iowa, Guthrie","-94.5011,41.6838","0.7638464433063924","0.198347107438017","0.5543504195233245","0.0557","0.5","0.5124529061342115","0.20732002696471105","0.34730538922155696","0.6527643232093532","0.2481640390843554","0.103827522472217","0.4602216946131315"
"0.4336228819435909","9","3","Maryland, Talbot","-76.1088,38.7662","0.5310077839472959","0.0662358642972536","0.6336064910867989","0.0414","0.825","0.4028734589185817","0.5053330524046731","0.37724550898203596","0.743007936898218","0.25339927108547233","0.0739499108063208","0.4076660041918377"
"0.43359194036188564","3","3","Connecticut, Middlesex","-72.5371,41.4595","0.4982126545721902","0.0798175598631699","0.675280024454968","0.3483","0.825","0.5061291060158074","0.38045205348657407","0.33532934131736525","0.5998243249034969","0.15962450177169543","0.039374930889886355","0.530289110643435"
"0.43357184858674824","9","1","Michigan, Benzie","-86.0161,44.639","0.5330321041234889","0.192307692307692","0.5283685598888952","0.0767","0.675","0.5192862589944978","0.35202147192309463","0.2694610778443114","0.7006109322771243","0.36278354921150796","0.17516490445212654","0.6630344925604538"
"0.4335141913486216","9","10","New York, Tioga","-76.3084,42.1685","0.6725808249097724","0.370114942528736","0.6200359013776957","0.2725","0.675","0.30357014148943134","0.21429771077576765","0.34131736526946105","0.6037268925796017","0.3302953007495079","0.1916745460775068","0.0"
"0.4333817801543027","9","3","Georgia, Oconee","-83.4368,33.8375","0.5657868162573336","0.0688405797101449","0.5850763853710633","0.0096","1.0","0.7922333288990623","0.38472901157134426","0.48502994011976047","0.49908933331939354","0.15032057428968099","0.06230634786007233","0.0"
"0.43332202189446517","5","7","North Dakota, Bowman","-103.5203,46.1129","0.8806694941369508","0.51","0.4304482293220014","0.4753","0.5","0.10985976568982879","0.2870663433931379","0.12574850299401197","0.6207997313712245","0.17881103686430297","0.07357894164423755","0.31647797411938644"
"0.4332713755770322","9","7","Minnesota, Kanabec","-93.2928,45.9459","0.6344213763748087","0.213903743315508","0.4998427075013118","0.4534","0.5","0.42209023252660954","0.28125665277481365","0.2035928143712575","0.613308186513927","0.3305951367538219","0.20470509526083566","0.4281921128310985"
"0.4331647778044559","5","10","South Dakota, Sanborn","-98.091,44.0235","0.8549210114574748","0.452054794520548","0.37268629914700435","0.0392","0.5","0.7704699034685317","0.1106284280904095","0.19760479041916168","0.595880459448231","0.34134296914612505","0.12341694693227398","0.0"
"0.43307683492371085","9","10","Kansas, Jefferson","-95.3829,39.2348","0.6454447444188001","0.201581027667984","0.4930856495354665","0.0172","0.5","0.6813178638986801","0.3211341078834456","0.40119760479041916","0.5837920978957992","0.34985639409031116","0.15308176303245674","0.39678516107762885"
"0.4329736318256866","4","2","New York, Delaware","-74.9671,42.1984","0.40053236196594977","0.113207547169811","0.5212747701299933","0.8991","0.5","0.30357014148943134","0.3126693584065448","0.29341317365269465","0.6758588134982833","0.27721283055127516","0.31399638913659866","0.5142804849129629"
"0.43294291931225803","9","3","Texas, Kendall","-98.7114,29.9441","0.4676165940490357","0.0828877005347594","0.5878937933617868","0.2455","1.0","0.8066953714640763","0.3378877647306536","0.3712574850299401","0.595880459448231","0.14363934917170468","0.11254693280686313","0.0"
"0.43290652459235085","9","10","Wisconsin, Lafayette","-90.1318,42.6601","0.7356560684673155","0.198675496688742","0.5015851764661512","0.1108","0.5","0.38022621028167947","0.25712401359915427","0.4131736526946108","0.5712984652022484","0.2902544773718027","0.1910643787126438","0.5146545271268701"
"0.43286121916303566","9","1","Utah, Iron","-113.2897,37.859","0.5730099842576785","0.0931034482758621","0.5208631210595087","0.4438","0.675","0.4487874423273804","0.3877789525846515","0.10778443113772454","0.43472072581226856","0.19583571493959187","0.4289224659917684","0.5763914018058505"
"0.4327470185634762","5","10","Texas, King","-100.2558,33.6164","0.68358692775314","1.0","0.29419965075722804","0.0118","0.0","0.8066953714640763","0.8212870261637237","0.251497005988024","0.49908933331939354","0.25308004146641433","0.262721983501743","0.0"
"0.43270563100291837","9","1","Indiana, Newton","-87.3964,40.9561","0.6024319575339522","0.131067961165049","0.5152438017696439","0.042","0.5","0.5484650550776322","0.2701843790408556","0.5209580838323353","0.5858342498966352","0.46388254348239993","0.3906384000195719","0.0"
"0.43257531375379243","5","7","North Dakota, Pierce","-99.9641,48.2498","0.7294094218492295","0.368421052631579","0.4345566128392855","0.4091","0.5","0.10985976568982879","0.4812923013415413","0.14371257485029942","0.6742558355103007","0.31192397415627715","0.1642211325011497","0.34107028818972024"
"0.4324996639872316","9","1","Texas, Blanco","-98.4,30.2664","0.4684570468181499","0.0522875816993464","0.5177663221839365","0.2069","0.675","0.8066953714640763","0.38599935729729","0.3532934131736527","0.6853345393682004","0.27934978090929014","0.2986206075489016","0.0"
"0.43246839141857174","9","10","Minnesota, Traverse","-96.4706,45.773","0.6470190557002019","0.183673469387755","0.4543854072753341","0.3754","0.5","0.42209023252660954","0.4716630103965911","0.17964071856287425","0.7021046890169179","0.3507607331426759","0.08284481389834815","0.31516182793682435"
"0.4324590464667962","3","2","New York, Columbia","-73.6309,42.2482","0.46211406918363496","0.0602782071097372","0.5738613270913573","0.632","0.75","0.30357014148943134","0.39477469627585016","0.32934131736526945","0.6595100604482558","0.20987503729592583","0.15687381150285387","0.4210148257041049"
"0.4321897413242226","3","2","New York, Wyoming","-78.222,42.7015","0.4565880495197045","0.150602409638554","0.5527720415699243","0.4683","0.675","0.30357014148943134","0.431482851719932","0.34730538922155696","0.5494974081927578","0.3598643024808794","0.24236664034073452","0.510883325838055"
"0.43188186712873433","8","5","Alaska, Yukon-Koyukuk","-151.3907,65.5082","0.6676450140362029","0.17","0.2736880575909962","0.7762","0.0","0.0","0.7326316099531194","0.0","0.4752076683887773","0.5899559175032318","0.7967275505825475","0.0"
"0.431834599688267","6","2","California, Alpine","-119.8224,38.5968","0.5051855362774271","0.333333333333333","0.33396742288808856","0.7055","0.0","0.6302607543856039","0.427104185886136","0.155688622754491","0.7109436441933698","0.5519572851052806","0.45288007353013315","0.0"
"0.4316199853832902","9","7","Utah, Millard","-113.102,39.0729","0.6751890093365392","0.183333333333333","0.3710271095409223","0.3442","0.675","0.4487874423273804","0.31525846032444693","0.155688622754491","0.5380992168517501","0.23540775955724982","0.3142910570998205","0.43570191765410415"
"0.43161812974700914","4","8","Maine, Penobscot","-68.6502,45.4019","0.16658567306704727","0.0366300366300366","0.5516785377555684","0.8612","0.675","0.83233747019391","0.36795038127366286","0.251497005988024","0.5670390838965326","0.35100375279757484","0.3125460607931619","0.3803902563130866"
"0.4315922159938018","4","2","New York, St. Lawrence","-75.0655,44.4976","0.3176185998791296","0.0642458100558659","0.5119894233042906","0.943","0.575","0.30357014148943134","0.4316614378060775","0.29341317365269465","0.542700408721451","0.3280240057156799","0.4238134346064209","0.43112253980144033"
"0.4315164386169089","4","2","Oregon, Harney","-118.9666,43.0642","0.2601189319757018","0.0769230769230769","0.39346718676658","0.7103","0.5","0.7438233614458837","0.4916516995158922","0.21556886227544908","0.6790442329554586","0.34311636228649534","0.41368632770928915","0.429077162711042"
"0.43149563544583674","9","10","Utah, Tooele","-113.1296,40.4486","0.6983951400933003","0.232539030402629","0.47459990556481413","0.2006","0.675","0.4487874423273804","0.35007575799484497","0.2275449101796407","0.3171794411774694","0.26643753982929796","0.26030783779237143","0.62181048554515"
"0.43146888903234887","9","1","Maryland, Garrett","-79.2736,39.5279","0.4924348534707931","0.24","0.5263770427860113","0.3582","0.75","0.4028734589185817","0.21450865706381828","0.34131736526946105","0.6406572602088578","0.3627601348865426","0.20237100525376142","0.48641810968068655"
"0.4314462699134232","9","10","Nebraska, Cheyenne","-102.9942,41.22","0.6645140517029713","0.391891891891892","0.41878422530738363","0.2732","0.675","0.603814206971114","0.2909298889937602","0.1377245508982036","0.5775976316230177","0.253556484178854","0.08382873602461793","0.44282314943492884"
"0.43142344575885977","9","10","Nebraska, Frontier","-100.3925,40.5299","0.7252964077895313","0.52","0.363847150006331","0.2222","0.5","0.603814206971114","0.22307533602651874","0.2095808383233533","0.7006109322771243","0.3338349387229186","0.16258865018455806","0.0"
"0.43137815539288443","9","3","Illinois, Woodford","-89.2097,40.7858","0.6186082917527606","0.154981549815498","0.5355441789966435","0.0936","0.75","0.48583792883850596","0.19378907756278324","0.532934131736527","0.5561726637917245","0.2464050787340035","0.04474617195068617","0.6583724130210605"
"0.4313052661462576","4","2","New Mexico, Colfax","-104.6473,36.6057","0.2848056388892907","0.0487804878048781","0.4587357621437908","0.9678","0.32499999999999996","0.5871956657568004","0.399316318242836","0.09580838323353291","0.7094849659803716","0.3803113858588896","0.4936272148693839","0.47526357923389945"
"0.43126488382575406","9","1","Kansas, Morris","-96.6513,38.6883","0.5807996491938859","0.173076923076923","0.4483566883265055","0.1834","0.5","0.6813178638986801","0.25738693061424195","0.34131736526946105","0.6868906660868291","0.3714654498812557","0.19296040294784228","0.37835619254786584"
"0.43125421808507963","9","10","Wisconsin, Burnett","-92.3671,45.863","0.6563186879915953","0.163636363636364","0.452539724282812","0.0458","0.5","0.38022621028167947","0.47586737033189974","0.22155688622754494","0.734905621980166","0.3862544448239796","0.21848715069644223","0.5048508312836035"
"0.4312102291387496","4","2","Texas, San Jacinto","-95.1626,30.5793","0.2627788145092981","0.0173160173160173","0.5083442320700393","0.269","0.5","0.8066953714640763","0.5622862492630537","0.4191616766467066","0.6544622387094758","0.37957442881029935","0.624998622339465","0.0"
"0.4311576863154879","9","1","Indiana, Martin","-86.8037,38.71","0.6044597396638788","0.103092783505155","0.5581743033968282","0.2178","0.575","0.5484650550776322","0.14888386559805755","0.502994011976048","0.5898852876912913","0.4117613598828263","0.2738114544086409","0.0"
"0.4311557023833148","9","3","Iowa, Warren","-93.5601,41.3356","0.6534575770704412","0.127957931638913","0.6509695396550086","0.284","0.825","0.5124529061342115","0.23505366035133224","0.3712574850299401","0.5166605513962695","0.2804372241258506","0.01599200460326344","0.0"
"0.4310960706783555","9","10","Nebraska, Saunders","-96.6377,41.2278","0.6918781430484707","0.134206219312602","0.47279699562726657","0.0302","0.675","0.603814206971114","0.2206207715926049","0.3652694610778443","0.5755097168756041","0.2957545316208489","0.05293268502344324","0.6000080948264789"
"0.431002506598693","9","1","Virginia, Goochland","-77.9038,37.7171","0.536989646317176","0.087378640776699","0.5458537109366619","0.1493","0.75","0.7697111946822568","0.5193661298505396","0.3592814371257485","0.6335581539925471","0.22005280963583035","0.05424446007878887","0.0"
"0.4309732238242469","9","10","Iowa, Pocahontas","-94.6786,42.7342","0.6818101146207554","0.118811881188119","0.5479596485767441","0.077","0.5","0.5124529061342115","0.2861243911760402","0.32934131736526945","0.6644904259777605","0.35341674908484894","0.15096385975548982","0.40296954517354855"
"0.43088248002000645","9","10","Minnesota, Renville","-94.9455,44.7284","0.6601365885941552","0.200913242009132","0.5041062988578792","0.3018","0.5","0.42209023252660954","0.3288698713732211","0.23353293413173656","0.6226493223021841","0.3074947055703815","0.13794190959615954","0.5534952668039091"
"0.4308749124633708","9","10","Nevada, Storey","-119.525,39.4488","0.6215282600279464","0.45","0.5538978797199307","0.0197","0.575","0.5897697212390978","0.45469746832020724","0.2694610778443114","0.7675615085087122","0.25318798428659006","0.12384011580341953","0.0"
"0.43083818492025905","9","10","Nebraska, Brown","-99.929,42.4302","0.7268623744012265","0.230769230769231","0.4161607849383822","0.1636","0.32499999999999996","0.603814206971114","0.271076384765002","0.155688622754491","0.7238210337160854","0.3972975404299798","0.24034017738938718","0.3122760183022317"
"0.43081773514354327","5","10","Nebraska, Hooker","-101.1354,41.9159","0.7987431271522785","0.315789473684211","0.3431487542604801","0.1557","0.0","0.603814206971114","0.7096731799517556","0.1377245508982036","0.8021721609862106","0.24272621222829266","0.23551006927543292","0.0"
"0.43080481627520073","9","1","Missouri, Schuyler","-92.5231,40.4692","0.5891947429318154","0.228571428571429","0.47630082321558104","0.212","0.5","0.6898109656793697","0.057943425786793464","0.37724550898203596","0.6056629582719985","0.37659238204830864","0.5022315678406676","0.0"
"0.4305648187568083","9","10","Nebraska, Harlan","-99.4044,40.1766","0.7702366925200383","0.489795918367347","0.40634786828093816","0.0662","0.32499999999999996","0.603814206971114","0.1686379063694433","0.24550898203592814","0.7021046890169179","0.3465317492313383","0.17120463000519212","0.3524410241309237"
"0.43032275003899134","9","3","Rhode Island, Washington","-71.6144,41.4596","0.6018168492227776","0.216264521894549","0.6497004172400189","0.2687","0.825","0.3389621621377484","0.3705736502607895","0.2035928143712575","0.6075890184122873","0.16649563514344182","0.08908068076656302","0.49333122630213155"
"0.4300960481066119","9","1","Indiana, Owen","-86.839,39.3115","0.530343374496713","0.115","0.5518202581518176","0.242","0.5","0.5484650550776322","0.2008020824649475","0.4670658682634731","0.5878652729484978","0.4352164534010998","0.4596071747833985","0.0"
"0.4299455058562139","9","3","Colorado, Douglas","-104.93,39.3313","0.569498196533462","0.155339805825243","0.6619894563453733","0.0376","1.0","0.8662658896035598","0.32078293711349837","0.23952095808383234","0.3927283612037091","0.06247466300708324","0.006100220292461285","0.5708818866137579"
"0.4299171216046133","9","1","West Virginia, Tyler","-80.8877,39.4681","0.4888357700034014","0.291666666666667","0.5126708466629447","0.1032","0.5","0.590915881821042","0.09899966995367984","0.44311377245508987","0.6406572602088578","0.4365571918392415","0.41709347902098537","0.5256663195079755"
"0.42980391039855226","9","10","Iowa, Benton","-92.0646,42.0801","0.7264877345907832","0.261133603238866","0.570390833162586","0.0318","0.5","0.5124529061342115","0.19293310249926954","0.4131736526946108","0.5734100391661536","0.3223915967651213","0.025300993090381436","0.5678192367463585"
"0.4296090861664201","9","10","Kansas, Rooks","-99.3248,39.3502","0.6676616999821355","0.122137404580153","0.4703476336125024","0.0742","0.5","0.6813178638986801","0.2697128296215592","0.251497005988024","0.6458942336050534","0.3400020173853642","0.20993015291365816","0.3939777756199879"
"0.4294433512114491","5","10","North Dakota, Eddy","-98.9043,47.717","0.9149652714231","0.324675324675325","0.3891440316481392","0.2576","0.5","0.10985976568982879","0.38832343516076606","0.1377245508982036","0.6726459331898672","0.3277209961207733","0.13527233654012338","0.0"
"0.42934901287054306","9","10","Kansas, Osborne","-98.7675,39.3503","0.6542729567549971","0.454545454545455","0.4107435472400722","0.0264","0.5","0.6813178638986801","0.24873492654803664","0.25748502994011974","0.6915204375207985","0.3513298952651488","0.17575678375186563","0.321238115113693"
"0.42930500219133283","9","7","Minnesota, Fillmore","-92.0898,43.6739","0.6765602531672553","0.306382978723404","0.518873097543081","0.4161","0.675","0.42209023252660954","0.1294272464596543","0.3233532934131737","0.624489779413553","0.2409041713832749","0.1714825843724729","0.0"
"0.4293015622363807","9","10","Indiana, Warren","-87.356,40.3473","0.6799373850011938","0.397260273972603","0.42663553516063735","0.0204","0.5","0.5484650550776322","0.13355473761014042","0.4730538922155689","0.613308186513927","0.3681773866735622","0.14261868863430668","0.4831648931593982"
"0.4291605752422476","9","10","Wisconsin, Florence","-88.398,45.8496","0.814674118185626","0.281045751633987","0.4404843614826558","0.2935","0.32499999999999996","0.38022621028167947","0.2694854913054619","0.21556886227544908","0.7021046890169179","0.38872547140062397","0.17220393348424826","0.0"
"0.4290890127705003","9","10","Texas, Armstrong","-101.3575,34.9651","0.6432599222035946","0.277777777777778","0.4369701263242533","0.2735","0.5","0.8066953714640763","0.37544325743795776","0.2275449101796407","0.6353456481032828","0.2331271091617239","0.12794754256244376","0.0"
"0.4289711442556263","9","3","Wisconsin, St. Croix","-92.45,45.0344","0.6868180748597784","0.22849277357192","0.5957686955654768","0.0567","1.0","0.38022621028167947","0.2565980960482048","0.3053892215568862","0.45839165180163993","0.196794268698511","0.019108726907230214","0.5237417168005857"
"0.4288424677480127","3","2","Washington, Klickitat","-120.7914,45.8733","0.32545502562565776","0.0245098039215686","0.4723558741888523","0.4639","0.5","0.9576955189784127","0.38259702350443636","0.2035928143712575","0.6661358670949733","0.27874273056608734","0.36686246200230577","0.48551218023780884"
"0.4288189793850839","9","10","Wisconsin, Taylor","-90.5004,45.2118","0.7256175580572192","0.299120234604106","0.4790951470651023","0.2063","0.5","0.38022621028167947","0.1991929412108434","0.25748502994011974","0.5837920978957992","0.2924377810989052","0.22826581545210703","0.539676413847783"
"0.42878916262831124","9","1","Wyoming, Goshen","-104.3535,42.088","0.5819521613739757","0.164179104477612","0.4747697612567493","0.2738","0.5","0.5947001907015348","0.38146957489948","0.08982035928143713","0.6424111072462477","0.3089977265067662","0.31316046711351725","0.4875307803488276"
"0.42877235595614066","9","3","Minnesota, Le Sueur","-93.7284,44.3714","0.6648677748939394","0.152920962199313","0.5120491312165955","0.1757","0.75","0.42209023252660954","0.25899683893241826","0.281437125748503","0.5539608364828539","0.25769241146573085","0.08717121298680316","0.6438534835154789"
"0.4287311002016555","5","10","Nebraska, Hitchcock","-101.0416,40.1761","0.7715279412952928","0.666666666666667","0.39208811746941447","0.1372","0.25","0.603814206971114","0.15072767147262117","0.19760479041916168","0.6991111644276193","0.41741733027349665","0.24902228491570114","0.0"
"0.42872539346258937","9","1","Pennsylvania, Warren","-79.2697,41.813","0.38353602894399663","0.23728813559322","0.5504119848841832","0.2853","0.675","0.7607330979588356","0.18184681571666744","0.4131736526946108","0.6493451083308717","0.32411413555701635","0.20942692834021517","0.4644631092867311"
"0.42870943065044903","9","10","Utah, Juab","-112.7809,39.7021","0.7611393282462767","0.339285714285714","0.40746678767718075","0.1722","0.675","0.4487874423273804","0.2803286397270119","0.16167664670658685","0.41269877075759065","0.20566664942570875","0.287813935529847","0.46947566644151556"
"0.4286490464890369","9","10","South Dakota, Clark","-97.7293,44.8583","0.7407245444714147","0.3","0.3521655348193125","0.157","0.5","0.7704699034685317","0.34326668709373","0.155688622754491","0.6317620454190964","0.26689375080233246","0.17905517557693096","0.0"
"0.4285416940946962","9","10","Illinois, Piatt","-88.5932,40.0136","0.6564930889019659","0.234146341463415","0.5128569926637139","0.0041","0.675","0.48583792883850596","0.16917605378092535","0.5149700598802395","0.5978576089534523","0.3035956175227277","0.051217361405230706","0.5677073203045707"
"0.4284571895534976","9","10","Iowa, Lyon","-96.2093,43.3811","0.7757818527018688","0.170923379174853","0.5596671940780292","0.0398","0.5","0.5124529061342115","0.1414150525631225","0.3173652694610779","0.5712984652022484","0.3722443999103666","0.0804656698500415","0.47217918175504514"
"0.4283730784683733","9","10","Indiana, Union","-84.925,39.6255","0.6649864128893892","0.171875","0.5606815687031454","0.1869","0.32499999999999996","0.5484650550776322","0.22268142708855573","0.49101796407185627","0.5817386943120182","0.43466230209793455","0.2551129372800512","0.0"
"0.42833772954934596","9","10","Kansas, Comanche","-99.2711,37.1911","0.6770646547944587","0.333333333333333","0.37308717625356014","0.1398","0.5","0.6813178638986801","0.2712009460820062","0.251497005988024","0.712396635537302","0.29423617071913044","0.10784859565221237","0.3270178431661918"
"0.4279431050972648","9","1","Texas, Schleicher","-100.5385,30.8974","0.46981194392807724","0.0363636363636364","0.4341163067299932","0.249","0.5","0.8066953714640763","0.38383857160866","0.25748502994011974","0.5310891329236117","0.14377035817085446","0.6654605425305911","0.3702436446917829"
"0.42778648994208024","9","10","Nebraska, Valley","-98.982,41.5673","0.7060730938728003","0.276923076923077","0.47535060724602823","0.1859","0.5","0.603814206971114","0.14803364051083878","0.23353293413173656","0.6930510015104033","0.25865819648131344","0.14565487078391975","0.3993827869942181"
"0.4277556582618818","9","2","Pennsylvania, Juniata","-77.3998,40.5336","0.40070610297581033","0.0478468899521531","0.5287002122634297","0.5326","0.5","0.7607330979588356","0.20612279499192473","0.4730538922155689","0.6075890184122873","0.3458798002575808","0.3665782097582936","0.0"
"0.4276357902860238","9","10","Wisconsin, Green","-89.6024,42.6795","0.718016941448618","0.218592964824121","0.5639301793230008","0.0764","0.675","0.38022621028167947","0.22617779181448885","0.43113772455089816","0.5691748594129424","0.253498076463751","0.04150530880730206","0.4481167837752595"
"0.42750954773127237","9","1","Oregon, Deschutes","-121.2289,43.9157","0.47771398837231627","0.134670487106017","0.5839215846323134","0.2152","0.75","0.7438233614458837","0.29285116575625636","0.3173652694610779","0.6017807168377609","0.16842320699411573","0.15569332295475544","0.5063810081498825"
"0.4274063205015507","9","10","Nebraska, Franklin","-98.953,40.1764","0.8099337738405673","0.402777777777778","0.3784836543091581","0.0481","0.32499999999999996","0.603814206971114","0.1313721133652272","0.25748502994011974","0.7238210337160854","0.315593210391204","0.14489573441175593","0.37558139934882157"
"0.42740278920951613","9","10","Indiana, Spencer","-87.008,38.0152","0.6756256680341329","0.1875","0.5245457229982354","0.1073","0.575","0.5484650550776322","0.20384914153308817","0.5449101796407185","0.5918944128138512","0.3274840584988578","0.13627212447123574","0.0"
"0.4273307982591015","9","10","Iowa, Lucas","-93.3278,41.0296","0.6260588648055643","0.111111111111111","0.5654491232910659","0.248","0.5","0.5124529061342115","0.1421870618216292","0.3592814371257485","0.6388951207196634","0.36353633246104305","0.174290226264544","0.43368010570279497"
"0.42725024179434545","9","10","Kansas, Kingman","-98.1364,37.5591","0.6267335685126476","0.142857142857143","0.48724139495448127","0.0312","0.5","0.6813178638986801","0.2670386232466241","0.3233532934131737","0.6476236650502001","0.4487994941651175","0.10929843954359289","0.41298551089451613"
"0.42724464183441463","9","3","Maryland, Carroll","-77.0237,39.5645","0.4880616139297204","0.0627047262517548","0.6412177948230335","0.1831","1.0","0.4028734589185817","0.35297279124313297","0.44910179640718567","0.5357771420024626","0.27012738388647595","0.026264810456316297","0.45523289448563237"
"0.42720966036012725","5","10","Montana, Liberty","-111.0243,48.5608","0.6716688892761926","0.285714285714286","0.3741625728737677","0.6154","0.0","0.6163905315403087","0.2616712049997571","0.17365269461077848","0.7006109322771243","0.3751903722918705","0.2624597738262908","0.2771066120681372"
"0.4272058849134293","5","7","North Dakota, Barnes","-98.0661,46.9358","0.6963293977147434","0.141414141414141","0.47551629669086076","0.5798","0.5","0.10985976568982879","0.41053910709197505","0.16167664670658685","0.6406572602088578","0.31994602102649927","0.10146993654041403","0.45815592493783047"
"0.4270222309852929","9","10","Iowa, Humboldt","-94.2072,42.7764","0.7858178350017426","0.273381294964029","0.5799038599005956","0.0825","0.32499999999999996","0.5124529061342115","0.20620296067396807","0.33532934131736525","0.6281436499318728","0.2630481824017755","0.12251162715213286","0.3629002496357373"
"0.4269439703125084","9","1","Texas, Martin","-101.9514,32.306","0.5429881109743927","0.0823529411764706","0.44840800786412705","0.2219","0.5","0.8066953714640763","0.4406486142150862","0.2694610778443114","0.41912465076501093","0.3142529208253698","0.30568040625180537","0.42396366330470203"
"0.42676509361287907","9","10","Missouri, Ralls","-91.5184,39.5282","0.6525589201327888","0.157608695652174","0.4963846672490664","0.0436","0.5","0.6898109656793697","0.2500211715646833","0.43113772455089816","0.626321192473144","0.2994932750935758","0.2875930253921912","0.0"
"0.42676309081359765","9","1","Colorado, Summit","-106.1151,39.638","0.6335272920818599","0.134991119005329","0.5879892502392964","0.3684","0.5","0.8662658896035598","0.33705675686767045","0.06586826347305387","0.42229651508178717","0.05006730773701907","0.2086197101014673","0.5533223047176048"
"0.4267266078489519","9","1","Hawaii, Hawaii","-155.521,19.6012","0.5416343777549968","0.230038022813688","0.5579596606535687","0.5466","0.42500000000000004","0.7390039174355363","0.26320543646458583","0.0","0.6056629582719985","0.24568500028360815","0.256227782574526","0.45126577326747613"
"0.42663339286088625","9","10","Nebraska, Antelope","-98.0666,42.177","0.7525678926544751","0.280575539568345","0.4366536916090938","0.0115","0.5","0.603814206971114","0.180038447668971","0.2694610778443114","0.667774075480636","0.27505419214782184","0.1692424780643137","0.3953434791089158"
"0.42640160939419053","9","1","Maine, York","-70.7105,43.4781","0.3935750888254623","0.0599848139711465","0.5966387153935431","0.2811","0.825","0.83233747019391","0.2530045309017954","0.281437125748503","0.6056629582719985","0.27097952784593793","0.0940449821001021","0.5517693558447243"
"0.42631110500606734","5","10","North Dakota, Traill","-97.1632,47.4537","0.7917815890916535","0.322115384615385","0.44944275982799287","0.3521","0.5","0.10985976568982879","0.36726956484705264","0.19161676646706588","0.5978576089534523","0.37776911164753973","0.0606365627351485","0.3636500147418714"
"0.4262524871640905","9","1","Michigan, Huron","-83.0408,43.8335","0.5126952404636775","0.116731517509728","0.5447355718583959","0.2897","0.5","0.5192862589944978","0.2127801832856248","0.3592814371257485","0.6915204375207985","0.3712770399743519","0.2811578065028242","0.43662698874966344"
"0.42608221037992244","9","1","Pennsylvania, Elk","-78.6452,41.4282","0.49332790588823777","0.245098039215686","0.5162869687299642","0.2015","0.675","0.7607330979588356","0.13736844851145755","0.407185628742515","0.6388951207196634","0.3063441721532081","0.10465811552267958","0.44437458616454045"
"0.426015791678813","9","10","Kansas, Hodgeman","-99.8983,38.0878","0.6719884949607259","0.193548387096774","0.4086530772001716","0.0576","0.5","0.6813178638986801","0.32928307052091843","0.251497005988024","0.6694051144412375","0.35683190035305495","0.19903858067174363","0.18965070392226283"
"0.42597981909294674","9","10","Minnesota, Douglas","-95.4534,45.9335","0.7099068551205476","0.283783783783784","0.5550236819356084","0.2098","0.675","0.42209023252660954","0.21102388789089874","0.19760479041916168","0.6544622387094758","0.2534725738781625","0.02175625739470647","0.4157100924278996"
"0.42583025598669483","9","1","Virginia, Clarke","-77.992,39.1127","0.5218026561715512","0.133928571428571","0.5755301756565205","0.0981","0.575","0.7697111946822568","0.445803776154146","0.3592814371257485","0.6207997313712245","0.2907854297570984","0.21639552894352754","0.0"
"0.42580704517315116","9","1","Kansas, Osage","-95.7271,38.6524","0.5993691546660924","0.206896551724138","0.4913887745689718","0.1216","0.5","0.6813178638986801","0.27851608278761397","0.37724550898203596","0.6017807168377609","0.38663660280252393","0.2822313522595026","0.0"
"0.42574653540481844","9","10","Wyoming, Platte","-104.9663,42.133","0.7102248388854445","0.463414634146341","0.45668128733706265","0.036","0.5","0.5947001907015348","0.3063576191998722","0.035928143712574856","0.6774549264631455","0.32352136495758343","0.16764499740878708","0.43254749698577616"
"0.42568302729801216","9","10","Texas, Archer","-98.6875,33.6157","0.657885876682413","0.228070175438596","0.43325547332487513","0.0309","0.5","0.8066953714640763","0.3775488242475874","0.32934131736526945","0.6056629582719985","0.27845903466924676","0.20042508245676782","0.0"
"0.4256555879630812","9","10","Illinois, Hancock","-91.1631,40.4042","0.6313311334239021","0.154121863799283","0.4991915048788808","0.0949","0.5","0.48583792883850596","0.21356404387717579","0.4670658682634731","0.6611775880966219","0.2603390166756347","0.20142160033650042","0.5636170662246492"
"0.4255476099199089","9","10","Montana, Carbon","-109.0274,45.2285","0.7565293574928769","0.341708542713568","0.4312517436261134","0.022","0.42500000000000004","0.6163905315403087","0.31983766362397276","0.14371257485029942","0.6899835619092616","0.21784946739626534","0.10454208925520463","0.5731996534169204"
"0.4254654370108309","5","7","North Dakota, Richland","-96.9485,46.2644","0.7331263840813977","0.248554913294798","0.47961433660372516","0.4865","0.675","0.10985976568982879","0.4512636339003938","0.2035928143712575","0.5539608364828539","0.31303737206441223","0.08839578667202147","0.0"
"0.42512596041352696","9","10","Kansas, Cheyenne","-101.7318,39.7858","0.7907576351052313","0.234042553191489","0.38172195158083216","0.0134","0.5","0.6813178638986801","0.15086919070015914","0.19161676646706588","0.7195778173951984","0.2676133324216633","0.14237997488358317","0.34332448692616246"
"0.42484833256446847","9","10","South Dakota, Hamlin","-97.1883,44.6739","0.7867516923333868","0.312101910828025","0.3925542347546709","0.2273","0.5","0.7704699034685317","0.2692311288952635","0.16167664670658685","0.5380992168517501","0.20974837119336667","0.11859446893820583","0.0"
"0.42483836328993196","9","1","Wyoming, Sweetwater","-108.8828,41.6594","0.546919515511212","0.130120481927711","0.49165677826609905","0.412","0.675","0.5947001907015348","0.4079314304788657","0.12574850299401197","0.38582646381517377","0.3112596612819291","0.252262663607029","0.4434696404752429"
"0.4247642956275598","9","10","Montana, Broadwater","-111.4956,46.3328","0.6777638705130324","0.538461538461538","0.4468744903354778","0.0232","0.5","0.6163905315403087","0.3115271230393608","0.17964071856287425","0.6726459331898672","0.28840533389595446","0.14692352960625799","0.32061117932209154"
"0.42474450097010075","9","1","Texas, Upton","-102.0423,31.3687","0.43911055669072235","0.0740740740740741","0.4016039891179936","0.411","0.5","0.8066953714640763","0.5154053282340839","0.25748502994011974","0.5117241638959221","0.21319826251020227","0.4282495620856194","0.2582622522287963"
"0.42474028640959616","9","1","Texas, Sherman","-101.8933,36.2775","0.6038747878915699","0.0833333333333333","0.4536889553944699","0.2108","0.5","0.8066953714640763","0.39138401660573163","0.2095808383233533","0.49129758316188105","0.1945260282528084","0.49992715052203957","0.0"
"0.4245131039028339","5","10","South Dakota, Jerauld","-98.6297,44.0664","0.9385453729379549","0.34640522875817","0.29991820153150756","0.1407","0.0","0.7704699034685317","0.13875978640447598","0.18562874251497005","0.7307874385574278","0.2601323288555605","0.10506880975337636","0.31076508195120367"
"0.4244288531661127","9","10","Minnesota, Brown","-94.7256,44.2421","0.6464141406389233","0.23448275862069","0.5815254155647949","0.3228","0.675","0.42209023252660954","0.17362328349321024","0.2694610778443114","0.626321192473144","0.25673290615084343","0.048649402167995626","0.39176084689569085"
"0.4242744240560146","9","1","Kansas, Mitchell","-98.2091,39.3933","0.5804722383695219","0.178571428571429","0.4660173230300315","0.3661","0.5","0.6813178638986801","0.16660840334075716","0.2874251497005988","0.6742558355103007","0.2521812129717758","0.2409949143434264","0.25612657539018696"
"0.4241526243596641","9","10","Wisconsin, Kewaunee","-87.6147,44.5173","0.8013674995752678","0.203559510567297","0.508680913188628","0.1245","0.675","0.38022621028167947","0.2435914804237245","0.34730538922155696","0.6056629582719985","0.24937701898847411","0.062365329897922324","0.0"
"0.4240802000536111","9","10","Iowa, Hancock","-93.7345,43.0818","0.7337411280145794","0.209558823529412","0.5353741320422327","0.1162","0.5","0.5124529061342115","0.2215984389475736","0.3233532934131737","0.6458942336050534","0.23072785505015567","0.04620461486606535","0.4601295896210362"
"0.42407294163180603","5","10","Montana, Carter","-104.5396,45.5198","0.8953817963001003","0.71875","0.21197245476716395","0.2165","0.0","0.6163905315403087","0.10702943926287925","0.1317365269461078","0.7080205562076126","0.3400796469139959","0.2876710221732495","0.16736420367201374"
"0.4238645984149593","5","10","North Dakota, McIntosh","-99.4415,46.1118","0.9219896350634689","0.415492957746479","0.39955950537712875","0.1127","0.5","0.10985976568982879","0.26092869937560126","0.1377245508982036","0.7858642928791282","0.19956557171670178","0.17188952409973365","0.214990007237509"
"0.42371428729688626","5","1","Texas, Motley","-100.7797,34.0741","0.5800524963334295","0.166666666666667","0.3238428328654678","0.2073","0.0","0.8066953714640763","0.5180196370444372","0.23952095808383234","0.7599810748231213","0.414695491406303","0.49290865135693207","0.0"
"0.4234479501694027","9","3","Virginia, King George","-77.1585,38.2682","0.514796821789385","0.0996168582375479","0.5925809275465305","0.0089","0.825","0.7697111946822568","0.5889257641277633","0.34730538922155696","0.4407808887294848","0.32427510391957126","0.05881962529813484","0.0"
"0.4233952182032959","9","1","North Carolina, Camden","-76.1557,36.338","0.5522563227306353","0.105263157894737","0.49378452351126856","0.0341","0.5","0.7283659930549282","0.528582337897792","0.3233532934131737","0.560557323866868","0.29938290589282807","0.3910414641303825","0.0"
"0.4232747046933767","5","10","North Dakota, Pembina","-97.5524,48.7662","0.7827367931453006","0.323353293413174","0.45056027955845457","0.1385","0.5","0.10985976568982879","0.3852520918405286","0.21556886227544908","0.6527643232093532","0.38626321360487753","0.11653070317852628","0.43423187948070674"
"0.4232669645121586","9","10","Kansas, Clark","-99.8188,37.2358","0.6593310271495051","0.0983606557377049","0.43727806651304574","0.2779","0.5","0.6813178638986801","0.27996908362434586","0.24550898203592814","0.6441567395133083","0.3846592058319772","0.10074192621286508","0.08359458605843471"
"0.42304090522298876","9","10","Nebraska, Cass","-96.1397,40.909","0.6802072146261078","0.201312910284464","0.4920565440429511","0.0493","0.75","0.603814206971114","0.2584879072921978","0.37724550898203596","0.5472454870957077","0.34980093173998084","0.05888623745587097","0.0"
"0.4229447908892459","9","10","Nebraska, Morrill","-103.0061,41.7171","0.6680387692567437","0.159574468085106","0.42093149644121797","0.1172","0.5","0.603814206971114","0.29207983596853143","0.11377245508982038","0.6226493223021841","0.3588059897605503","0.31484466468711486","0.3856555154212564"
"0.4228151383873614","9","10","Wyoming, Crook","-104.5698,44.5886","0.7060538112366919","0.395061728395062","0.42297363338649463","0.1668","0.5","0.5947001907015348","0.37188626376610845","0.11377245508982038","0.5898852876912913","0.21764720986232283","0.10966553308922602","0.47038652793191554"
"0.4227069328315667","3","2","New York, Wayne","-77.0298,43.1549","0.43354425794860413","0.12401055408971","0.6169330919482426","0.4183","0.675","0.30357014148943134","0.3688668538250509","0.33532934131736525","0.5734100391661536","0.35828078627118654","0.22363748161958621","0.529286005682404"
"0.42268966854823686","9","10","Wisconsin, Iowa","-90.1347,43.0005","0.7468617233073278","0.37037037037037","0.5278323520746081","0.0353","0.575","0.38022621028167947","0.19303976249846327","0.37724550898203596","0.5648909983668218","0.2655848856684704","0.03292578400390179","0.5584717230469481"
"0.4226814110080266","3","2","Michigan, Sanilac","-82.8206,43.4241","0.34696087657087216","0.0666666666666667","0.5485511563655107","0.3002","0.675","0.5192862589944978","0.24923788237781264","0.407185628742515","0.6281436499318728","0.36722688955838445","0.43375838753039786","0.5083845186776546"
"0.42264178630308463","9","10","Iowa, Ida","-95.5136,42.387","0.7087352931751001","0.170454545454545","0.5511865321616791","0.1649","0.5","0.5124529061342115","0.17544040560591662","0.33532934131736525","0.6527643232093532","0.2502853873077198","0.08119561798581548","0.40480461880294777"
"0.42253622882927205","9","10","Iowa, Audubon","-94.9058,41.6845","0.7079534001672683","0.1875","0.5355878467345995","0.0159","0.5","0.5124529061342115","0.13071117370817223","0.34131736526946105","0.6930510015104033","0.35844048512606547","0.1415983114908031","0.3780205399480284"
"0.42249780939797654","9","10","Iowa, Sac","-95.1055,42.3862","0.7710174749439532","0.192200557103064","0.5277555770609003","0.0236","0.5","0.5124529061342115","0.07711813655535674","0.34730538922155696","0.667774075480636","0.2875213761751803","0.08998745390287294","0.44812747406515524"
"0.4219171321427854","9","3","New Jersey, Hunterdon","-74.9128,40.5634","0.48777347762448703","0.066577000672495","0.6570992631959996","0.141","1.0","0.5465970409188426","0.29328445954580395","0.43113772455089816","0.5627304600978258","0.11822026119054371","0.012818238069671714","0.5167090196355357"
"0.42158440981440426","9","1","Colorado, Kiowa","-102.7392,38.4326","0.5653152861469417","0.666666666666667","0.38553661137871786","0.2085","0.5","0.8662658896035598","0.2626393662000839","0.16766467065868262","0.613308186513927","0.2777070401887064","0.16978070429882164","0.14356221027373461"
"0.4215568233835063","9","1","West Virginia, Calhoun","-81.1193,38.8432","0.46951754678832297","0.15625","0.3654405884317082","0.1993","0.5","0.590915881821042","0.15018260357954455","0.40119760479041916","0.6661358670949733","0.4146394044951729","0.5557141059479691","0.34803073832438575"
"0.4214232359814279","5","10","North Dakota, McLean","-101.3182,47.6077","0.8301253631783856","0.248259860788863","0.42586834058507417","0.2295","0.5","0.10985976568982879","0.4375749796495566","0.11377245508982038","0.6611775880966219","0.3518407809421417","0.05477118057696061","0.36796404159489493"
"0.42137893013917643","4","2","New York, Otsego","-75.0315,42.6349","0.3625165833297688","0.0494505494505494","0.5902411703264566","0.8153","0.675","0.30357014148943134","0.29333801225701606","0.2874251497005988","0.6189409155096902","0.26902303336176275","0.28681136199941115","0.3931402180912828"
"0.4213272017770595","9","7","Minnesota, Meeker","-94.5284,45.1233","0.6625576770555284","0.233552631578947","0.538909166869993","0.4355","0.5","0.42209023252660954","0.1988405058119853","0.2095808383233533","0.5978576089534523","0.2759174537033376","0.05790086197343241","0.5136456912455721"
"0.4213097169767447","5","10","North Dakota, Foster","-98.8828,47.4571","0.9062739154747018","0.467625899280576","0.44895756334784487","0.1165","0.5","0.10985976568982879","0.25785725936750764","0.1377245508982036","0.6595100604482558","0.3381769280150603","0.04244659915262069","0.31168199392589147"
"0.42116605808929014","9","7","Wyoming, Teton","-110.5891,43.9352","0.684630124898774","0.12","0.5013763809892713","0.6266","0.5","0.5947001907015348","0.3029479831030974","0.11377245508982038","0.4752076683887773","0.015046830972571411","0.12617033019404364","0.4743571488601484"
"0.4211482446677781","9","10","Minnesota, Faribault","-93.9479,43.6738","0.6708274976113346","0.216346153846154","0.49585554755088507","0.1894","0.5","0.42209023252660954","0.2738639834326158","0.29940119760479045","0.6644904259777605","0.2900531867548282","0.13190878591349067","0.424095755269667"
"0.42112656206356086","9","10","Nebraska, Nance","-97.9933,41.3975","0.7207694398268218","0.232876712328767","0.4397495901342059","0.0487","0.5","0.603814206971114","0.26049530513467495","0.2874251497005988","0.6207997313712245","0.2630387072342974","0.14314540913247842","0.3571039407689587"
"0.4210333778095648","3","1","Washington, Jefferson","-123.561,47.75","0.322240525549014","0.0864197530864197","0.4974225135046406","0.3607","0.5","0.9576955189784127","0.4304897823139474","0.18562874251497005","0.8188875995650027","0.18307174324593867","0.18316114897978633","0.5940979662022328"
"0.4209710238257765","9","1","Michigan, Crawford","-84.6101,44.6826","0.47504292030551937","0.0735294117647059","0.5330424010359974","0.2022","0.5","0.5192862589944978","0.3085800056094427","0.2634730538922156","0.6960934005090119","0.4362964062579518","0.3970434617684366","0.3635016062170022"
"0.4207938162235326","9","1","Colorado, Phillips","-102.3578,40.5941","0.5086967051758231","0.108108108108108","0.4699072223722545","0.3499","0.5","0.8662658896035598","0.3135314792796599","0.17365269461077848","0.5878652729484978","0.2989458614800504","0.22949317473664888","0.2891305815381924"
"0.42055770381075835","10","2","Minnesota, Cook","-90.5263,47.905","0.4789947945610454","0.363636363636364","0.3257328036179779","0.6969","0.5","0.42209023252660954","0.5365398261067174","0.155688622754491","0.7252247709976565","0.19612354229882545","0.1041049923874415","0.4305226774479295"
"0.4202824915145019","9","1","Colorado, Washington","-103.2026,39.9702","0.6096096986450699","0.128205128205128","0.4068364131896476","0.3719","0.5","0.8662658896035598","0.27592338718149495","0.16167664670658685","0.6095051758860066","0.3368569546530231","0.13643986599571672","0.0"
"0.4202403409350111","9","10","Iowa, Buchanan","-91.8351,42.4709","0.6792396546465223","0.190721649484536","0.5876651350421624","0.1277","0.575","0.5124529061342115","0.16172252116363","0.40119760479041916","0.5648909983668218","0.2838307414290947","0.06967619587898435","0.35081639504748274"
"0.42007519614509814","9","10","Minnesota, Wabasha","-92.2312,44.2842","0.7032824466488987","0.284375","0.5716402759183022","0.1152","0.5","0.42209023252660954","0.21191327579733574","0.311377245508982","0.6317620454190964","0.24990199199104265","0.06320500642443984","0.5469125232113424"
"0.4198551686551869","4","2","New York, Jefferson","-75.9465,44.042","0.22914809186536117","0.0638297872340425","0.5928198544699592","0.9207","0.75","0.30357014148943134","0.486199389353401","0.2874251497005988","0.452613368495235","0.330875219530932","0.3062129401746522","0.42597684339040587"
"0.4193718555794041","9","1","Kentucky, Pendleton","-84.356,38.6961","0.45570949846110526","0.0825688073394495","0.4857583340385312","0.3177","0.5","0.7986013047908057","0.23700886560031462","0.4610778443113772","0.5191044408593759","0.38035098656842675","0.3619882687512315","0.0"
"0.4193004761919762","5","10","North Dakota, Bottineau","-100.8378,48.7911","0.8562517774443645","0.455958549222798","0.41409749569597665","0.1363","0.32499999999999996","0.10985976568982879","0.4284394429807034","0.16167664670658685","0.6611775880966219","0.35414786149364447","0.08355078165733713","0.3967953037133862"
"0.41924671926560103","9","3","Illinois, Monroe","-90.1776,38.2759","0.666967264470592","0.129453681710214","0.581601217106007","0.0121","1.0","0.48583792883850596","0.12463494656881985","0.4970059880239522","0.5517358041566147","0.2503646585994397","0.005158445495086387","0.0"
"0.4190969771279642","9","10","Minnesota, Lac qui Parle","-96.1749,44.9974","0.7461592696284105","0.319672131147541","0.4481366714822308","0.2292","0.5","0.42209023252660954","0.20191539927107038","0.19161676646706588","0.7195778173951984","0.282243443223692","0.03319610825129643","0.37100307167518487"
"0.4189730891612785","9","10","Nebraska, Fillmore","-97.5965,40.5246","0.6702695967403576","0.236842105263158","0.4141755032937968","0.0656","0.5","0.603814206971114","0.30641967007786164","0.311377245508982","0.6758588134982833","0.2755185199316108","0.08729438492210799","0.4060204516595031"
"0.4189243908924787","9","1","South Dakota, Marshall","-97.5986,45.7587","0.604371195750154","0.175438596491228","0.394974252467624","0.1433","0.5","0.7704699034685317","0.502546285511226","0.14371257485029942","0.6189409155096902","0.26450218629384975","0.10126622445075552","0.39639051196601677"
"0.4186771846680608","9","1","Virginia, Botetourt","-79.8098,37.5553","0.5277929774462273","0.102564102564103","0.5641143407300229","0.0497","0.825","0.7697111946822568","0.346768065896896","0.3592814371257485","0.6406572602088578","0.2427254786713545","0.06474253613800393","0.0"
"0.41863193260876386","9","10","Wisconsin, Polk","-92.4418,45.4613","0.6372697968618639","0.27363184079602","0.5162204964406646","0.1076","0.675","0.38022621028167947","0.2827873522326419","0.2634730538922156","0.6075890184122873","0.29928668794272073","0.12017705269300238","0.5010977463233314"
"0.4184553524530101","4","8","Virginia, Covington City","-79.9863,37.7825","0.0","0.0","0.7054774190506926","0.4212","1.0","0.7697111946822568","0.5262365057907564","0.32934131736526945","0.6458942336050534","0.4378218664713937","0.3950093686972031","0.0"
"0.41806515985291764","9","10","Nebraska, Boone","-98.0674,41.7076","0.7432277368023711","0.236220472440945","0.4454789054998331","0.0904","0.5","0.603814206971114","0.1525839990024816","0.281437125748503","0.6544622387094758","0.27483386482411093","0.060680647872268414","0.37188786261456885"
"0.41781850539269344","8","7","Alaska, Kenai Peninsula","-151.5389,60.2443","0.5894247926031941","0.179577464788732","0.43500561790867026","0.7402","0.575","0.0","0.5095732912112665","0.0","0.526341402378779","0.3254947777849084","0.3424384482467741","0.4106541319518365"
"0.41759867566395786","9","1","Wyoming, Washakie","-107.6802,43.9045","0.6007634448757968","0.111940298507463","0.46228930102232724","0.2751","0.32499999999999996","0.5947001907015348","0.339228797547769","0.10778443113772454","0.6317620454190964","0.3014559177536606","0.39335581271616404","0.4628563761159444"
"0.4175205954999037","3","2","New York, Schoharie","-74.4434,42.5883","0.4144519819750073","0.14","0.5458230626483798","0.5995","0.675","0.30357014148943134","0.25877970604689043","0.2694610778443114","0.624489779413553","0.32815996649387885","0.24127916658743856","0.5336291765747904"
"0.41739343715483834","9","10","Nebraska, Hamilton","-98.021,40.8735","0.754541678070755","0.273584905660377","0.4819047710125743","0.0185","0.5","0.603814206971114","0.1514516409831733","0.3053892215568862","0.5998243249034969","0.22432814783672322","0.052079080500308184","0.5139598453282559"
"0.417301819224211","9","3","Indiana, Franklin","-85.0606,39.4142","0.5906591320902245","0.10840108401084","0.5370365178243319","0.099","0.75","0.5484650550776322","0.12175514116862994","0.502994011976048","0.560557323866868","0.37886634834556415","0.18674996981258127","0.0"
"0.4172480914893489","5","1","Texas, Terrell","-102.0767,30.2243","0.5428084612202105","0.25","0.349194663432849","0.0229","0.0","0.8066953714640763","0.4699789865661059","0.251497005988024","0.7905969508577783","0.519373266030929","0.5233437462265726","0.0"
"0.4171261283861267","8","7","Alaska, Juneau City and Borough","-134.2004,58.4503","0.6047434481442667","0.173553719008264","0.5096426700636231","0.9322","0.5","0.0","0.6048525217315815","0.0","0.42856039038869453","0.2528967950386709","0.15560079261200924","0.46337591025441127"
"0.41674951972874064","9","1","Virginia, Madison","-78.2822,38.4153","0.4671842522919267","0.0737704918032787","0.5088403454861862","0.1624","0.5","0.7697111946822568","0.4346987152218708","0.3233532934131737","0.6388951207196634","0.3918410641081324","0.27478338634651817","0.0"
"0.4167302490937044","9","10","Nebraska, Pierce","-97.6012,42.2643","0.743552550827199","0.266233766233766","0.4496377615511482","0.0385","0.5","0.603814206971114","0.1846757132237834","0.29341317365269465","0.5898852876912913","0.33108815703298783","0.05005031640169359","0.3521304739234246"
"0.41650043398235037","9","1","Kansas, Woodson","-95.7401,37.8865","0.4575511120717073","0.0769230769230769","0.4417672378297217","0.0471","0.5","0.6813178638986801","0.34511712061556604","0.3712574850299401","0.6758588134982833","0.37363705756002297","0.5878605277063581","0.0"
"0.41649215121282546","9","7","Wisconsin, Iron","-90.243,46.263","0.6804515852547043","0.114285714285714","0.471586417052759","0.5256","0.32499999999999996","0.38022621028167947","0.23036564020992142","0.19760479041916168","0.7612552360903706","0.28063542654971235","0.27560634927709465","0.0"
"0.4160611465450612","3","1","New York, Genesee","-78.1914,43.0023","0.4198707266219249","0.0727762803234501","0.6152936918744462","0.2773","0.75","0.30357014148943134","0.463380872664716","0.3652694610778443","0.579673914473061","0.38262941169033804","0.14601869427817313","0.46312637509743687"
"0.4160172640970485","9","10","South Dakota, Edmunds","-99.2155,45.4185","0.7231668491591104","0.154471544715447","0.38340483617543974","0.1041","0.5","0.7704699034685317","0.25018032210899555","0.16167664670658685","0.6189409155096902","0.2425390914414071","0.07113463879436355","0.4252331035051835"
"0.41598202967041153","3","1","California, El Dorado","-120.5233,38.7797","0.4275538780359577","0.0745098039215686","0.5939382447872752","0.2209","0.75","0.6302607543856039","0.3704317499922673","0.37724550898203596","0.613308186513927","0.14258548370945237","0.12255571228925277","0.5448202663393018"
"0.4158599069359117","9","1","Virginia, Craig","-80.2107,37.4813","0.617912572894232","0.261904761904762","0.4488531457974535","0.2843","0.5","0.7697111946822568","0.1700234287298117","0.3233532934131737","0.6742558355103007","0.2877572556968746","0.06426086968106462","0.0"
"0.415633262704625","9","10","Minnesota, Lake of the Woods","-94.9027,48.7722","0.6876505551263629","0.35","0.41409729568847087","0.4706","0.25","0.42209023252660954","0.28575312984201473","0.17365269461077848","0.6644904259777605","0.30614608391636305","0.11749936506502377","0.3939203367297697"
"0.4155478018336558","5","10","South Dakota, Hyde","-99.4857,44.5475","0.80675854000776","0.375","0.34684037235234044","0.1659","0.0","0.7704699034685317","0.4993884223598527","0.155688622754491","0.7167219274997747","0.21979917642897345","0.11514274803733335","0.0"
"0.4155270529160015","9","10","Minnesota, Murray","-95.7633,44.0222","0.7624784574829956","0.225409836065574","0.4564424943295972","0.1168","0.5","0.42209023252660954","0.17882462299835214","0.25748502994011974","0.7021046890169179","0.254114500615957","0.07317636198548315","0.4282983365934135"
"0.4155119889541597","9","1","Kansas, Stafford","-98.7176,38.031","0.6168335112925308","0.130434782608696","0.4081918254811102","0.0605","0.32499999999999996","0.6813178638986801","0.31681161038615596","0.2874251497005988","0.6299572389493907","0.40586511866059866","0.29954566875033534","0.34396843312890213"
"0.41542865775383275","9","10","Minnesota, Marshall","-96.3702,48.3583","0.6588712811687248","0.325581395348837","0.4322127837200778","0.2009","0.5","0.42209023252660954","0.2654514847915713","0.2095808383233533","0.6299572389493907","0.3443078653697808","0.11117290566228774","0.5344319439672129"
"0.4152413593534503","9","10","Montana, Fallon","-104.4184,46.3348","0.7375314294909083","0.5","0.4229519221626915","0.1471","0.5","0.6163905315403087","0.1777770524811506","0.1317365269461078","0.5712984652022484","0.29417948617392886","0.11436290133976428","0.24178306468931582"
"0.41454741127658723","3","3","Connecticut, Tolland","-72.3308,41.8585","0.48360249468432803","0.0741214057507987","0.6333979070233658","0.3461","0.825","0.5061291060158074","0.3416072616182805","0.3053892215568862","0.5067215141840639","0.15022221870502564","0.04764101521288459","0.5471349141096156"
"0.4144657914220695","9","10","Illinois, Henderson","-90.9249,40.8191","0.7154932771006652","0.287037037037037","0.4496370797017342","0.0188","0.5","0.48583792883850596","0.14021477043453662","0.4610778443113772","0.6976053368935816","0.2909619814083978","0.20443573991755354","0.0"
"0.41428872311375664","9","10","Kansas, Smith","-98.7857,39.7852","0.635975526165771","0.473684210526316","0.41309788947650783","0.0223","0.5","0.6813178638986801","0.12431237532957123","0.25748502994011974","0.736268299211825","0.3283144938172155","0.17223457507680687","0.23299518298729163"
"0.4142574048091025","9","1","Indiana, Benton","-87.3109,40.6063","0.5970911901961513","0.150943396226415","0.4805788801167113","0.0541","0.5","0.5484650550776322","0.21017607046364187","0.47904191616766467","0.560557323866868","0.4135470452808861","0.36355159553679167","0.0"
"0.4141981866403943","9","1","Idaho, Bear Lake","-111.3289,42.2827","0.6165102030632227","0.213114754098361","0.46625661175806776","0.1226","0.5","0.771056031651189","0.24318514733123153","0.14371257485029942","0.6281436499318728","0.21930828574695269","0.22980431406978363","0.4111556659165911"
"0.414079341217029","4","8","Texas, Refugio","-97.1577,28.3239","0.0","0.0","0.5077318407771091","0.5508","0.675","0.8066953714640763","0.5168362263768922","0.37724550898203596","0.6441567395133083","0.24145770155437232","0.6382022420198937","0.4357322690503477"
"0.41394561938051516","9","1","Illinois, Greene","-90.3889,39.3591","0.6067982942214005","0.0984848484848485","0.4410384146303385","0.1223","0.5","0.48583792883850596","0.2609402034813892","0.4670658682634731","0.595880459448231","0.3348226060652031","0.30832079107145177","0.1837516213238428"
"0.41391432059063865","9","1","Iowa, Franklin","-93.2626,42.7327","0.5595308088469765","0.037940379403794","0.581614898882898","0.0252","0.5","0.5124529061342115","0.27401077495421444","0.34730538922155696","0.6299572389493907","0.45195964405087946","0.2070487531960211","0.4531643803489444"
"0.4137524171767525","9","1","Wyoming, Hot Springs","-108.4423,43.7193","0.5296752890430692","0.116279069767442","0.46148313077350844","0.3247","0.5","0.5947001907015348","0.3642157790928779","0.07185628742514971","0.7006109322771243","0.38095006229228945","0.21374751400399503","0.35462712130306406"
"0.4130363057639047","9","3","New Hampshire, Rockingham","-71.1288,42.985","0.487547337989447","0.10337552742616","0.6556370658323096","0.114","1.0","0.6081192202308006","0.19095234723483945","0.29341317365269465","0.5494974081927578","0.19771680269597927","0.03243164290651372","0.5012601052324308"
"0.4128412668959595","3","1","Michigan, Emmet","-84.8908,45.5263","0.4228351892397644","0.087431693989071","0.5962242908399475","0.2993","0.75","0.5192862589944978","0.4508989776488265","0.24550898203592814","0.6353456481032828","0.24776302306885203","0.13642642245115544","0.35791682592611374"
"0.41265313041070917","9","10","Montana, Stillwater","-109.395,45.6707","0.7344230327219936","0.361702127659574","0.4448091563411301","0.0926","0.5","0.6163905315403087","0.23073606482641396","0.1377245508982036","0.6388951207196634","0.176055505482963","0.07602276004205527","0.45604358929671346"
"0.4125236437912558","9","10","Kansas, Trego","-99.8728,38.9147","0.694839653511732","0.215686274509804","0.39005348416204655","0.0796","0.5","0.6813178638986801","0.23115775506249367","0.23353293413173656","0.6899835619092616","0.3319033709659273","0.08294061429247412","0.18222738386769136"
"0.4124636347756701","9","1","Texas, Crockett","-101.4134,30.7237","0.4453143227806118","0.0120481927710843","0.41045354463856726","0.3855","0.5","0.8066953714640763","0.37950710170048707","0.25748502994011974","0.5067215141840639","0.22748156241800568","0.5626414070134852","0.0"
"0.4124274998335202","9","3","Virginia, Poquoson City","-76.358,37.1426","0.5155938476208349","0.136363636363636","0.4718815552301857","0.0051","1.0","0.7697111946822568","0.2871354656782682","0.34131736526946105","0.595880459448231","0.28397423863624344","0.043177031740450934","0.0"
"0.4122332964921067","5","10","North Dakota, Emmons","-100.239,46.284","0.8815397371269218","0.208333333333333","0.3729825003040776","0.1531","0.5","0.10985976568982879","0.23729066861710355","0.11976047904191617","0.7663087617572133","0.23916300106914612","0.15332956025923516","0.3862109198576858"
"0.4120819979706523","9","10","Utah, Box Elder","-113.0833,41.5211","0.6628680914093437","0.220915032679739","0.48211314536201705","0.0958","0.675","0.4487874423273804","0.2789643469429918","0.25748502994011974","0.4437744133187831","0.21951435006463793","0.20997423805077808","0.5439685275264338"
"0.4120763523484152","3","3","Virginia, Falls Church City","-77.1756,38.8849","0.3115360709787672","0.04","0.8409963429484122","0.3464","1.0","0.7697111946822568","0.4390944217814339","0.40119760479041916","0.43165328621112686","0.11441523953348778","0.008646136961136416","0.0"
"0.41165524142323257","9","10","Iowa, Winneshiek","-91.8442,43.2909","0.6865792652199597","0.173302107728337","0.5737292669932746","0.1767","0.5","0.5124529061342115","0.14099519899980328","0.34131736526946105","0.6075890184122873","0.20647961625003694","0.014658186979357866","0.537339483675812"
"0.4114101594049436","9","10","Illinois, Cumberland","-88.2401,39.2743","0.6406891119681462","0.112449799196787","0.5089702327409755","0.1095","0.5","0.48583792883850596","0.12358156925805798","0.5149700598802395","0.595880459448231","0.40651183538766583","0.2394272274893599","0.0"
"0.41134696353549666","9","10","Wisconsin, Washburn","-91.7905,45.8984","0.655141240242964","0.25414364640884","0.5069110373287185","0.0751","0.5","0.38022621028167947","0.2990913655103166","0.2095808383233533","0.7006109322771243","0.3150533351288265","0.17875372528492142","0.423169352493877"
"0.4108661848025047","5","10","North Dakota, Sheridan","-100.3426,47.577","0.866212465993602","0.571428571428571","0.34450058883170365","0.0592","0.0","0.10985976568982879","0.8138669789311705","0.10179640718562875","0.7443413616038496","0.30340725063969126","0.20760950645114523","0.0"
"0.4107268011861389","9","10","Nebraska, Clay","-98.0513,40.5244","0.755081471896934","0.319672131147541","0.4030714270359506","0.0178","0.32499999999999996","0.603814206971114","0.3032462250256846","0.29940119760479045","0.6114115319998742","0.29921261336336896","0.22358806750984742","0.0"
"0.410514682495895","9","10","Iowa, Madison","-94.0155,41.3308","0.7100760978762747","0.213649851632047","0.4970140042379743","0.0248","0.5","0.5124529061342115","0.20714781518028405","0.34730538922155696","0.5449798764246452","0.3226168286095404","0.03733369215082301","0.5115356974658819"
"0.4104384258795018","9","10","Wyoming, Lincoln","-110.6564,42.2638","0.6887190453833046","0.241721854304636","0.43611488555568145","0.093","0.5","0.5947001907015348","0.2974600248475401","0.16167664670658685","0.5334405085950897","0.21983041109747417","0.21061880151163578","0.4819606277353002"
"0.4102855684545977","4","8","Nevada, Mineral","-118.4345,38.5384","0.0","0.0","0.4235029567416508","0.8663","0.5","0.5897697212390978","0.7474236670807433","0.14970059880239522","0.6976053368935816","0.4318134351096789","0.5664541658092874","0.3119994480120733"
"0.410118144738926","9","10","Utah, Wayne","-110.9097,38.3234","0.6873756365037825","0.833333333333333","0.34444829342498884","0.233","0.5","0.4487874423273804","0.27893083232581983","0.10179640718562875","0.6170727822364962","0.1413264314864474","0.3260088623236913","0.0"
"0.4099771023544536","9","10","Illinois, Stark","-89.7975,41.0931","0.6985728810286065","0.282051282051282","0.46435680713130933","0.014","0.5","0.48583792883850596","0.20260992931084312","0.47904191616766467","0.6458942336050534","0.2468211066334108","0.19869401414672674","0.0"
"0.40952729888493206","3","1","Colorado, Teller","-105.1615,38.8813","0.4422370653531114","0.0729166666666667","0.5470000293083869","0.0751","0.75","0.8662658896035598","0.36572916285488327","0.11976047904191617","0.6226493223021841","0.15494975750962275","0.16152418790393464","0.6281228216421021"
"0.4090517682124161","3","2","New York, Fulton","-74.418,43.1136","0.32415988057436373","0.0334261838440111","0.5916151004558958","0.4801","0.75","0.30357014148943134","0.30576930351238957","0.29940119760479045","0.5918944128138512","0.36407716906256454","0.3371670043095644","0.5248799600975975"
"0.40885171657950964","9","3","New Jersey, Sussex","-74.6912,41.1389","0.44126855859146336","0.0482673267326733","0.6055034552028208","0.0465","1.0","0.5465970409188426","0.30606340196833526","0.3652694610778443","0.5380992168517501","0.22755350419869586","0.06764743178036978","0.5602157708004346"
"0.40841731041094065","9","10","Texas, Carson","-101.3543,35.4037","0.6595461360735922","0.36734693877551","0.4414426480956326","0.0083","0.5","0.8066953714640763","0.3886403840401294","0.23952095808383234","0.5691748594129424","0.21554174876130427","0.10336160070710623","0.0"
"0.40771572451375465","9","1","Utah, Duchesne","-110.4252,40.2977","0.5241652799649533","0.162790697674419","0.4500512496336047","0.3808","0.5","0.4487874423273804","0.39055431843596733","0.19161676646706588","0.39950476257029566","0.25437291903984677","0.46199346449953493","0.4539141693972892"
"0.4075454648598715","8","7","Alaska, Valdez-Cordova","-144.7127,61.475","0.604900549661051","0.183673469387755","0.2848546576109204","0.8513","0.5","0.0","0.5931935697095307","0.0","0.4407808887294848","0.3467641319006287","0.2877731204441069","0.37112766701443334"
"0.40746919075061605","9","1","Kansas, Jewell","-98.2182,39.7847","0.5618565342821037","0.19047619047619","0.394891410342362","0.0535","0.5","0.6813178638986801","0.21856035492624287","0.2754491017964072","0.7587025424966539","0.3482433094873097","0.2146280056162527","0.29638572975087724"
"0.4071246228519","5","10","Montana, McCone","-105.7945,47.6447","0.8315985500719846","0.41304347826087","0.33976095229674097","0.155","0.0","0.6163905315403087","0.3216516769388896","0.14970059880239522","0.712396635537302","0.2928812762981033","0.10015719258095589","0.2312016146873145"
"0.40701288730545615","8","5","Alaska, Dillingham","-158.2382,59.796","0.5411953618296249","0.4","0.20509365845667155","0.9093","0.0","0.0","0.7255369538290951","0.0","0.30440018439969097","0.5357807781198105","0.6357300831767846","0.4376620575241742"
"0.40669653504888775","9","1","Michigan, Charlevoix","-85.1961,45.3779","0.49482033784507884","0.165413533834586","0.5582532788349334","0.1687","0.5","0.5192862589944978","0.3314883125597843","0.2634730538922156","0.6710290464557254","0.3342578783470492","0.13212012812303534","0.570682238747732"
"0.40645877525532054","3","1","Michigan, Cheboygan","-84.5012,45.4479","0.4578102981211779","0.142857142857143","0.5217148483434044","0.1143","0.575","0.5192862589944978","0.41149513666330606","0.24550898203592814","0.7181526079808993","0.3845649627787341","0.3747575771632208","0.0"
"0.4064194922555535","9","1","Indiana, Carroll","-86.562,40.5808","0.49579589897664983","0.0557377049180328","0.5389327059436277","0.05","0.75","0.5484650550776322","0.21918777964530597","0.5149700598802395","0.595880459448231","0.3712546340404815","0.2241943592582603","0.0"
"0.4060903514119846","9","3","Minnesota, McLeod","-94.2729,44.8237","0.6076919989375431","0.123711340206186","0.5710054060055119","0.1503","0.75","0.42209023252660954","0.2516569305222401","0.23353293413173656","0.5775976316230177","0.26567675663813156","0.06270081294688433","0.4209660416174494"
"0.40567526589335273","3","3","Rhode Island, Bristol","-71.2865,41.7102","0.5131666904762668","0.101952277657267","0.7297453987157835","0.391","1.0","0.3389621621377484","0.25628419258978424","0.2275449101796407","0.6037268925796017","0.143230860985461","0.046553541459588656","0.0"
"0.4056658201177116","4","8","California, Mariposa","-119.9073,37.5798","0.23742296299827298","0.0256410256410256","0.4215978758941748","0.5938","0.5","0.6302607543856039","0.48291100413957594","0.3712574850299401","0.7266232409599707","0.18973503009349166","0.3069864889954899","0.48254590331390435"
"0.40560823233835835","5","10","South Dakota, Jones","-100.694,43.9628","0.8113431903349962","0.333333333333333","0.33032036625324757","0.0131","0.0","0.7704699034685317","0.39011028267448505","0.1317365269461078","0.6945753055071017","0.27696271798199273","0.26780315889385553","0.0"
"0.4054008795608472","9","1","Texas, Jeff Davis","-104.14,30.7149","0.5547015500754857","0.176470588235294","0.26862677034336396","0.1522","0.5","0.8066953714640763","0.3366728675158105","0.155688622754491","0.7894194086217464","0.17918807072882642","0.40403071377591504","0.0"
"0.4050206416568812","5","10","Nebraska, McPherson","-101.0599,41.568","0.7513494064095912","0.333333333333333","0.2436728233451094","0.0643","0.0","0.603814206971114","0.7022634418591894","0.155688622754491","0.6544622387094758","0.3603802501812461","0.23313625419974518","0.0"
"0.40490089970341425","3","2","New York, Madison","-75.6727,42.9165","0.4066257358364686","0.0562851782363977","0.6082193729112864","0.531","0.675","0.30357014148943134","0.3752171916291226","0.29940119760479045","0.558371441896005","0.2624094101077423","0.15658241359101177","0.49356629670783636"
"0.4048550453036563","9","1","Idaho, Adams","-116.4545,44.8933","0.5097871745295744","0.125","0.42601676099954666","0.1137","0.5","0.771056031651189","0.2569562249886205","0.21556886227544908","0.7456700325571273","0.25916877796048127","0.43558343953935397","0.0"
"0.4045458191062721","9","1","Nebraska, Cherry","-101.1244,42.545","0.588919552609007","0.161290322580645","0.3656760723772958","0.2929","0.5","0.603814206971114","0.43322784413572035","0.11976047904191617","0.6388951207196634","0.2214641859573168","0.13633776772485937","0.3836060381753494"
"0.4045003905762547","3","2","New York, Washington","-73.4304,43.3115","0.3664107047920874","0.0582822085889571","0.5879257732154197","0.6361","0.675","0.30357014148943134","0.35108381941949746","0.3532934131736527","0.5858342498966352","0.33123341860016586","0.28704620013368454","0.0"
"0.40434591814304865","9","10","Idaho, Teton","-111.2057,43.753","0.7160103094189046","0.213438735177866","0.490809353912493","0.1452","0.5","0.771056031651189","0.19463336190142858","0.14371257485029942","0.3679909167750092","0.10497966702085572","0.16366800936591158","0.5510578403494545"
"0.4042745599098733","4","8","Texas, Goliad","-97.4276,28.657","0.2556973234388794","0.00636942675159236","0.48516083691523076","0.4597","0.5","0.8066953714640763","0.4860718769539195","0.37724550898203596","0.6441567395133083","0.2804708570486319","0.3715027860232191","0.0"
"0.4042606916922566","9","10","Minnesota, Lincoln","-96.2669,44.4131","0.7668572041815249","0.239263803680982","0.44942388090025526","0.1009","0.5","0.42209023252660954","0.11557891598755685","0.22155688622754494","0.6960934005090119","0.23596033195298058","0.1188993103946092","0.3119615507206733"
"0.4038688669776235","9","1","Kansas, Clay","-97.1652,39.3495","0.5588430776012863","0.171875","0.4829413253601903","0.0532","0.5","0.6813178638986801","0.29122321784826855","0.3173652694610779","0.667774075480636","0.27721403151412394","0.08224615226982139","0.4240674147685593"
"0.4037745489483724","5","1","Oregon, Wheeler","-120.0281,44.727","0.47730389622202885","1.0","0.3186081352520153","0.1726","0.0","0.7438233614458837","0.3369577773154066","0.16766467065868262","0.8188875995650027","0.36678874959922325","0.42859182746336905","0.0"
"0.40371118970035413","5","10","Montana, Petroleum","-108.2509,47.1182","0.7459458554928975","1.0","0.19751803139103702","0.0363","0.0","0.6163905315403087","0.78437504947492","0.12574850299401197","0.6075890184122873","0.22189369106864634","0.09171040764097162","0.0"
"0.4036999090512347","9","10","Minnesota, Grant","-96.0114,45.9342","0.6518126688642799","0.197674418604651","0.46997760016495016","0.121","0.5","0.42209023252660954","0.2546986586338784","0.19161676646706588","0.6726459331898672","0.3365040979118138","0.09829713891093483","0.5020991077445761"
"0.40368490605171153","9","3","Minnesota, Carver","-93.801,44.8202","0.5919443903118706","0.109654350417163","0.6224285686997088","0.0809","1.0","0.42209023252660954","0.31071452180813197","0.2694610778443114","0.3927283612037091","0.1264114264146558","0.007457049389039345","0.5583638735439415"
"0.40354651609972125","3","2","New Hampshire, Cheshire","-72.2531,42.9202","0.3305782686195793","0.104651162790698","0.5812801836478062","0.5556","0.675","0.6081192202308006","0.21473534269298752","0.3173652694610779","0.5918944128138512","0.28871361507346505","0.09940617078073445","0.4668919672029917"
"0.40352783090170385","9","10","Iowa, Mitchell","-92.7889,43.3564","0.6289288235176975","0.110619469026549","0.5742373637946376","0.0917","0.5","0.5124529061342115","0.15554129983933954","0.311377245508982","0.6458942336050534","0.24916988913567187","0.1468574019005781","0.45847150609061205"
"0.4033829182573773","9","1","New Hampshire, Belknap","-71.4168,43.5164","0.4457595179784202","0.183246073298429","0.5878516812285312","0.2356","0.75","0.6081192202308006","0.18723380297320885","0.2275449101796407","0.6335581539925471","0.25801997936962134","0.11588081074504972","0.4649121758051034"
"0.4029383851176573","8","7","Alaska, Southeast Fairbanks","-143.2128,63.8769","0.6176779163193985","0.3125","0.26600376073021664","0.7259","0.5","0.0","0.6380664815348559","0.0","0.4555137084840577","0.34485277629547223","0.4059482961276173","0.0"
"0.40292489575539653","9","1","Virginia, Floyd","-80.3674,36.9302","0.5415087360644969","0.0818965517241379","0.4847790571495428","0.0503","0.5","0.7697111946822568","0.27163887614578186","0.34131736526946105","0.6493451083308717","0.29969576874731707","0.27505371059391276","0.0"
"0.4027469166396309","9","1","Louisiana, Cameron","-93.1931,29.8759","0.5982467604162743","0.0543933054393305","0.2061669979976851","0.227","0.5","0.3163258823370422","0.4620881674321776","0.3652694610778443","0.5287228277828","0.447282473629283","0.29664222646413824","0.32404973502813034"
"0.40272282318981945","9","10","Iowa, Cedar","-91.1325,41.7723","0.7335887128006521","0.261213720316623","0.5926934848790243","0.0344","0.5","0.5124529061342115","0.16062766171899226","0.44311377245508987","0.595880459448231","0.21928657799253815","0.011001785084714317","0.0"
"0.40225175077284575","5","10","Montana, Prairie","-105.3794,46.8605","0.8569378743276269","0.517241379310345","0.30887265659680674","0.0322","0.0","0.6163905315403087","0.2047105493978927","0.14371257485029942","0.7469939835325977","0.32272182223142315","0.15476596060605438","0.1936268608618988"
"0.40209532342075877","9","1","Virginia, Fluvanna","-78.2772,37.8416","0.5087184246651818","0.0611246943765281","0.49364191301244303","0.0528","0.5","0.7697111946822568","0.5155983013901569","0.34131736526946105","0.5998243249034969","0.3251228700054235","0.12581716464502804","0.0"
"0.4020823570928571","9","10","Nebraska, Howard","-98.5166,41.2201","0.6499438982981669","0.142857142857143","0.41276257024305807","0.0261","0.5","0.603814206971114","0.23781875104190506","0.2694610778443114","0.6388951207196634","0.28634057895476006","0.1556051526805156","0.39788737606279523"
"0.402051644948275","9","10","Wisconsin, Bayfield","-91.1972,46.5287","0.6503729171877664","0.235955056179775","0.46001743508366033","0.0732","0.5","0.38022621028167947","0.5310313266942289","0.19161676646706588","0.7167219274997747","0.2742146117474638","0.15470746302026062","0.0"
"0.40159692586360796","9","1","Washington, Lincoln","-118.4194,47.5771","0.38993695920211524","0.0625","0.45809237500258626","0.0863","0.5","0.9576955189784127","0.34923465324135794","0.34730538922155696","0.7050743605672205","0.2750511081041001","0.18038136308095035","0.309468814187254"
"0.4006973678932682","4","8","Maine, Washington","-67.6281,45.0161","0.07164991417819373","0.05","0.45449695038082083","0.5231","0.5","0.83233747019391","0.46437579633631326","0.2095808383233533","0.6742558355103007","0.3950971021715297","0.49752414720996185","0.5076483461883584"
"0.40065462871331686","9","10","Utah, Beaver","-113.2342,38.3566","0.6613454903460554","0.32258064516129","0.4145802058895403","0.1258","0.675","0.4487874423273804","0.27196479993816797","0.10179640718562875","0.49129758316188105","0.19135829705794552","0.3131815407779646","0.3195250682643383"
"0.4005778557660614","9","10","Nebraska, Thayer","-97.595,40.1763","0.6298012548442224","0.260869565217391","0.3826689380569082","0.0608","0.5","0.603814206971114","0.19000819061985513","0.3053892215568862","0.7035924826400836","0.2806038335136341","0.07493625519287188","0.40094429761032646"
"0.4005168355546409","5","10","North Dakota, Wells","-99.659,47.5861","0.7994382433146371","0.454545454545455","0.425987227736638","0.0879","0.5","0.10985976568982879","0.2397696901675419","0.12574850299401197","0.7294045360146626","0.28652469302895167","0.10676596641947904","0.3372634536451553"
"0.40044858424679397","9","1","Arizona, Greenlee","-109.2405,33.215","0.5480581323391833","0.166666666666667","0.3683664788713534","0.3537","0.32499999999999996","0.7690982121439038","0.5366121047834547","0.16167664670658685","0.43472072581226856","0.2859295294197406","0.3170249411663256","0.0"
"0.40023244650837353","3","3","New York, Putnam","-73.7497,41.4263","0.49956672530755564","0.0495391705069124","0.6733984122616747","0.1773","0.825","0.30357014148943134","0.37529244914097626","0.37724550898203596","0.540406913436432","0.13990991352061982","0.0659541507307172","0.5022833865408716"
"0.4002168394254321","3","1","Michigan, Montmorency","-84.127,45.0276","0.40903571658049387","0.2","0.44506122310662627","0.1671","0.5","0.5192862589944978","0.25241711246397563","0.251497005988024","0.7786506778569082","0.47830397401243097","0.48780494894420334","0.0"
"0.4002013411313586","3","1","Pennsylvania, Pike","-75.0321,41.3316","0.3710488215408791","0.0295566502463054","0.5596110237708702","0.0048","0.75","0.7607330979588356","0.4540037326049619","0.3592814371257485","0.6441567395133083","0.3355543578233904","0.19197599636951626","0.0"
"0.40018092389914695","9","10","Montana, Jefferson","-112.0944,46.1491","0.6621551603143572","0.284615384615385","0.4471289284263394","0.1328","0.5","0.6163905315403087","0.3134143514304688","0.25748502994011974","0.6207997313712245","0.20761942810372394","0.10892795483356589","0.0"
"0.40003853356244107","5","10","Utah, Piute","-112.125,38.3382","0.8284768913029992","0.64","0.3535609086674382","0.0245","0.0","0.4487874423273804","0.23728457159760022","0.08383233532934134","0.7050743605672205","0.19454922166381117","0.5617006011202228","0.0"
"0.39958144753395136","9","1","Montana, Madison","-111.9173,45.3008","0.5870407780702479","0.113636363636364","0.3932853683724185","0.3954","0.32499999999999996","0.6163905315403087","0.25061176380776234","0.2275449101796407","0.7416697243018653","0.16861608626307137","0.1203529087894258","0.46295334785219394"
"0.3992137948456589","9","1","Idaho, Oneida","-112.5408,42.1949","0.5551616232782951","0.176470588235294","0.39344441934529156","0.0618","0.5","0.771056031651189","0.2098185623675917","0.17964071856287425","0.6037268925796017","0.2343537155121498","0.3331492011809488","0.4540870841154085"
"0.39911502434751506","4","8","Texas, Live Oak","-98.1247,28.351","0.0","0.0","0.5145284305665253","0.6784","0.675","0.8066953714640763","0.506122304801917","0.3712574850299401","0.6189409155096902","0.3132522674796804","0.504741029492109","0.0"
"0.3990321487582891","9","1","Washington, Skamania","-121.9164,46.0241","0.4052651538669508","0.0714285714285714","0.44588783059525605","0.4069","0.5","0.9576955189784127","0.36193547393974945","0.19161676646706588","0.6037268925796017","0.29204740400739576","0.17921480252946953","0.0"
"0.3985800186619139","3","1","Colorado, Archuleta","-107.0477,37.1947","0.41027420105938667","0.0983606557377049","0.47583696029965994","0.3413","0.32499999999999996","0.8662658896035598","0.4235720483660253","0.08383233532934134","0.6945753055071017","0.15403369853731635","0.24679029317948425","0.5923557438682308"
"0.39838808127218484","9","1","Washington, Wahkiakum","-123.4251,46.2918","0.46734966588242677","0.3","0.463648534553257","0.1133","0.32499999999999996","0.9576955189784127","0.30622328241680424","0.17365269461077848","0.8078276838908924","0.3455816051564935","0.16854753158960473","0.0"
"0.3982088684243509","9","1","Colorado, Routt","-106.9906,40.486","0.5189592263287894","0.13903743315508","0.5161384138023597","0.4546","0.575","0.8662658896035598","0.29748082632251677","0.05389221556886227","0.4833394486037307","0.08652775493094218","0.07759190025229053","0.3997152476412202"
"0.3979231144413004","10","2","New York, Essex","-73.773,44.1163","0.4493710341296192","0.114583333333333","0.5256933327848182","0.7151","0.32499999999999996","0.30357014148943134","0.373156199735506","0.21556886227544908","0.6544622387094758","0.2390746096486952","0.16365989479396925","0.5560687981763908"
"0.39790175783587545","4","8","Maine, Oxford","-70.7568,44.4995","0.20161203423177482","0.0318471337579618","0.5127549078010997","0.4145","0.575","0.83233747019391","0.23940961775857605","0.2634730538922156","0.6281436499318728","0.34082377600884983","0.3812944098713889","0.5321628700642252"
"0.397883255118513","9","10","Illinois, Menard","-89.8025,40.0274","0.6145169930456671","0.163522012578616","0.4759699506705328","0.0519","0.675","0.48583792883850596","0.23743845601229824","0.48502994011976047","0.595880459448231","0.2747144234124494","0.07371604157615991","0.0"
"0.3978450211690805","9","1","Colorado, Clear Creek","-105.6463,39.6886","0.5835971940002403","0.253968253968254","0.5866276352056479","0.1404","0.5","0.8662658896035598","0.3704155640495842","0.09580838323353291","0.5978576089534523","0.13829301521004092","0.09141755637296076","0.0"
"0.397677561042372","5","10","North Dakota, Ransom","-97.6574,46.4562","0.7836610340328267","0.322834645669291","0.4526516688319956","0.2798","0.32499999999999996","0.10985976568982879","0.30365833369440615","0.16766467065868262","0.6388951207196634","0.3650031420384898","0.021946525939803684","0.3718407550801355"
"0.3974648116888059","9","10","Illinois, Scott","-90.4781,39.6429","0.6327333803253012","0.129032258064516","0.46255727945739655","0.0777","0.5","0.48583792883850596","0.1536053548899307","0.4550898203592814","0.6075890184122873","0.3505589980822131","0.2290221662249473","0.0"
"0.3974472796678028","3","1","Maine, Franklin","-70.4438,44.9733","0.3760403054744284","0.136986301369863","0.49316177563754116","0.3677","0.32499999999999996","0.83233747019391","0.2275132696130106","0.23353293413173656","0.6371246099900815","0.314133767714621","0.29455593368384253","0.46887464102357496"
"0.3971383264723518","9","7","Wisconsin, Pierce","-92.4224,44.7185","0.6438787902218924","0.135329341317365","0.5762817491455724","0.4661","0.575","0.38022621028167947","0.2707126442600949","0.3053892215568862","0.47793802351369025","0.18393561237009248","0.051283973562966836","0.0"
"0.3970753881363759","3","1","New Hampshire, Sullivan","-72.222,43.3609","0.32862215358541186","0.144927536231884","0.5510336028427427","0.3314","0.675","0.6081192202308006","0.22700227140495255","0.281437125748503","0.6189409155096902","0.3115525918332895","0.14893122004042514","0.6320125040296457"
"0.3969357957148621","5","10","Nebraska, Arthur","-101.696,41.569","0.7062274585879162","0.666666666666667","0.25316759804411565","0.0013","0.0","0.603814206971114","0.7075630648779583","0.1377245508982036","0.7080205562076126","0.2698670915155495","0.18133839811809757","0.0"
"0.3969219926529798","3","2","Vermont, Bennington","-73.0905,43.0352","0.3656787728718393","0.0827067669172932","0.5611169679002","0.5992","0.675","0.34377657673030565","0.2620702601945295","0.281437125748503","0.6544622387094758","0.28227081836107165","0.1273336206941447","0.43861396837154404"
"0.39671803587877386","9","1","Texas, Glasscock","-101.5208,31.8694","0.5648487377028529","0.181818181818182","0.4157934658354079","0.0774","0.5","0.8066953714640763","0.31450744446884804","0.251497005988024","0.43165328621112686","0.2668418660238179","0.39155607332714776","0.0"
"0.39668839434548947","5","1","Texas, Briscoe","-101.2085,34.5303","0.6058634313828634","0.166666666666667","0.33647767241016063","0.0614","0.0","0.8066953714640763","0.4463402650078047","0.23353293413173656","0.6790442329554586","0.2138698795856745","0.5832526619732145","0.0"
"0.3962105334571449","5","10","North Dakota, LaMoure","-98.5354,46.4568","0.896294624169774","0.460606060606061","0.3795049943348182","0.0213","0.5","0.10985976568982879","0.17830956883382484","0.14970059880239522","0.6945753055071017","0.3054974010263517","0.14284444329252513","0.0"
"0.3958188663630996","9","1","Idaho, Valley","-115.5677,44.7673","0.4912009897705482","0.0841121495327103","0.42709844567030397","0.2448","0.5","0.771056031651189","0.26920081065141416","0.21556886227544908","0.6774549264631455","0.16279520103643078","0.17777210430591892","0.4638617965843345"
"0.3957869648021241","9","10","Utah, Wasatch","-111.1691,40.3311","0.7035155944732246","0.143003064351379","0.5116931746025428","0.1646","0.675","0.4487874423273804","0.2701716612710456","0.19161676646706588","0.3787943342919467","0.08459066590085781","0.07494436976481428","0.633696254084294"
"0.3957198215680545","5","10","South Dakota, Campbell","-100.051,45.7707","0.9115924726487509","0.426470588235294","0.3362258676894231","0.028","0.0","0.7704699034685317","0.23985838958754024","0.1317365269461078","0.7006109322771243","0.23145379699484564","0.01592587689758357","0.0"
"0.3957151178736559","2","8","Mississippi, Issaquena","-90.9739,32.7253","0.0","0.0","0.33736660209722696","0.9997","0.0","1.0","0.6321499773529318","0.38922155688622756","0.5380992168517501","0.38058471822110557","0.669316902011457","0.0"
"0.3956567364320815","4","2","Texas, Crane","-102.5143,31.4305","0.31499510760709915","0.0136986301369863","0.490771219068973","0.4559","0.5","0.8066953714640763","0.47839337991227926","0.24550898203592814","0.42856039038869453","0.20998463912585133","0.35508991369607734","0.36093645124579377"
"0.39561653163406224","3","1","Michigan, Missaukee","-85.0926,44.3377","0.464235784440854","0.128205128205128","0.4513206857908158","0.2802","0.5","0.5192862589944978","0.27799104198050767","0.25748502994011974","0.6170727822364962","0.3916094738416173","0.42554934743702455","0.0"
"0.39544423257726286","9","10","Illinois, Jasper","-88.1544,39.0105","0.630433040565956","0.0958333333333333","0.4791771972712875","0.163","0.5","0.48583792883850596","0.09118158179319749","0.5149700598802395","0.5938927650957907","0.22382206727764875","0.2671720389775591","0.0"
"0.3952302289922097","3","2","New Hampshire, Grafton","-71.8206,43.9378","0.35740330601925363","0.143646408839779","0.5489405755533915","0.6855","0.575","0.6081192202308006","0.2735050320154354","0.23952095808383234","0.6056629582719985","0.16618930253508113","0.09692686626979548","0.351362959948526"
"0.39516933757929107","9","1","Nebraska, Deuel","-102.3333,41.1117","0.5818813033653237","0.428571428571429","0.4114332832979363","0.0137","0.5","0.603814206971114","0.2553412098579482","0.155688622754491","0.6960934005090119","0.30571036229534887","0.3288466613562648","0.0"
"0.395095474782202","9","3","Maryland, Queen Anne's","-76.0353,39.062","0.5269269444380941","0.0735694822888283","0.6019436709452438","0.0296","0.825","0.4028734589185817","0.45385390036469125","0.40119760479041916","0.579673914473061","0.24706040909588337","0.04338837394999558","0.0"
"0.3950641998727509","3","1","California, San Benito","-121.07,36.6031","0.44831496706693746","0.0256959314775161","0.5608947258346341","0.1958","0.575","0.6302607543856039","0.4475945586891922","0.19161676646706588","0.43165328621112686","0.21512076588283793","0.3409326501428952","0.4315872147798578"
"0.39497264306683566","9","1","Kansas, Lincoln","-98.2076,39.0455","0.5166373820313334","0.176470588235294","0.40496210236761676","0.1146","0.5","0.6813178638986801","0.27296673429870394","0.281437125748503","0.6694051144412375","0.23063718184531967","0.2142124668649933","0.37558139934882157"
"0.39480236981311406","9","10","Iowa, Chickasaw","-92.3177,43.06","0.6179715001178008","0.0815047021943574","0.5813655177977284","0.0525","0.5","0.5124529061342115","0.13141725014497496","0.34730538922155696","0.6151952376728468","0.270098028161925","0.08186609963168323","0.5142961850146389"
"0.3946038290219067","3","2","Massachusetts, Hampshire","-72.659,42.34","0.42029293086668434","0.0494791666666667","0.6145340730556236","0.687","0.675","0.18489378053159447","0.3403117446119363","0.29940119760479045","0.5357771420024626","0.14193029829064774","0.13616191162843594","0.4841316090965979"
"0.39410989970364635","3","3","New York, Saratoga","-73.8665,43.109","0.4245054929402128","0.0927920463960232","0.6779959348850726","0.2642","0.825","0.30357014148943134","0.2710840702212848","0.38323353293413176","0.558371441896005","0.20992391993336282","0.024660668585016067","0.6013485616054637"
"0.39407684957352096","9","1","Illinois, Marshall","-89.3451,41.0328","0.582153759595881","0.140740740740741","0.5051171459711862","0.0274","0.5","0.48583792883850596","0.2382924427970699","0.5089820359281437","0.6661358670949733","0.2967056880113019","0.1717347416677577","0.0"
"0.3939382166717823","9","10","Minnesota, Lake","-91.4456,47.6427","0.622567244901022","0.24","0.27293967552559956","0.3095","0.5","0.42209023252660954","0.2894313628381587","0.2035928143712575","0.7035924826400836","0.2560031033177092","0.060906886982543144","0.4595060758855262"
"0.3936675081315206","9","1","Kansas, Lane","-100.4661,38.4812","0.5497459441723193","0.111111111111111","0.41099446607698314","0.0025","0.5","0.6813178638986801","0.39622016504602303","0.23952095808383234","0.5978576089534523","0.3395309244577801","0.18797781354917936","0.2700072711834472"
"0.39362981647142276","4","8","Texas, Collingsworth","-100.27,34.9649","0.0","0.0","0.37190726549067926","0.5947","0.5","0.8066953714640763","0.6168193063293913","0.25748502994011974","0.5817386943120182","0.28899865409948466","0.7237323736661067","0.3565920211818171"
"0.3934796791741012","3","1","Michigan, Presque Isle","-83.915,45.3402","0.45749020256125217","0.228571428571429","0.4643876096107282","0.072","0.5","0.5192862589944978","0.30382734424182395","0.251497005988024","0.7688100584458099","0.3922250293819483","0.3884514623245875","0.0"
"0.39338896643093996","8","5","Alaska, Lake and Peninsula","-156.2141,58.624","0.6371379090393064","0.121212121212121","0.16447092690359916","0.7195","0.0","0.0","0.7419046620733555","0.0","0.272758857225477","0.5674450630482067","0.7978317379317846","0.0"
"0.3927763354312169","3","1","California, Nevada","-120.7627,39.3039","0.39292868062117586","0.0654044750430293","0.607097584254036","0.2076","0.575","0.6302607543856039","0.31005117060908566","0.3053892215568862","0.7080205562076126","0.13233377519906442","0.1716422113250115","0.49456996055691327"
"0.39270081029273923","8","2","Alaska, Prince of Wales-Hyder","-133.0512,55.7626","0.41922717649058866","0.0882352941176471","0.26205377624902054","0.8943","0.32499999999999996","0.0","0.6449391581271","0.0","0.5067215141840639","0.5834527372380917","0.600107354575668","0.0"
"0.3927001283130222","9","1","Kansas, Washington","-97.0875,39.7842","0.5307678731582999","0.214285714285714","0.3989227651467439","0.0735","0.5","0.6813178638986801","0.24011795169257405","0.3233532934131737","0.6899835619092616","0.25297995477766577","0.16923291013620248","0.29056152579973976"
"0.39248449726504137","5","10","Nebraska, Hayes","-101.0604,40.5245","0.8605654417689914","0.928571428571429","0.2417241466211987","6.0E-4","0.0","0.603814206971114","0.19272164391491173","0.19161676646706588","0.5817386943120182","0.239165720645592","0.238975718172923","0.0"
"0.39147450570254994","9","10","Minnesota, Jackson","-95.154,43.6742","0.6608095714980698","0.158730158730159","0.4891925839776993","0.0382","0.5","0.42209023252660954","0.27513613196963504","0.2874251497005988","0.6335581539925471","0.237334560657964","0.04006987736459536","0.47807124596394035"
"0.3913246827866446","9","10","Nebraska, Rock","-99.4483,42.4225","0.6570937326618229","0.0784313725490196","0.367544035340701","0.0713","0.5","0.603814206971114","0.17014891491129264","0.17365269461077848","0.7335379440869121","0.400124581589349","0.08421835659086728","0.21053556560595266"
"0.3912490768395331","5","10","Montana, Daniels","-105.5476,48.7842","0.7295573399815563","0.6","0.3700863347278452","0.0869","0.0","0.6163905315403087","0.35462278990427565","0.17964071856287425","0.7294045360146626","0.3320478145739941","0.026936261006296553","0.1413822484200329"
"0.39091740512486767","5","10","North Dakota, Hettinger","-102.4632,46.4338","0.8245315569472759","0.275510204081633","0.366891933957491","0.0411","0.5","0.10985976568982879","0.44887232141988403","0.11377245508982038","0.6868906660868291","0.24724566866523143","0.17275075874275492","0.0"
"0.3908993051837046","5","10","Montana, Powder River","-105.6367,45.3962","0.8474251432802007","0.468085106382979","0.34754986321409626","0.12","0.0","0.6163905315403087","0.24913710892780416","0.14970059880239522","0.6915204375207985","0.27568884353922546","0.08364851985968816","0.0"
"0.3906313615026624","9","10","Nebraska, Cedar","-97.2531,42.5989","0.6857273560422875","0.24031007751938","0.4340284709334946","0.0156","0.5","0.603814206971114","0.19806864961930717","0.3053892215568862","0.6388951207196634","0.2702516581040546","0.08237126201335127","0.0"
"0.3904970208395106","8","7","Alaska, Kodiak Island","-153.7494,57.6553","0.5563093328260692","0.382978723404255","0.2770464177939135","0.9535","0.32499999999999996","0.0","0.5963266705028962","0.0","0.32546182219766456","0.2667222778584374","0.311270619642036","0.48724451746326763"
"0.3904926610301912","3","1","Connecticut, Litchfield","-73.2451,41.7938","0.4300603313983678","0.0462079357106981","0.6198934401742489","0.1573","0.75","0.5061291060158074","0.2965186007749599","0.29341317365269465","0.6170727822364962","0.20802622470512122","0.07729238776850603","0.5145155023965756"
"0.3904744965660858","9","10","South Dakota, Hanson","-97.7872,43.6746","0.7266093868441601","0.265625","0.3736085526514273","0.0","0.5","0.7704699034685317","0.189078795975668","0.2275449101796407","0.504194780386106","0.24046607836006773","0.12623221894423126","0.0"
"0.3902813978100786","3","2","Vermont, Chittenden","-73.0836,44.4632","0.3636097188688193","0.0554323725055432","0.6682772988766502","0.7918","0.75","0.34377657673030565","0.3095252698460511","0.2095808383233533","0.4886637078344629","0.11219032938090338","0.06137898551137124","0.413167965396129"
"0.39007270989059695","3","2","Vermont, Windham","-72.7127,42.987","0.316168996818187","0.0661764705882353","0.5680133890914876","0.6788","0.575","0.34377657673030565","0.278695380992807","0.311377245508982","0.6371246099900815","0.23624015774070853","0.17967345751373637","0.4873946574495358"
"0.38981976720981826","3","1","California, Calaveras","-120.5529,38.2054","0.3078379021038042","0.027027027027027","0.49278331633586203","0.063","0.675","0.6302607543856039","0.3984120254332568","0.3592814371257485","0.7307874385574278","0.26060863544649454","0.20032116749069942","0.5583680931492234"
"0.3893310608784548","5","1","Kentucky, Robertson","-84.0506,38.5192","0.41956985500577415","0.0769230769230769","0.33147650246274485","0.2744","0.0","0.7986013047908057","0.24353647898066058","0.4251497005988024","0.6527643232093532","0.5518254253088309","0.5014983496535138","0.0"
"0.3889140613918706","3","1","Missouri, Chariton","-92.9629,39.515","0.4000136922216767","0.0545454545454545","0.43160649473102636","0.1767","0.5","0.6898109656793697","0.3562569659702537","0.38323353293413176","0.6758588134982833","0.3695074884972254","0.25114454826117444","0.0"
"0.38870277617697935","10","2","Wyoming, Niobrara","-104.4759,43.0561","0.40509179757741476","0.2","0.4024315118933903","0.4833","0.5","0.5947001907015348","0.36491764624444134","0.017964071856287414","0.6017807168377609","0.23418426061685602","0.4067808269863049","0.27999196626425743"
"0.38853083839698166","3","1","California, Plumas","-120.8395,40.0036","0.3175276962999594","0.0740740740740741","0.4669648089131324","0.2388","0.5","0.6302607543856039","0.45727737523935347","0.4131736526946108","0.7266232409599707","0.25294432772873465","0.15188456088841726","0.37570096273102316"
"0.3885045157216006","5","10","South Dakota, Sully","-100.1278,44.7157","0.8411453888638504","0.515151515151515","0.25208088121115546","0.0573","0.0","0.7704699034685317","0.35920978903627365","0.14371257485029942","0.6628376879802886","0.21753382387177644","0.032722556366299525","0.0"
"0.38776344444086447","8","5","Alaska, Kusilvak","-163.3968,62.1543","0.5851660777766949","0.5","0.215731106919958","0.6804","0.0","0.0","0.6953577386320158","0.0","0.14451703670035246","0.6289877273417979","0.7691342514749446","0.0"
"0.3875835012400814","9","10","Minnesota, Dodge","-92.8624,44.0224","0.6916383504974167","0.222222222222222","0.5146011614125838","0.0653","0.675","0.42209023252660954","0.22387199576237807","0.2874251497005988","0.48601108590571473","0.296061099515568","0.03422605332291116","0.0"
"0.3875531400217592","9","10","Iowa, Grundy","-92.7883,42.4018","0.666767473610751","0.139784946236559","0.5866582551716006","0.006","0.5","0.5124529061342115","0.09058730532323295","0.37724550898203596","0.6226493223021841","0.2451492691069458","0.0","0.33372105221324455"
"0.3875475314520968","9","1","Colorado, Pitkin","-106.931,39.2172","0.5923676900321152","0.124031007751938","0.5779587409434989","0.2607","0.32499999999999996","0.8662658896035598","0.275573160624588","0.059880239520958084","0.5627304600978258","0.005338346523831828","0.10605321633170238","0.5238187210979764"
"0.3874123547486262","9","10","Utah, Emery","-110.7014,38.9962","0.6594729588738311","0.375","0.3913068437982619","0.1999","0.5","0.4487874423273804","0.25223668822075307","0.14970059880239522","0.5357771420024626","0.2722130154910131","0.256550306530983","0.0"
"0.3873980950616745","9","10","Wisconsin, Pepin","-91.9995,44.5831","0.6271054968607612","0.191011235955056","0.5137605255156303","0.1554","0.32499999999999996","0.38022621028167947","0.1585414694657","0.29341317365269465","0.6406572602088578","0.32773590104415184","0.1781570014646197","0.41263057301633305"
"0.38723653700612953","9","1","Nebraska, Dundy","-101.6877,40.1764","0.533418636607759","0.125","0.3372051558712599","0.0509","0.5","0.603814206971114","0.3261716116707477","0.19161676646706588","0.6170727822364962","0.3022394341196216","0.3606188439011907","0.3095426396394512"
"0.3863728872388149","9","10","Iowa, Butler","-92.7902,42.7317","0.669311153326848","0.138235294117647","0.5568149556484803","0.0372","0.5","0.5124529061342115","0.07030220867969345","0.3652694610778443","0.6561524538860896","0.3108048949080341","0.07826867977488967","0.0"
"0.3860912792459149","5","10","North Dakota, Logan","-99.4772,46.4573","0.8783889918256065","0.281818181818182","0.3759030671367718","0.1344","0.5","0.10985976568982879","0.15856890412190008","0.12574850299401197","0.7675615085087122","0.24393872694120697","0.0732789447083968","0.0"
"0.3858877198660261","9","10","Minnesota, Pope","-95.4445,45.5861","0.6585188036248073","0.232394366197183","0.45076187790097744","0.1324","0.5","0.42209023252660954","0.1989322813543403","0.19161676646706588","0.6774549264631455","0.24235180953483892","0.03221933179285654","0.4265501602497639"
"0.3847679979276447","9","10","Illinois, Putnam","-89.2869,41.2014","0.6579915170583698","0.204819277108434","0.46076635412382505","0.0038","0.5","0.48583792883850596","0.20919919748437898","0.4970059880239522","0.6578350382684304","0.1979951585739687","0.049771877582356544","0.0"
"0.3847100971480135","9","1","Iowa, Keokuk","-92.1785,41.3365","0.5270699249187849","0.0808823529411765","0.5566909906281124","0.0111","0.5","0.5124529061342115","0.16464459370991333","0.407185628742515","0.6406572602088578","0.293798189321438","0.13703610536396216","0.4543891029472169"
"0.3835896169911759","3","2","Michigan, Alpena","-83.6221,45.0348","0.26440506190837415","0.0263157894736842","0.5664898384801189","0.3222","0.675","0.5192862589944978","0.24843624418641128","0.2694610778443114","0.6611775880966219","0.3684099594271691","0.2989006208374214","0.38267615003073685"
"0.3831055567052218","9","10","Nebraska, Garden","-102.3314,41.617","0.6140706275982062","0.235294117647059","0.3517975129038522","0.0287","0.5","0.603814206971114","0.282851512534603","0.11976047904191617","0.7167219274997747","0.24329872353902196","0.10924950988591034","0.35960391724006874"
"0.3830941239680604","9","1","Minnesota, Sibley","-94.2316,44.5797","0.5781459263601176","0.102127659574468","0.5124947982924573","0.1312","0.5","0.42209023252660954","0.2466595621056915","0.251497005988024","0.5755097168756041","0.3050487648259774","0.08303362908727659","0.5294283884231724"
"0.38307328825538733","9","10","Nebraska, Sherman","-98.9759,41.2205","0.6255365189089013","0.205882352941176","0.36851030840676224","0.0627","0.5","0.603814206971114","0.12933139087633222","0.24550898203592814","0.7181526079808993","0.3267091984773932","0.16690693470107068","0.0"
"0.38277492970909904","9","1","Texas, Irion","-100.9824,31.3038","0.4633237042795433","0.0769230769230769","0.4212748482197578","0.0694","0.5","0.8066953714640763","0.37482219762279634","0.25748502994011974","0.5998243249034969","0.21013129331257951","0.3482827567405145","0.0"
"0.3826205714184012","8","2","Alaska, Ketchikan Gateway","-130.9756,55.5745","0.4460368204564946","0.137931034482759","0.2819839284812098","0.9242","0.5","0.0","0.597320779930081","0.0","0.4886637078344629","0.3613009471385016","0.2465204533841459","0.39741951515799634"
"0.3811369834468274","9","1","Colorado, Eagle","-106.6934,39.6275","0.5450712207688799","0.0506706408345753","0.585715859431067","0.326","0.32499999999999996","0.8662658896035598","0.38283815356821616","0.07185628742514971","0.3643190466040495","0.0035628979222659635","0.1715793536707114","0.5581228650416717"
"0.38083907846142406","9","10","Nebraska, Stanton","-97.1939,41.917","0.6367312385764142","0.245901639344262","0.40036818996568657","0.0057","0.5","0.603814206971114","0.3172469569248892","0.3173652694610779","0.5494974081927578","0.290126720966136","0.061590812172972166","0.0"
"0.38077927104730436","9","1","Colorado, Park","-105.7182,39.1209","0.5336205231124221","0.2625","0.42159200381910505","0.0016","0.675","0.8662658896035598","0.35925889568169056","0.08982035928143713","0.6017807168377609","0.1550112750358818","0.12411044005081417","0.0"
"0.3803316150631669","5","7","Alaska, Matanuska-Susitna","-149.5742,62.3131","0.5826877118463795","0.211652794292509","0.443196969653076","0.262","0.575","0.0","0.5480113140024907","0.0","0.38582646381517377","0.32402855163405947","0.34809200374336113","0.6108884173584427"
"0.37981350446002776","9","1","Iowa, Worth","-93.2609,43.3775","0.5556291215049839","0.0793650793650794","0.5579286998224875","0.0166","0.575","0.5124529061342115","0.23668468801096912","0.3053892215568862","0.6151952376728468","0.37696081341071724","0.12270189569723008","0.0"
"0.3795059812992084","9","10","Nebraska, Greeley","-98.5215,41.5674","0.6756670148734338","0.186046511627907","0.3612442572549119","0.0175","0.5","0.603814206971114","0.12452883702723244","0.24550898203592814","0.7021046890169179","0.2892572953229582","0.11767570561350343","0.0"
"0.3793774183217378","5","1","Texas, Kent","-100.7781,33.181","0.5590210272970356","0.1","0.3122882287836773","0.2818","0.0","0.8066953714640763","0.4217357141737276","0.24550898203592814","0.7737628463865508","0.22269873470330698","0.23017528323186687","0.0"
"0.3791026267169735","5","10","North Dakota, Golden Valley","-103.8465,46.9402","0.8997707465002506","0.336633663366337","0.25552929826636667","0.3785","0.0","0.10985976568982879","0.3306273922987751","0.1317365269461078","0.6476236650502001","0.3672655670633662","0.09989692071372867","0.0"
"0.378977951630229","5","10","North Dakota, Adams","-102.5285,46.0969","0.8363708123150132","0.5","0.412107080850335","0.2178","0.0","0.10985976568982879","0.2903149137572622","0.10778443113772454","0.6774549264631455","0.3450369186597718","0.10093885597373592","0.2700009441170503"
"0.37896647158598207","9","10","Minnesota, Red Lake","-96.0956,47.872","0.6361155391453538","0.181818181818182","0.4331833138594426","0.3225","0.32499999999999996","0.42209023252660954","0.36121485182796803","0.19161676646706588","0.6075890184122873","0.3158334820581838","0.07685529090074293","0.0"
"0.3788647269809124","9","10","Utah, Summit","-110.9536,40.8669","0.6849607963704982","0.125615763546798","0.5410111150479935","0.1235","0.575","0.4487874423273804","0.302187165985303","0.2275449101796407","0.39950476257029566","0.0","0.05299784382501059","0.5801319492522738"
"0.3783952641882831","5","10","Nebraska, Keya Paha","-99.7134,42.8799","0.6868959311906768","0.375","0.29147917345627294","0.0032","0.0","0.603814206971114","0.7414871801828841","0.155688622754491","0.6742558355103007","0.3007525721516029","0.05452338335018218","0.0"
"0.3783026277383726","3","1","New York, Warren","-73.8434,43.5617","0.39556600940103254","0.0570776255707763","0.6027555472147601","0.369","0.675","0.30357014148943134","0.26247819775851106","0.32934131736526945","0.6353456481032828","0.2581228130233016","0.10768521419623774","0.3360602625817879"
"0.37814586032126407","5","10","North Dakota, Oliver","-101.3406,47.1153","0.9080548888738095","0.615384615384615","0.32674215890636465","0.1178","0.0","0.10985976568982879","0.36616559520025815","0.10778443113772454","0.6868906660868291","0.2743002529018199","0.15945085421614386","0.0"
"0.377177477403422","9","1","Michigan, Leelanau","-85.8015,44.9443","0.4605862376958089","0.107692307692308","0.4716018406958666","0.0242","0.75","0.5192862589944978","0.42680205298366747","0.2694610778443114","0.7561322439804544","0.21228816815872265","0.07963507679957892","0.0"
"0.3767120397991614","3","1","New Hampshire, Carroll","-71.2043,43.875","0.29913108246185666","0.0666666666666667","0.54932677476499","0.2111","0.75","0.6081192202308006","0.19956319582856916","0.2275449101796407","0.7195778173951984","0.2678049516043358","0.11388220378693752","0.5616407684221395"
"0.37630771234815635","5","10","Montana, Meagher","-110.8899,46.5991","0.7870778961465638","0.306122448979592","0.34185131285822096","0.0124","0.0","0.6163905315403087","0.23533597802148898","0.10179640718562875","0.667774075480636","0.1999234142687102","0.285356673587468","0.2445240931065775"
"0.3759481218938121","9","1","Michigan, Antrim","-85.155,44.9969","0.5038283657106725","0.228260869565217","0.5291674974167749","0.0739","0.5","0.5192862589944978","0.25374458366429314","0.2634730538922156","0.7181526079808993","0.2702309775449536","0.19769519511972686","0.0"
"0.37531742502323373","4","8","Texas, La Salle","-99.0991,28.3445","0.0","0.0","0.46286446510810014","0.8867","0.675","0.8066953714640763","0.2756007666810137","0.311377245508982","0.48601108590571473","0.2749982722207698","0.5122206059017645","0.0"
"0.37456014329662024","3","1","West Virginia, Hardy","-78.8586,39.0068","0.3866097055747814","0.0495049504950495","0.48398619863613607","0.07","0.5","0.590915881821042","0.3427722897438132","0.311377245508982","0.6424111072462477","0.4839949133486917","0.2652674157183619","0.0"
"0.37395474701677417","9","10","Minnesota, Houston","-91.4914,43.6713","0.5957595757498294","0.188888888888889","0.5195670254552249","0.0872","0.675","0.42209023252660954","0.1830791650969424","0.34131736526946105","0.6226493223021841","0.19886742852747594","0.0408204147127605","0.0"
"0.3732573013053633","9","10","Nebraska, Garfield","-98.9911,41.9143","0.6976885537149846","0.421052631578947","0.34725412033591485","0.086","0.32499999999999996","0.603814206971114","0.07431408422910894","0.2095808383233533","0.7483132479461376","0.2647232007769687","0.05196886765750838","0.0"
"0.37317040070980534","3","1","Michigan, Alcona","-83.5951,44.6847","0.394569053954692","0.0784313725490196","0.4370598546634758","0.0551","0.5","0.5192862589944978","0.24979335058135355","0.2694610778443114","0.8327916323672433","0.3773896514031597","0.39810986185728503","0.0"
"0.3726172779322329","4","8","Louisiana, West Feliciana","-91.4149,30.8788","0.0","0.0","0.5056029931162151","0.8453","0.575","0.3163258823370422","0.5464351693463284","0.3592814371257485","0.46689449529952165","0.3033589306327921","0.47893402622896103","0.5211660801326047"
"0.3723459087403524","3","1","Colorado, Custer","-105.3683,38.1088","0.3107508057568629","0.0526315789473684","0.4075870645738419","0.0449","0.5","0.8662658896035598","0.3977226832369323","0.07185628742514971","0.8410970859936281","0.30775653499606226","0.41394550955938963","0.0"
"0.3720365654258274","4","8","Maine, Lincoln","-69.5423,44.06","0.20247049512393128","0.0566037735849057","0.5279665452986625","0.1796","0.675","0.83233747019391","0.20881585773559128","0.2694610778443114","0.7224119892866149","0.22390047153968615","0.17455473708726355","0.6038615884690445"
"0.37177174624593773","5","10","North Dakota, Sargent","-97.6322,46.1083","0.768762641494944","0.241071428571429","0.42682349563870603","0.1853","0.32499999999999996","0.10985976568982879","0.4395512359888832","0.16766467065868262","0.6458942336050534","0.27619387752769997","0.028417230942291948","0.0"
"0.37139603372538693","5","10","Kansas, Wallace","-101.7639,38.9169","0.7165158520248301","0.269230769230769","0.39912847862541445","0.0169","0.07500000000000001","0.6813178638986801","0.2569064783769403","0.2095808383233533","0.6493451083308717","0.3107580303309058","0.11760860900371103","0.0"
"0.3707881468422868","3","1","Colorado, Gilpin","-105.5253,39.8565","0.3730144641690311","0.0952380952380952","0.46518313601834915","0.15","1.0","0.8662658896035598","0.3815106276633902","0.09580838323353291","0.49908933331939354","0.15651346848541686","0.04032578916331619","0.0"
"0.3707006072726838","9","1","Montana, Sweet Grass","-109.9426,45.8137","0.5997020902337581","0.120689655172414","0.41983331023186166","0.0099","0.5","0.6163905315403087","0.2745179066844736","0.10778443113772454","0.7663087617572133","0.1979320961914892","0.05959317411897247","0.2437946521518027"
"0.37067741013054445","9","10","Wisconsin, Buffalo","-91.7533,44.3784","0.6584166821278976","0.193069306930693","0.4623125699278676","0.084","0.5","0.38022621028167947","0.2007630425963981","0.311377245508982","0.6406572602088578","0.21616269605436048","0.09539224326856897","0.0"
"0.36958650458656894","3","2","Vermont, Orleans","-72.2456,44.8296","0.27120433694933804","0.16","0.5272286998181098","0.5263","0.5","0.34377657673030565","0.280667461964503","0.17964071856287425","0.6493451083308717","0.31014884479005683","0.2578328933499388","0.5737603228242141"
"0.36877717940673105","3","1","California, Mono","-118.8872,37.939","0.405797508183955","0.0342857142857143","0.3943854107307884","0.29","0.5","0.6302607543856039","0.42580673202318275","0.18562874251497005","0.4939129750014257","0.12103041230113727","0.26559272527414235","0.5429207255002833"
"0.36836546313111224","9","10","Nebraska, Gosper","-99.8302,40.5148","0.6971043077284426","0.148148148148148","0.4032074439843676","0.0315","0.32499999999999996","0.603814206971114","0.26633978031978106","0.23353293413173656","0.7050743605672205","0.1811589321540101","0.038105787615491854","0.0"
"0.3669679039669187","3","1","Massachusetts, Barnstable","-70.2885,41.7298","0.37893660522635647","0.0344177274870344","0.6363044677779439","0.0942","0.825","0.18489378053159447","0.435235518030848","0.22155688622754494","0.7587025424966539","0.17713020287521428","0.037165466174285754","0.5047191173259783"
"0.36664736467698267","3","2","Vermont, Washington","-72.616,44.2734","0.38597441961065293","0.212121212121212","0.5890938764781888","0.5721","0.5","0.34377657673030565","0.2334188865422137","0.18562874251497005","0.5898852876912913","0.1953656950874415","0.06620146350543936","0.4732497496503879"
"0.3655969334408093","9","1","Nebraska, Perkins","-101.6503,40.8508","0.5867609342426702","0.128205128205128","0.408304103899395","0.0439","0.5","0.603814206971114","0.20238809210123426","0.18562874251497005","0.6661358670949733","0.19694055292033266","0.06800544184994801","0.32767952189781846"
"0.36534514190962286","4","8","California, Modoc","-120.7245,41.5897","0.0","0.0","0.37457761342284146","0.5769","0.5","0.6302607543856039","0.5078852712920385","0.21556886227544908","0.712396635537302","0.37996904550468896","0.5445373125579299","0.2494375577888615"
"0.36414749347489234","5","10","North Dakota, McHenry","-100.6325,48.231","0.7821389506069494","0.319148936170213","0.3983324640879447","0.0379","0.5","0.10985976568982879","0.2747752083693271","0.1317365269461078","0.6170727822364962","0.3010786146595946","0.06616646184437439","0.0"
"0.3636055163707683","9","1","Kansas, Wabaunsee","-96.2035,38.9547","0.49957500507031377","0.0769230769230769","0.41963456506031455","0.0427","0.5","0.6813178638986801","0.3052290955687673","0.3532934131736527","0.595880459448231","0.2875831467971298","0.07203135955050599","0.0"
"0.36359344123148013","3","8","Massachusetts, Berkshire","-73.2052,42.3743","0.22362932711980146","0.0166880616174583","0.5992153255452121","0.6004","0.675","0.18489378053159447","0.3545038312574227","0.281437125748503","0.6544622387094758","0.24332964381101183","0.1598137088062847","0.4488900247515272"
"0.36287596343439477","3","1","Texas, Mason","-99.2263,30.7178","0.3296570764803006","0.0125","0.405329852778999","0.0191","0.5","0.8066953714640763","0.25563528766696864","0.2874251497005988","0.7035924826400836","0.23152854806345177","0.4962501594150048","0.0"
"0.3625552418132867","9","1","Wyoming, Sublette","-109.9131,42.7656","0.603044334555932","0.133802816901408","0.4174495313305912","0.015","0.5","0.5947001907015348","0.34565203616479967","0.12574850299401197","0.5517358041566147","0.24661018238528867","0.16053203009270836","0.0"
"0.3625073104746757","5","10","Nebraska, Blaine","-99.9768,41.9131","0.7032048240506199","0.666666666666667","0.2996065079099435","0.1261","0.0","0.603814206971114","0.12645854427716485","0.16766467065868262","0.7109436441933698","0.28692464181993854","0.11848377164334979","0.0"
"0.3624937581761398","4","8","Texas, Real","-99.8202,29.8332","0.0","0.0","0.37375595795122196","0.4387","0.5","0.8066953714640763","0.39785462994917004","0.2694610778443114","0.8055757627938426","0.28651472873144146","0.6526144484676842","0.0"
"0.3621502324412013","4","8","Maine, Piscataquis","-69.286,45.8384","0.15287566627819543","0.1","0.422511765760666","0.297","0.25","0.83233747019391","0.2644905679047769","0.22155688622754494","0.7050743605672205","0.4061996417916778","0.4779332693937361","0.4351695559599911"
"0.3614183253929485","3","1","Vermont, Windsor","-72.586,43.5801","0.35732593600397833","0.148148148148148","0.5615008204479048","0.3028","0.575","0.34377657673030565","0.2283482359155825","0.29341317365269465","0.6544622387094758","0.2303710955067992","0.0833700810403511","0.5545958626494444"
"0.3608837654223802","5","1","Vermont, Addison","-73.1413,44.0322","0.48622355766733044","0.254385964912281","0.5320086230684422","0.3295","0.32499999999999996","0.34377657673030565","0.2561886099008747","0.23353293413173656","0.5898852876912913","0.17746409171507335","0.07445458873593257","0.6129689583632592"
"0.3600391903004646","3","1","Illinois, Calhoun","-90.6633,39.1684","0.4568086233347045","0.0434782608695652","0.39964600610897794","0.2378","0.5","0.48583792883850596","0.14462757775360122","0.4670658682634731","0.6694051144412375","0.245873225776998","0.18647346880146928","0.0"
"0.35896705349866403","5","10","North Dakota, Kidder","-99.7751,46.9783","0.7602195756750315","0.213333333333333","0.3487324998778126","0.0831","0.5","0.10985976568982879","0.2203373747597562","0.11377245508982038","0.6114115319998742","0.3081026856731542","0.1845562497888092","0.0"
"0.3582559519853835","4","8","Vermont, Rutland","-73.0374,43.5772","0.0808100281467829","0.0150375939849624","0.5782146064274934","0.9443","0.575","0.34377657673030565","0.19842419623988386","0.33532934131736525","0.6317620454190964","0.30866599483352103","0.11649957713391142","0.4733663887125571"
"0.3571963026809841","3","2","Massachusetts, Franklin","-72.586,42.5812","0.332890087846557","0.0356394129979036","0.5485581415607375","0.3706","0.675","0.18489378053159447","0.3108084164760778","0.281437125748503","0.624489779413553","0.2627311977087358","0.0880157340338833","0.5367493638477422"
"0.3568108602551863","9","1","Utah, Kane","-111.8862,37.2851","0.5224149881262844","0.0860215053763441","0.3825228698609235","0.0468","0.5","0.4487874423273804","0.35147519489722","0.08383233532934134","0.6611775880966219","0.14931644507652156","0.2774045141969281","0.41954228080201694"
"0.35584864186745063","8","2","Alaska, Petersburg","-132.9541,57.1398","0.5084355527855425","0.272727272727273","0.384357212932159","0.93","0.0","0.0","0.6509811647744406","0.0","0.6458942336050534","0.2500677211912151","0.1793551725127717","0.0"
"0.354906087950979","8","2","Alaska, Hoonah-Angoon","-135.6424,58.2931","0.5082149889834499","0.0769230769230769","0.14689983636744924","0.7794","0.0","0.0","0.7557650519103664","0.0","0.6095051758860066","0.37813707185464357","0.4576199524486084","0.0"
"0.3545657889193289","4","8","Virginia, Bland","-81.136,37.1313","0.0","0.0","0.48419564163918116","0.7526","0.5","0.7697111946822568","0.31746768070883546","0.33532934131736525","0.6510586369018438","0.32384306609277164","0.29786680014935657","0.0"
"0.3544474619697071","8","2","Alaska, Skagway","-135.3338,59.5615","0.49978129869050686","1.0","0.42270046637511666","0.8115","0.0","0.0","0.47416683720769603","0.0","0.4061601502796258","0.28932457055523586","0.27728800347739685","0.0"
"0.3544101560185806","4","8","Hawaii, Maui","-156.5689,20.864","0.20590605044534097","0.0364963503649635","0.6221487078879622","0.6622","0.5","0.7390039174355363","0.26318882913296443","0.0","0.5561726637917245","0.184115370291939","0.10867107413073256","0.5232261725311277"
"0.35329506019447915","5","10","Nebraska, Grant","-101.7407,41.9153","0.6609531366805635","0.5","0.31207854141077085","0.1363","0.0","0.603814206971114","0.0","0.12574850299401197","0.6561524538860896","0.31335828146340705","0.36635342400418763","0.0"
"0.35310809792231845","3","1","Maine, Sagadahoc","-69.8507,43.9542","0.2637357790064231","0.0649350649350649","0.5910033178149074","0.1541","0.675","0.83233747019391","0.2686063832102835","0.281437125748503","0.6406572602088578","0.2081399861407606","0.07076270072816779","0.0"
"0.35286467552853634","5","10","North Dakota, Grant","-101.639,46.3582","0.7865103013016498","0.339285714285714","0.32301292888621935","0.2124","0.0","0.10985976568982879","0.25520335879662676","0.09580838323353291","0.7574196090175283","0.3003179308423345","0.09499971598998201","0.2517362825073397"
"0.3526753549623861","5","10","Nebraska, Thomas","-100.5557,41.9136","0.7021229731051614","0.375","0.34755918098871774","0.0029","0.0","0.603814206971114","0.39273824575836414","0.14970059880239522","0.6595100604482558","0.2336664367191897","0.07574577457888702","0.0"
"0.3523662350628668","5","1","Texas, Borden","-101.4317,32.7436","0.573714953266153","0.5","0.27847950975506497","0.0073","0.0","0.8066953714640763","0.32280527183899793","0.24550898203592814","0.7167219274997747","0.2955674596095464","0.04721203291706386","0.0"
"0.3521424523065586","5","1","Nebraska, Wheeler","-98.528,41.9148","0.5456673588065597","0.333333333333333","0.30168927870047435","0.0086","0.0","0.603814206971114","0.5909485089580898","0.23353293413173656","0.6806267907799217","0.30216765503440873","0.14956621557317162","0.0"
"0.3513481415068905","5","10","North Dakota, Renville","-101.6604,48.7198","0.8112100051423178","0.242105263157895","0.3800123930622948","0.049","0.5","0.10985976568982879","0.21371694894553112","0.1317365269461078","0.5775976316230177","0.2619549267930918","0.01889593134151678","0.0"
"0.3501352346202762","9","1","Colorado, Ouray","-107.7675,38.1472","0.4931683803621063","0.125","0.49516987090400266","0.0255","0.5","0.8662658896035598","0.10943870546763208","0.06586826347305387","0.7335379440869121","0.13700909758903856","0.14847971072398816","0.0"
"0.3487157632097323","4","8","Oregon, Grant","-119.0069,44.4902","0.0","0.0","0.42099551300608434","0.6463","0.5","0.7438233614458837","0.28648952750862006","0.17964071856287425","0.7483132479461376","0.2647245595917017","0.3633086428305759","0.4107029384595515"
"0.3480213994339855","5","10","Michigan, Keweenaw","-88.4143,47.632","0.6525483708477172","0.352941176470588","0.38385763729834277","0.0347","0.0","0.5192862589944978","0.14690733146971","0.16167664670658685","0.8100660798547494","0.2978156564090744","0.18811636683727048","0.0"
"0.3474130601368888","4","8","Maine, Hancock","-68.384,44.5982","0.0","0.0178571428571429","0.5108228131825275","0.5403","0.675","0.83233747019391","0.26931285657515747","0.19760479041916168","0.6758588134982833","0.2153214713957721","0.1800050649462482","0.47434280014295394"
"0.34621959398936525","5","10","Nebraska, Loup","-99.4544,41.9137","0.6694535032783852","0.4","0.32499193820957323","0.0067","0.0","0.603814206971114","0.2601450110403092","0.18562874251497005","0.7561322439804544","0.2593593996884298","0.05733962426625194","0.0"
"0.34603774137670157","3","1","Colorado, Elbert","-104.1359,39.2866","0.4162717821559933","0.0666666666666667","0.43217797712341305","0.0035","0.675","0.8662658896035598","0.36018539816318024","0.19161676646706588","0.504194780386106","0.18230791890977857","0.03621024783234956","0.0"
"0.34597463886715274","3","1","Virginia, Rappahannock","-78.1583,38.683","0.2614843645140115","0.0153846153846154","0.4649249396614188","0.0019","0.5","0.7697111946822568","0.39385793750721143","0.3173652694610779","0.7109436441933698","0.28615200386253936","0.21842477749419845","0.0"
"0.34535525064166195","5","10","Texas, Roberts","-100.8132,35.8381","0.6204259549358508","0.142857142857143","0.3756835523680876","0.0022","0.0","0.8066953714640763","0.25059683266906163","0.2275449101796407","0.6644904259777605","0.18917161047207567","0.17806447112187349","0.0"
"0.3445400036585785","4","8","Pennsylvania, Sullivan","-76.5125,41.4463","0.0","0.0","0.4440927627006347","0.3779","0.5","0.7607330979588356","0.4235560960798003","0.3532934131736527","0.7307874385574278","0.3769575996235398","0.33942963763833983","0.0"
"0.34238670802576976","4","8","Washington, San Juan","-122.9674,48.6018","0.15037594313976974","0.0333333333333333","0.417092000361189","0.2343","0.5","0.9576955189784127","0.31641171728769224","0.25748502994011974","0.7929409322173139","0.08116271445865673","0.07112167970185851","0.5180354657215762"
"0.3410914835357295","9","10","Montana, Judith Basin","-110.2661,47.0458","0.6392237848237009","0.357142857142857","0.3405830805372269","0.0226","0.32499999999999996","0.6163905315403087","0.07283518928326227","0.08982035928143713","0.6335581539925471","0.22946706924372","0.1567582696874352","0.0"
"0.33783966108606656","5","1","North Dakota, Cavalier","-98.4669,48.7729","0.5521211981470772","0.0819672131147541","0.40717810567509766","0.0366","0.5","0.10985976568982879","0.30515821802395365","0.17365269461077848","0.7294045360146626","0.3010037628770814","0.05848365779711657","0.3607368419244847"
"0.33503315962616437","5","1","Virginia, Highland","-79.5612,38.358","0.4151063357122777","0.111111111111111","0.3889143319587726","0.056","0.0","0.7697111946822568","0.23223654181213205","0.281437125748503","0.8461955486466325","0.2854989371198352","0.23459942052267294","0.0"
"0.33360171240016107","4","8","Washington, Columbia","-117.9052,46.2944","0.0","0.0","0.46447984252639435","0.2372","0.5","0.9576955189784127","0.36137367913956203","0.24550898203592814","0.734905621980166","0.35225731509141855","0.14639874691631127","0.34040339666764197"
"0.33318827073528134","9","10","Utah, Morgan","-111.5728,41.0883","0.6851127245253148","0.280254777070064","0.44233046611728316","3.0E-4","0.5","0.4487874423273804","0.17562893959593381","0.24550898203592814","0.4061601502796258","0.041732403761978815","0.05149580022456776","0.0"
"0.3325915924103862","3","1","Massachusetts, Dukes","-70.6876,41.4067","0.32791690976914073","0.0459770114942529","0.5614792066087682","0.008","0.75","0.18489378053159447","0.5077040924051254","0.17964071856287425","0.6578350382684304","0.16168592324710004","0.043556115474476596","0.51963849972296"
"0.3316821469064442","3","8","Vermont, Orange","-72.3764,44.0047","0.22433281813541758","0.107142857142857","0.48928312651066225","0.3884","0.575","0.34377657673030565","0.22778695468697516","0.21556886227544908","0.6114115319998742","0.24676029684114337","0.14213702217736732","0.5829979823976061"
"0.33153972211110777","3","1","Idaho, Boise","-115.7309,43.9883","0.34445816524484935","0.0266666666666667","0.410503025718609","0.0401","0.32499999999999996","0.771056031651189","0.29029030444235415","0.17365269461077848","0.6945753055071017","0.28513122153280585","0.27945919648055273","0.0"
"0.33106798949894894","9","1","Colorado, San Miguel","-108.4021,38.0045","0.4773827882935257","0.06","0.440959420389602","0.2677","0.32499999999999996","0.8662658896035598","0.3287369808153869","0.09580838323353291","0.4437744133187831","0.06337122884869059","0.08327658179349237","0.0"
"0.3309519432000461","5","10","Nebraska, Sioux","-103.7577,42.4893","0.7035311526215736","0.416666666666667","0.2474372718640329","0.0325","0.0","0.603814206971114","0.22625503882354586","0.047904191616766456","0.6510586369018438","0.21453009342428947","0.14623863551171645","0.0"
"0.3295726448646953","4","8","Colorado, Rio Blanco","-108.2179,39.9791","0.0","0.0","0.4337859229619694","0.6549","0.5","0.8662658896035598","0.41273562895643656","0.16167664670658685","0.49908933331939354","0.17656943476336734","0.23771953399103352","0.3538313410126877"
"0.32748139424242045","5","10","North Dakota, Burke","-102.5182,48.7909","0.6905378743784133","0.177777777777778","0.3255062884589684","0.0707","0.5","0.10985976568982879","0.30220334600706916","0.1317365269461078","0.5215324091055006","0.27181004539618714","0.04493547159167088","0.0"
"0.3269856249370204","3","1","New York, Lewis","-75.449,43.7844","0.3022817108991094","0.0892857142857143","0.48696342065573955","0.1875","0.32499999999999996","0.30357014148943134","0.21276760068560957","0.23952095808383234","0.5648909983668218","0.36180212208657947","0.33241113847323245","0.5450935949617551"
"0.32564423276548826","4","8","Pennsylvania, Cameron","-78.2038,41.4363","0.0","0.0","0.5149054630249955","0.475","0.5","0.7607330979588356","0.2650110865788784","0.3532934131736527","0.7195778173951984","0.28461430623254036","0.19741772520450232","0.0"
"0.32538099875383647","5","1","Massachusetts, Nantucket","-70.0877,41.2942","0.4878948185347218","0.0656934306569343","0.45177022560715896","0.0716","0.5","0.18489378053159447","0.48299101036921477","0.17964071856287425","0.4939129750014257","0.16946794431184972","0.029964328583967238","0.5008754795791986"
"0.3247884758943237","3","1","New York, Hamilton","-74.4972,43.6615","0.32508712929979844","0.0625","0.38658537384755315","0.2028","0.5","0.30357014148943134","0.24104011772621767","0.21556886227544908","0.7548404166639682","0.25324436136514583","0.3582388520617856","0.0"
"0.3242560109479708","5","10","North Dakota, Billings","-103.3763,47.0237","0.8601427260783167","0.419354838709677","0.3218561833976863","0.1675","0.0","0.10985976568982879","0.1441430299819674","0.11377245508982038","0.5334405085950897","0.2247398496168692","0.07785410992774278","0.0"
"0.32419669419632074","5","1","Montana, Golden Valley","-109.1769,46.3816","0.5423380649454462","0.166666666666667","0.3572681174722482","0.0054","0.0","0.6163905315403087","0.35678533247145433","0.10778443113772454","0.7021046890169179","0.23752282481507875","0.23002425530332696","0.0"
"0.32350369515302796","4","8","Colorado, Gunnison","-107.0321,38.6661","0.14948834489209126","0.00336700336700337","0.4579229788784929","0.5326","0.32499999999999996","0.8662658896035598","0.4020083398974777","0.07185628742514971","0.4407808887294848","0.07645151942117986","0.2335464639783857","0.5239189151307789"
"0.3233755182348809","8","7","Alaska, Denali","-150.0076,63.6726","0.6758238895845284","0.411764705882353","0.2524559238604613","0.5536","0.0","0.0","0.5821624932083521","0.0","0.24332052342685195","0.23266538219862049","0.28254757833922817","0.0"
"0.3210733904080296","5","1","Idaho, Camas","-114.8066,43.4667","0.502168082178654","0.0263157894736842","0.3214390453764684","0.0127","0.0","0.771056031651189","0.3109726255718816","0.14371257485029942","0.6790442329554586","0.22125255794678164","0.28466221156481525","0.0"
"0.31863189636205","5","10","North Dakota, Griggs","-98.2385,47.4579","0.6653938523490708","0.102941176470588","0.3858895872141798","0.135","0.0","0.10985976568982879","0.2534231114373055","0.14371257485029942","0.7561322439804544","0.29834386017114073","0.03200750513125562","0.3071496738863809"
"0.3185186713605921","5","1","Colorado, Mineral","-106.9282,37.6695","0.5504106265287867","0.0476190476190476","0.3512699838889453","0.0216","0.0","0.8662658896035598","0.24098890334568215","0.047904191616766456","0.774990827094404","0.17497353880349228","0.10365396752306082","0.0"
"0.3170828645597212","4","8","Missouri, Mercer","-93.5683,40.4221","0.0","0.0","0.4571209381955022","0.4374","0.5","0.6898109656793697","0.2148565118832024","0.3652694610778443","0.6317620454190964","0.3118679609758435","0.3554479237656556","0.0"
"0.3160432710328727","3","8","Vermont, Franklin","-72.9125,44.8563","0.15541159764964219","0.0227272727272727","0.5432462871685193","0.2598","0.675","0.34377657673030565","0.31676754666749274","0.2035928143712575","0.5092312328105775","0.3344121949751127","0.10395069440752179","0.5217418205847593"
"0.3155501882539921","2","8","Nevada, Esmeralda","-117.632,37.7844","0.0","0.0","0.3376306794722951","0.937","0.0","0.5897697212390978","0.660092489264788","0.1317365269461078","0.736268299211825","0.28713518731716087","0.26474444972362615","0.0"
"0.3141419845774816","3","1","Utah, Rich","-111.2445,41.6314","0.40104146096814264","0.05","0.3570852857864996","0.1474","0.5","0.4487874423273804","0.20820795189526667","0.14970059880239522","0.5938927650957907","0.20877204780003414","0.28532506309079686","0.0"
"0.31239083476314894","5","1","Nebraska, Logan","-100.4818,41.5665","0.5549889039025033","0.125","0.313748468656916","0.1009","0.0","0.603814206971114","0.15895795887983283","0.16766467065868262","0.6075890184122873","0.3445613337400763","0.15767751746419384","0.0"
"0.31189344594794205","1","8","Texas, Reagan","-101.5233,31.3661","0.0","0.0","0.44428341302095975","0.0659","0.5","0.8066953714640763","0.45296107168821026","0.251497005988024","0.3335641371157166","0.2353795215940718","0.5646926981327158","0.4873897106910022"
"0.3072952204360814","3","8","Vermont, Lamoille","-72.6436,44.6035","0.24197403190864952","0.0483870967741935","0.5520160131204341","0.4279","0.32499999999999996","0.34377657673030565","0.2666589312986825","0.14371257485029942","0.5380992168517501","0.18243522578403737","0.14938176045274953","0.5661626564080767"
"0.3041437887023495","3","1","New Mexico, Los Alamos","-106.3135,35.8663","0.2783100696794202","0.0789473684210526","0.6354353160618655","0.057","0.32499999999999996","0.5871956657568004","0.41258645065964605","0.11976047904191617","0.5648909983668218","0.12440965863300786","0.013468130503148273","0.4536036026941703"
"0.3033331878463459","4","8","Vermont, Caledonia","-72.1031,44.4655","0.07662156366462909","0.0285714285714286","0.538681667246265","0.5791","0.32499999999999996","0.34377657673030565","0.26470672551546576","0.17365269461077848","0.6056629582719985","0.29042204106708075","0.17061226625339676","0.5884205898734917"
"0.30264372417543817","1","8","New Mexico, De Baca","-104.4118,34.3427","0.0","0.0","0.40509235367981494","0.2668","0.5","0.5871956657568004","0.3301274510517601","0.17365269461077848","0.6353456481032828","0.5161619385752194","0.36867080041532074","0.0"
"0.2996660304482561","4","8","Hawaii, Kauai","-159.5967,22.0394","0.05410728053008692","0.0327868852459016","0.6109794820847115","0.397","0.5","0.7390039174355363","0.2367551909675368","0.0","0.595880459448231","0.18243837093030849","0.10042800128040678","0.46335662901660674"
"0.29954614195220586","5","1","Montana, Garfield","-107.0002,47.2755","0.4869282951137131","0.0526315789473684","0.2978391378292397","0.1054","0.0","0.6163905315403087","0.2112133989657295","0.1317365269461078","0.6151952376728468","0.2859949883024188","0.13597345977854972","0.2018939322188115"
"0.2955660346718186","1","8","Texas, Kenedy","-97.6641,26.926","0.0","0.0","0.37822574117860613","0.2162","0.0","0.8066953714640763","0.46431610795831596","0.3233532934131737","0.6694051144412375","0.25796354895979406","0.5784162559825287","0.0"
"0.2942324300297547","1","8","Texas, Loving","-103.5819,31.8495","0.0","0.0","0.23072374846485094","0.5721","0.0","0.8066953714640763","0.4584601925288221","0.21556886227544908","0.6945753055071017","0.23334600527616894","0.46643588985546497","0.0"
"0.2900293133142092","8","8","Alaska, Sitka City and Borough","-135.3207,57.2412","0.2387393924221031","0.0181818181818182","0.29023497452933467","0.9417","0.07500000000000001","0.0","0.6104900350612611","0.0","0.49908933331939354","0.23289575025428225","0.20066851961503984","0.33869682700427417"
"0.28871023592104783","1","8","Colorado, Cheyenne","-102.6033,38.8278","0.0","0.0","0.3943843791344736","0.0624","0.5","0.8662658896035598","0.36825636777995274","0.16766467065868262","0.42856039038869453","0.2529457797370472","0.3951646355812353","0.34647167225890424"
"0.28858035854705244","1","8","Texas, McMullen","-98.5677,28.3525","0.0","0.0","0.43325297798360224","0.3091","0.0","0.8066953714640763","0.3987593662486636","0.32934131736526945","0.6317620454190964","0.2555430815359457","0.4428003218215011","0.0"
"0.28438357668134207","5","10","North Dakota, Steele","-97.7273,47.4561","0.6136623732582527","0.117647058823529","0.3474274460824099","0.0105","0.0","0.10985976568982879","0.30321080969177494","0.155688622754491","0.6774549264631455","0.32453606461222667","0.03313761066550269","0.0"
"0.282941795618418","2","8","Alaska, Aleutians East","-161.9722,55.3222","0.0","0.0","0.22398215296808283","0.9351","0.0","0.0","0.8541838182034478","0.0","0.31296818950411365","0.48951981130765804","0.7210184732469225","0.0"
"0.2829175447275624","1","8","Texas, Edwards","-100.3043,29.982","0.0","0.0","0.0","0.1812","0.5","0.8066953714640763","0.35595074099089086","0.25748502994011974","0.7403266893073597","0.2879348500116525","0.4068766273804309","0.0"
"0.2817131128152303","1","8","New Mexico, Catron","-108.4047,33.9151","0.0","0.0","0.2557595554238982","0.1732","0.5","0.5871956657568004","0.43408753255539784","0.0778443113772455","0.8630264583108628","0.27578939327733154","0.3545109934888433","0.0"
"0.2794405394124042","8","1","Alaska, Haines","-135.468,59.0989","0.40051784569766874","0.166666666666667","0.33117787777542873","0.482","0.0","0.0","0.52790074123524","0.0","0.6930510015104033","0.2138623589676324","0.16038681558884363","0.0"
"0.2760594233428509","1","8","Oregon, Sherman","-120.6828,45.415","0.0","0.0","0.43581019396148823","0.0923","0.5","0.7438233614458837","0.3398838775752192","0.22155688622754494","0.712396635537302","0.21516364250744338","0.18980819453075432","0.0"
"0.27508676621107797","5","10","North Dakota, Slope","-103.4602,46.4474","0.5525947533782232","0.0833333333333333","0.28948614232768166","0.0045","0.0","0.10985976568982879","0.4493061261443867","0.11976047904191617","0.734905621980166","0.2956563733676765","0.011956518974594245","0.0"
"0.27068400429143785","1","8","California, Sierra","-120.5201,39.5771","0.0","0.0","0.387654544801907","0.0882","0.5","0.6302607543856039","0.37614512724355553","0.22155688622754494","0.7587025424966539","0.15302558656375617","0.1441518582793644","0.24770550728917495"
"0.24884726896404205","1","8","Washington, Garfield","-117.5454,46.432","0.0","0.0","0.45237661612742014","0.0201","0.0","0.9576955189784127","0.09535280114497434","0.2694610778443114","0.6510586369018438","0.30443978338700656","0.26264192779944556","0.19492899973422317"
"0.24864069057442337","2","8","Alaska, Wrangell City and Borough","-132.0584,56.3202","0.0","0.0","0.2457163900097439","0.8052","0.0","0.0","0.5488007989934198","0.0","0.6561524538860896","0.49720967145161277","0.3549293178394263","0.0"
"0.24540809273722644","1","8","Nevada, Eureka","-116.2683,39.981","0.0","0.0","0.37833464145963996","0.1824","0.5","0.5897697212390978","0.4408801674796955","0.10179640718562875","0.5239446622367122","0.25087100571678256","0.09960455389777409","0.0"
"0.24400676207866134","2","8","Alaska, Yakutat City and Borough","-140.3601,59.891","0.0","0.0","0.16447092690359916","0.9612","0.0","0.0","0.7641929800973343","0.0","0.4377631248108773","0.3458654181841824","0.37659207598727396","0.0"
"0.23956385437483865","2","8","Utah, Daggett","-109.5121,40.888","0.0","0.0","0.28733132357491287","0.5578","0.0","0.4487874423273804","0.8385060756886434","0.08383233532934134","0.542700408721451","0.2146299280384452","0.020960666005308864","0.0"
"0.23924544639600248","2","8","Alaska, Aleutians West","-173.867,53.0246","0.0","0.0","0.2646048845211552","0.9955","0.25","0.0","0.7614430915475634","0.0","0.15759528411403123","0.32317577967875205","0.2382490400885288","0.0"
"0.23684289929253655","2","8","Alaska, Bristol Bay","-156.7011,58.7451","0.0","0.0","0.2787665606745943","0.887","0.0","0.0","0.6604063558860104","0.0","0.3453966168814669","0.46559823021059027","0.3233684775040449","0.0"
"0.23431756405603127","1","8","Colorado, Dolores","-108.5212,37.7521","0.0","0.0","0.4164653104597467","0.0446","0.0","0.8662658896035598","0.36249687575501194","0.08383233532934134","0.7109436441933698","0.25170508934735936","0.19266040601200154","0.0"
"0.23308025602740642","1","8","Colorado, San Juan","-107.6763,37.7625","0.0","0.0","0.31219549472252794","0.4645","0.0","0.8662658896035598","0.15572651008312957","0.059880239520958084","0.743007936898218","0.22026177591444768","0.0916653535997392","0.0"
"0.23186198327946286","1","8","Vermont, Essex","-71.7358,44.7274","0.0","0.0","0.42432331151523667","0.0207","0.32499999999999996","0.34377657673030565","0.2533547154194166","0.16766467065868262","0.6960934005090119","0.3496748079203812","0.317687308240251","0.0"
"0.23108696077263174","1","8","New Mexico, Harding","-103.8221,35.8575","0.0","0.0","0.24108519990500124","0.1837","0.0","0.5871956657568004","0.31430936130128917","0.11976047904191617","0.8610853507579601","0.2347540499605919","0.34669690293433825","0.0"
"0.22359339455381794","1","8","Vermont, Grand Isle","-73.2968,44.7976","0.0","0.0","0.48635322310371565","0.0067","0.5","0.34377657673030565","0.36657271289776955","0.2095808383233533","0.6075890184122873","0.22406947584743692","0.05027558660785581","0.0"
"0.21737241831375015","1","8","Colorado, Hinsdale","-107.3004,37.8225","0.0","0.0","0.3340084606439415","0.0395","0.0","0.8662658896035598","0.33758275362640383","0.047904191616766456","0.736268299211825","0.1904915518182033","0.16513408240117697","0.0"
"0.21235126512930116","1","8","Colorado, Jackson","-106.3409,40.6659","0.0","0.0","0.3540580506403684","0.0102","0.0","0.8662658896035598","0.1979680464184538","0.023952095808383228","0.6578350382684304","0.26746243993585467","0.2766492534412144","0.0"
"0.18611236917127738","1","8","Hawaii, Kalawao","-156.9584,21.1788","0.0","0.0","0.3231166874825335","0.4963","0.0","0.7390039174355363","0.0","0.0","0.5357771420024626","0.18571848506241376","0.04648838265802129","0.0"
"0.16773546097402126","1","8","Nebraska, Banner","-103.7114,41.5463","0.0","0.0","0.18131102647245068","0.001","0.0","0.603814206971114","0.2939509228603918","0.09580838323353291","0.6056629582719985","0.28384664925379266","0.03129911511198533","0.0"
