# Infection Rate: Transmissible Cases!25!0xcc3333!log10(x),,,,,x,,,,,,,,,,,,,,,,,,,,,,,,,,,,
# Infection Rate: Disease Spread!5!0xe64d4d!linear(x),,,,x,,,,,,,,,,,,,,,,,,,,,,,,,,,,,
# Pop Concentration: Pop Mobility!10!0x57b757!log10(x),,,,,,,,,,,,,,,,,,,,,,,,x,,,,,x,,,,
# Pop Concentration: Residential Density!10!0x5ced5c!linear(x),,,,,,,,,,,,,,,,,,,x,,,,,,,,,,,,,,
# Intervention: Social Distancing!10!0x4258c9!linear(x),,,,,,,,,,,,,,,,,,,,,,,,,,,,,,x,,,
# Intervention: Testing!10!0x6079f7!-log10(x),,,,,,,,,,,,,,,x,,,,,,,,,,,,,,,,,,
# Health & Environment: Pop Demographics!10!0x6b0b9e!log10(x),,,,,,,,,,,,,,,,,,,,,,,,,,,,,,,,x,x
# Health & Environment: Air Pollution!10!0x8e26c4!linear(x),,,,,,,,,,,,,,,,,,,,,,,,,,,x,,,,,,
# Health & Environment: Age Distribution!10!0x9a42c8!log10(x),,,,,,,,,,,,,,,,,,,,,,,x,,,,,,,,,,
# Health & Environment: Co-morbidities!10!0xb460e0!zscore(x),,,,,,,,,,,,,,,,,,,,,,,,,x,x,,x,,,x,,
# Health & Environment: Health Disparities!10!0xc885ec!uniform(x),,,,,,,,,,,,,,,,,x,,,,,x,,,,,,,,,,,
# Health & Environment: Hospital Beds!5!0xdeb9f1!-log10(x),,,,,,,,,,,,,,,,,,,,x,,,,,,,,,,,,,
"row","sid","casrn","name","Spread","Sick","PctCases","Cases","CountyCaseRate","StateCaseRate","PctDeaths","Deaths","PctDeaths2","CountyDeathRate","StateDeathRate","StatePctTested","StateTestRate","SVISocioeconomic","SVIMinority","SVIHousing","PctBeds","Mobility","PctNoIns","PctGE65","DaytimePopDensity","PrematureDeath","Smoking","AirPollution","Diabetes","Traffic","DistancingGrade","Obesity","PctBlack","PctNative"
1,"-86.6441,32.5395",1001,"Alabama, Autauga",0.166363636363636,9.87392313087894,0.05935145051348,3300,1.01346772663663,1.01310596223189,0.0124242424242424,41,0.000737396809409903,,1.00764660200222,0.352642080775045,1.00612252239349,0.3631,0.5947,0.3741,0.00152874948292297,1733.08,7.1,14.6,76,8128.5911903,0.1808155718,11.7,0.111,88.457040416,5,0.333,0.1934317728,0.0048020719
2,"-87.7221,30.7277",1003,"Alabama, Baldwin",0.183786785119378,9.10917246883342,0.0495638054875196,10806,1.01512658168997,1.01310596223189,0.0130483064963909,141,0.000646723725128657,1.00307703942843,1.00764660200222,0.352642080775045,1.00612252239349,0.2232,0.4358,0.3359,0.00152278210455826,1971.57,10.2,19.5,121,7354.1225298,0.174890326,10.3,0.107,86.997429882,5,0.31,0.0878397593,0.0077239912
3,"-85.3871,31.8683",1005,"Alabama, Barbour",0.0762578616352201,3.89855713194807,0.05112334713235,1272,1.0056277204867,1.01310596223189,0.0235849056603774,30,0.0012057393191592,1.00485482547268,1.00764660200222,0.352642080775045,1.00612252239349,0.978,0.8558,0.9889,0.00297415698725935,1080.54,11.2,18,27.5,10253.573403,0.2199998453,11.5,0.176,102.29176221,3.7,0.417,0.4803263534,0.0065913749
4,"-87.1251,32.9964",1007,"Alabama, Bibb",0.175572519083969,11.2946428571429,0.0643303571428571,1441,1.01560220839398,1.01310596223189,0.0277585010409438,40,0.00178571428571429,1.00735452613864,1.00764660200222,0.352642080775045,1.00612252239349,0.7694,0.4323,0.7189,0.0015625,1272.47,7.9,16.3,28.9,11977.539484,0.1911419989,11.2,0.145,29.335580011,4,0.376,0.2112053571,0.004375
5,"-86.5679,33.9821",1009,"Alabama, Blount",0.219809322033898,14.3499308437068,0.065283540802213,3776,1.01947956342584,1.01310596223189,0.0124470338983051,47,0.000812586445366528,1.00307703942843,1.00764660200222,0.352642080775045,1.00612252239349,0.6143,0.5915,0.1741,0.000691562932226833,1395.46,11,17.8,71.7,11335.071134,0.1920867197,11.7,0.17,33.411781963,4.3,0.338,0.014626556,0.0065352697
6,"-85.7127,32.1003",1011,"Alabama, Bullock",0.0384615384615385,2.76188597356481,0.071809035312685,728,1.00297865995825,1.01310596223189,0.0274725274725275,20,0.00197277569540343,1,1.00764660200222,0.352642080775045,1.00612252239349,0.9771,0.6749,0.765,0.00601696587098047,991.59,10.8,15.6,15.6,11679.558981,0.2289466401,11.2,0.237,4.0665381995,3,0.372,0.6954034326,0.0083842967
7,"-86.6806,31.753",1013,"Alabama, Butler",0.118045112781955,7.97764227642277,0.0675813008130081,1330,1.0105262413176,1.01310596223189,0.0330827067669173,44,0.00223577235772358,1.0066678482933,1.00764660200222,0.352642080775045,1.00612252239349,0.8455,0.6447,0.6259,0.00477642276422764,1042.91,10.2,19,25.1,14359.939103,0.2176533496,10.6,0.192,19.311067904,3.7,0.433,0.4455792683,0.0037601626
8,"-85.8263,33.7748",1015,"Alabama, Calhoun",0.185204146934596,12.6622154939314,0.0683689631334389,7813,1.01384609109162,1.01310596223189,0.0165109432996288,129,0.00112883607375062,1.00223468145885,1.00764660200222,0.352642080775045,1.00612252239349,0.7866,0.6507,0.6492,0.00483036831558406,1573.18,9.4,16.8,193.1,12078.616145,0.2061256037,11.8,0.175,109.89916308,5,0.385,0.2085021483,0.0053991617
9,"-85.3907,32.9136",1017,"Alabama, Chambers",0.119721808246398,7.16941841439833,0.0598839803659081,2013,1.00783328394727,1.01310596223189,0.0283159463487332,57,0.00169567157518965,1.00775379492937,1.00764660200222,0.352642080775045,1.00612252239349,0.6901,0.4597,0.7943,0.00342109177450543,1190.48,10.8,18.9,46.7,11112.536614,0.1939292705,11.4,0.199,20.271586909,4,0.401,0.3956567009,0.0030641083
10,"-85.6064,34.1781",1019,"Alabama, Cherokee",0.140350877192982,6.45359557467732,0.0459818684695759,1197,1.0130692684885,1.01310596223189,0.0200501253132832,24,0.000921942224953903,1,1.00764660200222,0.352642080775045,1.00612252239349,0.6879,0.2751,0.2741,0.00230485556238476,1292.06,8.3,21.7,37,12349.707594,0.1749867379,11.4,0.152,25.908887044,4,0.35,0.0424093423,0.0066072526
11,"-86.7173,32.8504",1021,"Alabama, Chilton",0.11660777385159,6.7266097433923,0.0576857744660612,2547,1.00907010168968,1.01310596223189,0.0180604632901453,46,0.0010418318121079,1.0031447782897,1.00764660200222,0.352642080775045,1.00612252239349,0.7685,0.6966,0.3636,0.000588861459017507,1342.57,14.2,15.8,54.2,10019.3128,0.2018897906,11.2,0.186,28.80120495,4.3,0.377,0.0996761262,0.0056621294
12,"-88.2656,32.0223",1023,"Alabama, Choctaw",0.0616740088105727,2.1805155361732,0.0353555019079511,454,1.00448466487749,1.01310596223189,0.0440528634361234,20,0.00155751109726657,1,1.00764660200222,0.352642080775045,1.00612252239349,0.9057,0.5896,0.5775,0.00194688887158321,1248.23,11.4,22.1,13.3,12479.822147,0.1879324829,10.1,0.174,17.189832601,3.7,0.413,0.415154583,0.0018690133
13,"-87.8355,31.681",1025,"Alabama, Clarke",0.221460068593827,18.8963210702341,0.0853260869565217,2041,1.0289860992228,1.01310596223189,0.0117589416952474,24,0.00100334448160535,1.01250777270301,1.00764660200222,0.352642080775045,1.00612252239349,0.9436,0.4763,0.7345,0.00355351170568562,1278.77,10.8,19,21.2,11144.037371,0.2057965532,10.4,0.224,66.287632266,4,0.341,0.4432692308,0.0052675585
14,"-85.8584,33.2698",1027,"Alabama, Clay",0.0827517447657029,6.25235404896422,0.0755555555555556,1003,1.00583084446128,1.01310596223189,0.0279162512462612,28,0.00210922787193974,1.00520889711624,1.00764660200222,0.352642080775045,1.00612252239349,0.8162,0.4247,0.1579,0.00338983050847458,1075.36,10.2,19.8,20.5,10461.83432,0.1962035415,10.6,0.135,37.230490328,3.7,0.406,0.1383050847,0.0054237288
15,"-85.5201,33.6768",1029,"Alabama, Cleburne",0.122448979591837,7.206245412691,0.0588510042036432,882,1.01029101290095,1.01310596223189,0.0170068027210884,15,0.00100086741842931,1.00990485606307,1.00764660200222,0.352642080775045,1.00612252239349,0.8694,0.3419,0.1,,1322.85,12.8,18.8,21.4,11087.984454,0.1837446577,11,0.125,41.333776458,3.7,0.373,0.0286915327,0.0049376126
16,"-85.989,31.3993",1031,"Alabama, Coffee",0.156110920917494,8.78460382592614,0.0562715521393207,2921,1.01362460275318,1.01310596223189,0.00855871276959945,25,0.000481612051859986,1.01198288474998,1.00764660200222,0.352642080775045,1.00612252239349,0.5373,0.7256,0.1923,0.00252364715174633,1638.25,10.1,16.3,70.3,8175.3623921,0.1744475759,10.9,0.161,58.321196812,5,0.342,0.1718777091,0.0141016009
17,"-87.8017,34.6985",1033,"Alabama, Colbert",0.181368722352329,12.7278039516453,0.0701763996932179,3843,1.01196489443739,1.01310596223189,0.0137913088732761,53,0.000967824403783646,1.01127330087083,1.00764660200222,0.352642080775045,1.00612252239349,0.6519,0.397,0.1025,0.00662868412402761,1335.96,8.1,19.3,92,10644.992124,0.1865882106,10.7,0.162,80.776854508,5,0.306,0.1599832,0.0066286841
18,"-86.9932,31.434",1035,"Alabama, Conecuh",0.119537275064267,7.57514050663843,0.0633705302598355,778,1.00756888595127,1.01310596223189,0.019280205655527,15,0.00122179685590942,1,1.00764660200222,0.352642080775045,1.00612252239349,0.9529,0.4397,0.213,0.00472428117618311,953.55,14.5,21.6,14.3,10822.452428,0.2110751296,10.3,0.259,34.495784039,3.7,0.43,0.4566262116,0.0051315468
19,"-86.2485,32.9369",1037,"Alabama, Coosa",0.200923787528868,8.11945870275315,0.040410639290714,433,1.01394318571594,1.01310596223189,0.0092378752886836,4,0.000373308446103593,1,1.00764660200222,0.352642080775045,1.00612252239349,0.693,0.5314,0.2913,,1034.43,7.8,21.8,12.3,12691.204176,0.2039996562,11,0.208,24.292868849,3,0.403,0.3047130191,0.0059729351
20,"-86.4505,31.2478",1039,"Alabama, Covington",0.127524752475248,8.70599686367815,0.0682690747850538,2525,1.00909123473049,1.01310596223189,0.015049504950495,38,0.00102741577894338,1,1.00764660200222,0.352642080775045,1.00612252239349,0.8232,0.3941,0.4702,0.00505596712269507,1423.12,11.2,20.5,34.6,11418.122816,0.1924945154,10.5,0.153,42.463348946,4,0.317,0.1244254583,0.0069215379
21,"-86.3159,31.7294",1041,"Alabama, Crenshaw",0.0848329048843188,4.77430555555556,0.0562789351851852,778,1.0062109665291,1.01310596223189,0.0411311053984576,32,0.00231481481481481,1.00454582940699,1.00764660200222,0.352642080775045,1.00612252239349,0.7271,0.6979,0.2353,0.00470196759259259,1335.68,10,18.3,20.2,9944.64447,0.1864692956,10.7,0.182,57.646953199,4,0.38,0.2322048611,0.0062934028
22,"-86.8689,34.1302",1043,"Alabama, Cullman",0.215087719298246,14.6928405359411,0.0683109225569857,5700,1.01796643979003,1.01310596223189,0.0103508771929825,59,0.000707077970326694,1.01273084121353,1.00764660200222,0.352642080775045,1.00612252239349,0.6895,0.3305,0.3945,0.00173773399487069,1356.57,11.8,18,106.9,10182.18218,0.1790107122,11.6,0.193,51.370290123,5,0.369,0.0120562786,0.0064595767
23,"-85.611,31.4304",1045,"Alabama, Dale",0.152873147813516,8.64041179834954,0.0565201405343574,2767,1.01298866135972,1.01310596223189,0.0213227322009396,59,0.00120516382057358,1,1.00764660200222,0.352642080775045,1.00612252239349,0.779,0.6772,0.455,0.00181795898357709,1442.93,11.4,16.1,98.3,10467.436009,0.2005739493,11,0.158,41.485754492,4.3,0.372,0.2045101724,0.0080071901
24,"-87.1087,32.3269",1047,"Alabama, Dallas",0.0903614457831325,5.87314017227878,0.0649960845732185,2490,1.00623406012274,1.01310596223189,0.0136546184738956,34,0.000887496737144349,1.00427381583427,1.00764660200222,0.352642080775045,1.00612252239349,0.9669,0.5345,0.8392,0.00456799791177238,1106.3,12,16.8,41.5,14717.166071,0.2408899101,11.1,0.159,60.708334698,3.7,0.431,0.7005742626,0.0028974158
25,"-85.8078,34.4595",1049,"Alabama, DeKalb",0.160610215975317,13.1260068641872,0.0817258527701898,5834,1.01288247983377,1.01310596223189,0.00839904010970175,49,0.000686418715416404,1.01549462510681,1.00764660200222,0.352642080775045,1.00612252239349,0.8035,0.7625,0.4779,0.00187714505848568,1347.91,14.5,16.3,88.2,10747.783715,0.2102827079,11.3,0.128,53.003998974,4.3,0.292,0.0144848357,0.020298382
26,"-86.1442,32.5979",1051,"Alabama, Elmore",0.174430328695301,10.563337281864,0.0605590630991488,4959,1.0145526930697,1.01310596223189,0.014519056261343,72,0.000879260444270763,1.00403251981126,1.00764660200222,0.352642080775045,1.00612252239349,0.4911,0.581,0.5177,0.0016852491848523,2011.01,8.2,14.5,99.6,8762.5525693,0.1745250185,11.9,0.158,57.061953869,5,0.343,0.2121460061,0.005190079
27,"-87.1592,31.1257",1053,"Alabama, Escambia",0.122015915119363,7.51061282246653,0.061554370305867,2262,1.01074132637045,1.01310596223189,0.0141467727674624,32,0.000870795689561337,1,1.00764660200222,0.352642080775045,1.00612252239349,0.9557,0.6027,0.5839,0.00386415587242843,1195.3,15.5,17.3,37.6,12227.375778,0.2241258458,10.2,0.188,35.83380504,4,0.394,0.3140306955,0.0387231958
28,"-86.0405,34.0457",1055,"Alabama, Etowah",0.203836028582174,15.8632598706354,0.077823630988966,7977,1.01434584916771,1.01310596223189,0.0100288328945719,80,0.000780480190437166,1.01925902092718,1.00764660200222,0.352642080775045,1.00612252239349,0.7169,0.6396,0.2904,0.00611701349255129,1466.59,10.4,18.3,179.8,11905.222386,0.201473986,11.5,0.157,140.04365706,5,0.355,0.1548375138,0.0060877455
29,"-87.7389,33.7208",1057,"Alabama, Fayette",0.210616438356164,14.9698776851457,0.0710764924237814,1168,1.01382049278107,1.01310596223189,0.0136986301369863,16,0.000973650581147691,1,1.00764660200222,0.352642080775045,1.00612252239349,0.8306,0.2216,0.5454,0.00371204284062557,1146.87,8.8,20.5,23.4,9720.775126,0.1800159326,10.6,0.233,34.075608096,4,0.41,0.1185419583,0.0046856934
30,"-87.8429,34.4424",1059,"Alabama, Franklin",0.112739965095986,10.2987596849791,0.0913496795587157,2865,1.00883037002064,1.01310596223189,0.0118673647469459,34,0.00108407996683991,1,1.00764660200222,0.352642080775045,1.00612252239349,0.8713,0.8185,0.5275,0.00398558811338201,1343.97,12.8,16.2,47.1,10155.227272,0.1925058304,10.5,0.148,40.926371899,4,0.343,0.0388355706,0.0154640819
31,"-85.8357,31.0939",1061,"Alabama, Geneva",0.122072391767211,6.53644447822452,0.053545641103595,1409,1.0098025042948,1.01310596223189,0.0113555713271824,16,0.000608041346811583,1.05498614657627,1.00764660200222,0.352642080775045,1.00612252239349,0.9376,0.4626,0.2716,0.00315421448658509,1160.77,13.7,19.4,39,11145.173201,0.2000360328,10.6,0.169,44.822864237,4,0.387,0.0931443338,0.0102606977
32,"-87.9568,32.855",1063,"Alabama, Greene",0.217948717948718,14.4540264788048,0.0663184744321633,546,1.02071500764641,1.01310596223189,0.0366300366300366,20,0.00242924814769829,1.01516534655549,1.00764660200222,0.352642080775045,1.00612252239349,0.9959,0.5043,0.9554,0.00242924814769829,859.79,11.4,20.4,12.6,11618.619777,0.2463281871,10.5,0.145,35.065799685,3,0.355,0.796064618,0.003279485
33,"-87.6328,32.7604",1065,"Alabama, Hale",0.136925795053004,10.5256009778623,0.0768708406899362,1132,1.01386246407647,1.01310596223189,0.0291519434628975,33,0.00224093440173842,1.0044056276055,1.00764660200222,0.352642080775045,1.00612252239349,0.9334,0.5116,0.9347,0.00264837702023632,1084.49,8.8,18.3,18.9,12327.018415,0.2207729134,10.8,0.178,42.621492226,3,0.404,0.5780252614,0.0025125628
34,"-85.2427,31.5115",1067,"Alabama, Henry",0.123356926188069,7.08931373118717,0.0574699285257714,989,1.0096030438731,1.01310596223189,0.00808897876643074,8,0.000464873031553257,1.01925902092718,1.00764660200222,0.352642080775045,1.00612252239349,0.6971,0.4725,0.2713,,1316.76,11.4,21.6,26.3,9242.4857316,0.1842984544,10.9,0.166,29.318003398,3.3,0.363,0.2582950782,0.004939276
35,"-85.2994,31.152",1069,"Alabama, Houston",0.121906961398878,7.05677890032658,0.0578865949848169,6062,1.00949413494515,1.01310596223189,0.00857802705377763,52,0.000496552777830828,1.02752098046809,1.00764660200222,0.352642080775045,1.00612252239349,0.6943,0.5938,0.3502,0.00625465518229216,1650.72,10.4,16.9,194.1,9647.1905115,0.1924978278,10.7,0.135,139.95730138,5,0.381,0.2691984492,0.005404786
36,"-85.9975,34.7814",1071,"Alabama, Jackson",0.249942673698693,21.0685016236277,0.0842933353950827,4361,1.01623770779325,1.01310596223189,0.00596193533593213,26,0.000502551414875522,1.01766889775789,1.00764660200222,0.352642080775045,1.00612252239349,0.7927,0.3126,0.3231,0.00328591309726303,1272.14,9.6,19.1,45.2,11088.146204,0.1995892088,11,0.165,29.91325272,4,0.387,0.0341348384,0.0168161435
37,"-86.8951,33.5555",1073,"Alabama, Jefferson",0.196295659436488,12.1204307598969,0.0617457909904444,40709,1.01581258846949,1.01310596223189,0.0137070426686973,558,0.000846352191718489,1.01012666696817,1.00764660200222,0.352642080775045,1.00612252239349,0.5185,0.8099,0.6211,0.0063385408766874,1969.26,9.5,15,664.2,10969.508203,0.1762204526,13.4,0.129,419.07184692,5,0.346,0.4312604277,0.0028697103
38,"-88.0967,33.78",1075,"Alabama, Lamar",0.201169590643275,12.4241548685351,0.0617596070499856,855,1.017927912561,1.01310596223189,0.0105263157894737,9,0.000650101126841953,1.01696850489722,1.00764660200222,0.352642080775045,1.00612252239349,0.8726,0.2034,0.3251,,1229.93,9.4,21.1,22.2,11927.627344,0.20430552,10.3,0.188,28.620642691,4,0.357,0.1039439468,0.0028893383
39,"-87.6562,34.9017",1077,"Alabama, Lauderdale",0.186096888538795,10.2287118317512,0.0549644430493468,5078,1.01340692314617,1.01310596223189,0.0120126033871603,61,0.000660266054747962,1.00973603209634,1.00764660200222,0.352642080775045,1.00612252239349,0.4946,0.4464,0.5622,0.00387500405901263,1567.36,9.1,19.3,123.9,9035.0572587,0.166560043,11,0.138,108.45939758,5,0.325,0.0989316679,0.004513622
40,"-87.3107,34.5204",1079,"Alabama, Lawrence",0.182334384858044,8.76900203295203,0.0480929696270898,1585,1.01562366085528,1.01310596223189,0.0233438485804416,37,0.00112267500075856,1.00392180941666,1.00764660200222,0.352642080775045,1.00612252239349,0.7373,0.3725,0.2028,0.00297357162363079,1275.62,8.2,17.4,39.2,11825.56396,0.2018764616,11.3,0.193,30.072634505,4,0.326,0.1083229663,0.0580453318
41,"-85.3513,32.6015",1081,"Alabama, Lee",0.109675205855444,5.84966542841632,0.0533362612159252,8744,1.00972937566904,1.01310596223189,0.00834858188472095,73,0.000445282144186018,1.00808291126667,1.00764660200222,0.352642080775045,1.00612252239349,0.5465,0.7189,0.9214,0.00191532319553986,1764.36,7.9,11.1,239.6,6973.4502895,0.1756014041,12.1,0.09,120.03427766,5,0.299,0.2277709664,0.0037269505
42,"-86.9831,34.8119",1083,"Alabama, Limestone",0.190592662276576,10.5329922848171,0.0552644165782852,5315,1.01636857090796,1.01310596223189,0.00921919096895579,49,0.000509493210223137,1.00294995503671,1.00764660200222,0.352642080775045,1.00612252239349,0.5812,0.6186,0.4521,0.000738245263792709,1932.38,9.6,14.7,129.5,7722.2085509,0.1817335659,11.8,0.138,49.284102759,5,0.339,0.1349325181,0.0082662674
43,"-86.6516,32.1597",1085,"Alabama, Lowndes",0.0687645687645688,5.91537998796872,0.0860236615199519,858,1.00354627735752,1.01310596223189,0.034965034965035,30,0.00300782033286545,1,1.00764660200222,0.352642080775045,1.00612252239349,0.9732,0.539,0.4954,,1065.48,9.2,17.9,14,15840.441782,0.2261591119,10.9,0.139,11.478990359,3,0.469,0.7193703629,0.0037096451
44,"-85.6927,32.3876",1087,"Alabama, Macon",0.116251482799526,5.31482184500244,0.0457183144422149,843,1.01097288070669,1.01310596223189,0.0284697508896797,24,0.0013015890232659,1.01250777270301,1.00764660200222,0.352642080775045,1.00612252239349,0.9494,0.5053,0.915,0.00775530126362601,1041.16,8.1,18.6,32.2,12688.780867,0.2141469639,11.7,0.23,14.698931079,3.7,0.496,0.8004772493,0.0026574109
45,"-86.5507,34.7633",1089,"Alabama, Madison",0.211685261303582,9.83577931839823,0.0464641669326829,17030,1.01742786959102,1.01310596223189,0.00951262477980035,162,0.000441996185736619,1.0017762213297,1.00764660200222,0.352642080775045,1.00612252239349,0.2863,0.7217,0.3836,0.00296846821037927,2229.86,8.9,14.3,501.8,8270.3059858,0.168201727,11.6,0.135,199.0231982,5,0.329,0.2443693233,0.0080978067
46,"-87.788,32.2477",1091,"Alabama, Marengo",0.1683638832315,13.0074478128606,0.0772579460820308,1473,1.01667296033212,1.01310596223189,0.0169721656483367,25,0.00131123465855449,1.00584875104734,1.00764660200222,0.352642080775045,1.00612252239349,0.8643,0.496,0.4088,0.0051924892478758,1265.19,9.6,18.9,20.7,12171.584832,0.2135600035,10.6,0.176,81.482563457,3.7,0.422,0.5107521242,0.0024126718
47,"-87.887,34.137",1093,"Alabama, Marion",0.160926365795724,9.10526492625071,0.0565803178443033,1684,1.01313399611363,1.01310596223189,0.0237529691211401,40,0.00134395054262003,1.01516534655549,1.00764660200222,0.352642080775045,1.00612252239349,0.778,0.3002,0.4209,0.0040318516278601,1335.22,10.5,20.8,39.6,11106.407394,0.1906020361,10.5,0.204,56.105226118,4.3,0.368,0.0378322078,0.0042334442
48,"-86.3049,34.3698",1095,"Alabama, Marshall",0.191257531085758,15.5240404124484,0.0811682568750065,7801,1.01287069886713,1.01310596223189,0.00833226509421869,65,0.000676315433518193,1.01641095570427,1.00764660200222,0.352642080775045,1.00612252239349,0.7427,0.7708,0.3149,0.00249716467760564,1453.99,13.1,16.8,155.3,10062.94593,0.2101785348,11.8,0.118,64.654921157,5,0.344,0.02403521,0.0112164313
49,"-88.2084,30.7847",1097,"Alabama, Mobile",0.102169696422933,5.4742276263604,0.0535797581672334,22169,1.00867024390253,1.01310596223189,0.0175470251251748,389,0.000940165362761234,1.0037273778212,1.00764660200222,0.352642080775045,1.00612252239349,0.6815,0.6845,0.723,0.00409660742899818,1640.17,11.6,15.3,346.7,10464.359728,0.1936996915,10.8,0.14,252.62364518,5,0.363,0.3574561881,0.0093895692
50,"-87.37,31.5673",1099,"Alabama, Monroe",0.143167028199566,6.26572364361323,0.0437651302985712,922,1.01083596763257,1.01310596223189,0.0108459869848156,10,0.000474676033607063,,1.00764660200222,0.352642080775045,1.00612252239349,0.9551,0.469,0.3728,0.00446195471590639,1026.37,13.4,18.9,23.1,12611.65879,0.2325753896,10.4,0.184,32.166072774,3.7,0.418,0.409645417,0.0134333318
51,"-86.2097,32.2207",1101,"Alabama, Montgomery",0.101792062685917,6.21448155809411,0.0610507479082046,13783,1.00835699039867,1.01310596223189,0.0188638177464993,260,0.00115165018182785,1.00735452613864,1.00764660200222,0.352642080775045,1.00612252239349,0.6984,0.8656,0.7463,0.00419909373989538,1649.33,10.5,14.2,337.5,9820.7757858,0.1968315291,11.9,0.139,359.06387109,5,0.377,0.5854546582,0.0033663621
52,"-86.8548,34.455",1103,"Alabama, Morgan",0.205016486104569,14.6193183249502,0.0713080133345649,8492,1.01598009420843,1.01310596223189,0.00753650494583137,64,0.000537413195173358,1.01416221482281,1.00764660200222,0.352642080775045,1.00612252239349,0.5838,0.7504,0.5775,0.00337562663218265,1668.44,10.2,16.7,198.6,9540.7807595,0.1885570615,11.6,0.127,123.4341194,5,0.324,0.1265943958,0.0110085734
53,"-87.2977,32.6405",1105,"Alabama, Perry",0.0751677852348993,6.12691466083151,0.0815098468271335,745,1.00750711709323,1.01310596223189,0.0120805369127517,9,0.000984682713347921,1.03655432261531,1.00764660200222,0.352642080775045,1.00612252239349,0.9879,0.6237,0.994,,943,12.7,18.6,13.6,14264.365984,0.2600308857,10.7,0.158,23.589110522,3,0.434,0.675273523,0.0026258206
54,"-88.0882,33.2809",1107,"Alabama, Pickens",0.121640735502122,8.6267429029993,0.0709198515397733,1414,1.01064309218431,1.01310596223189,0.016973125884017,24,0.00120373156786037,1.01925902092718,1.00764660200222,0.352642080775045,1.00612252239349,0.9156,0.8446,0.8163,0.00280870699167419,1031.71,8.5,18.4,18.8,9794.3919139,0.2119912304,10.5,0.15,32.215524233,3,0.349,0.398234527,0.0024074631
55,"-85.9408,31.804",1109,"Alabama, Pike",0.0834772596430628,4.34939108524807,0.052102705621213,1737,1.00623885063837,1.01310596223189,0.00921128382268279,16,0.000479932809406683,1.00926242190831,1.00764660200222,0.352642080775045,1.00612252239349,0.9143,0.8214,0.9233,0.00290959265702802,1249.01,9.6,14.6,53.4,10402.613289,0.2060465618,11,0.123,66.972580396,4.3,0.362,0.3731477593,0.0070790089
56,"-85.4571,33.2953",1111,"Alabama, Randolph",0.0797872340425532,3.96039603960396,0.0496369636963696,1128,1.00543542311089,1.01310596223189,0.024822695035461,28,0.00123212321232123,1.03505205734318,1.00764660200222,0.352642080775045,1.00612252239349,0.7252,0.4266,0.8157,0.00066006600660066,1180.09,10.5,20,35.6,10407.063254,0.1899835753,11,0.165,35.992721849,4,0.374,0.1936193619,0.0047084708
57,"-85.1842,32.2873",1113,"Alabama, Russell",0.0941940722695899,4.01516069296135,0.0426264689084647,2463,1.0061822199113,1.01310596223189,0.00243605359317905,6,0.000103840362749001,1.10408951367381,1.00764660200222,0.352642080775045,1.00612252239349,0.8433,0.7937,0.7768,0.00121147089873834,1243.18,13.4,13.4,72.9,11234.374839,0.2179131984,12.1,0.19,222.45746313,4.3,0.451,0.4475692702,0.006213115
58,"-86.3103,33.719",1115,"Alabama, St. Clair",0.190838243679909,11.320329236667,0.0593189762092682,5261,1.01415556776065,1.01310596223189,0.0117848317810302,62,0.00069906415604916,1.01208430616964,1.00764660200222,0.352642080775045,1.00612252239349,0.5475,0.3961,0.2502,0.000451009132934942,1571.7,8.8,15.9,109.3,9942.7580256,0.1833530128,12,0.138,49.022614257,5,0.366,0.0932574135,0.0035967978
59,"-86.6623,33.2688",1117,"Alabama, Shelby",0.176308539944904,10.3844566935704,0.0588993403088449,12705,1.01375901879472,1.01310596223189,0.00684769775678867,87,0.000403324880509209,1.01387542037134,1.00764660200222,0.352642080775045,1.00612252239349,0.0841,0.6877,0.1764,0.00116825137802667,2567.28,6.8,14.3,241.1,6106.0160751,0.1556115747,12,0.105,113.39836904,5,0.35,0.1289109765,0.0039451664
60,"-88.1992,32.5912",1119,"Alabama, Sumter",0.123123123123123,6.46127176739422,0.0524781341107872,666,1.01050975755421,1.01310596223189,0.033033033033033,22,0.00173351193759357,1,1.00764660200222,0.352642080775045,1.00612252239349,0.9561,0.6724,0.9866,0.00260026790639036,915.63,15.5,16.9,14.8,13159.071054,0.2249191497,10.4,0.205,13.287572653,3.7,0.428,0.7141281223,0.001339532
61,"-86.1689,33.3782",1121,"Alabama, Talladega",0.184544405997693,10.0215463245979,0.0543042541464148,4335,1.0135953263473,1.01310596223189,0.0145328719723183,63,0.000789196773062083,1.0069943706001,1.00764660200222,0.352642080775045,1.00612252239349,0.8729,0.5883,0.7985,0.003570175878138,1274.27,9.3,17.1,104.8,12063.089161,0.2315986226,11.5,0.163,69.264346917,5,0.388,0.3256752017,0.0040837801
62,"-85.7983,32.867",1123,"Alabama, Tallapoosa",0.138686131386861,7.03755833765464,0.0507444995925624,2055,1.00870703777727,1.01310596223189,0.0452554744525547,93,0.00229646640491888,1.00154560981181,1.00764660200222,0.352642080775045,1.00612252239349,0.8771,0.4215,0.8685,0.00313603476800751,1370.92,8.1,20.4,53.3,10543.51064,0.1818006718,11.4,0.159,44.024045928,4,0.36,0.2677976146,0.0042719214
63,"-87.5256,33.2873",1125,"Alabama, Tuscaloosa",0.151228002320634,11.2296623921191,0.0742565015724399,15513,1.01289743899065,1.01310596223189,0.0124411783665313,193,0.000923838380937337,1.01243965916174,1.00764660200222,0.352642080775045,1.00612252239349,0.6,0.7087,0.809,0.00376715443418489,1769.44,7.5,12.5,161.8,8773.6407491,0.178726324,11.3,0.119,229.95362607,5,0.346,0.3184466112,0.0033459224
64,"-87.3003,33.8027",1127,"Alabama, Walker",0.166139240506329,11.5364693694966,0.0694385584906845,4424,1.01511436396425,1.01310596223189,0.0255424954792043,113,0.00177363406633077,1.00127065623146,1.00764660200222,0.352642080775045,1.00612252239349,0.8685,0.3862,0.4492,0.00419079907708245,1419.87,11,18.6,78,15205.873711,0.2268098456,11.6,0.142,27.610995776,5,0.396,0.0606331717,0.0055720362
65,"-88.2069,31.4093",1129,"Alabama, Washington",0.107212475633528,6.7163267798266,0.0626450116009281,1026,1.01075138388637,1.01310596223189,0.0224171539961014,23,0.00140432287214556,1.00637045739233,1.00764660200222,0.352642080775045,1.00612252239349,0.8777,0.5708,0.2566,0.00152643790450604,1383.19,9.6,18.3,16.2,12133.238991,0.2079009208,10.1,0.166,15.062123163,3,0.329,0.2333007693,0.0785810233
66,"-87.3089,31.9877",1131,"Alabama, Wilcox",0.179717586649551,13.1739907782065,0.0733038486873059,779,1.023080745304,1.01310596223189,0.024390243902439,19,0.00178789874847088,1.00775379492937,1.00764660200222,0.352642080775045,1.00612252239349,0.9882,0.7708,0.6176,0.00282299802390138,874.3,11.6,18.4,12.8,12986.861792,0.2206663015,10.4,0.199,15.959194821,3,0.477,0.7073492049,0.0022583984
67,"-87.3733,34.1503",1133,"Alabama, Winston",0.178985949908369,12.3837700760778,0.0691885038038884,1637,1.01411644538641,1.01310596223189,0.015271838729383,25,0.00105663567202029,1,1.00764660200222,0.352642080775045,1.00612252239349,0.8334,0.2592,0.5084,0.00249366018596788,1222.51,12.3,21.1,37.3,10860.070399,0.196479681,11,0.195,18.875757458,4,0.378,0.0079459003,0.0087066779
68,"-161.9722,55.3222",2013,"Alaska, Aleutians East",0.05,0.568990042674253,0.0113798008534851,40,,1.01513675918445,0,0,0,,1.0301070886466,1.55614438095135,1.00842059645957,0.3376,0.9952,0.9351,,1989.47,45.6,8.8,0.5,,0.1664681092,,0.126,0,,0.505,0.1041251778,0.1968705548
69,"-173.867,53.0246",2016,"Alaska, Aleutians West",0.329192546583851,9.26087716232745,0.0281320985497117,161,1.04924143725562,1.01513675918445,0,0,0,,1.0301070886466,1.55614438095135,1.00842059645957,0.0987,0.986,0.9955,,2830.77,18.8,5.8,1.5,2854.8516346,0.1514282335,,0.098,0,3,0.443,0.0648261401,0.1177704001
70,"-149.1427,61.15",2020,"Alaska, Anchorage",0.181031941031941,12.6364316144036,0.0698022213227778,20350,1.01321665796184,1.01513675918445,0.00481572481572482,98,0.000336148289416817,1.02941589499122,1.0301070886466,1.55614438095135,1.00842059645957,0.1325,0.8634,0.8176,0.0026000041161015,2712.07,12.2,10,178.3,7680.0761724,0.1504143203,,0.078,462.57206722,3,0.318,0.0544800335,0.0887191378
71,"-159.8562,60.9098",2050,"Alaska, Bethel",0.219897959183673,23.6605182257356,0.107597716293368,1960,1.0197694591426,1.01513675918445,0.00408163265306122,8,0.00043917435221783,1.01925902092718,1.0301070886466,1.55614438095135,1.00842059645957,0.9624,0.9452,0.9478,0.00203118137900747,1739.56,20.7,7.1,0.4,14126.360879,0.304180171,,0.061,4.7274481249,2,0.31,0.0091128678,0.8378897672
72,"-156.7011,58.7451",2060,"Alaska, Bristol Bay",,0,0,0,,1.01513675918445,,0,0,,1.0301070886466,1.55614438095135,1.00842059645957,0.1857,0.4257,0.887,,2531.1,19.8,9.6,2.2,,0.1813764362,,0.149,0,,0.418,0.007981756,0.3261117446
73,"-150.0076,63.6726",2068,"Alaska, Denali",0.232142857142857,6.31374453618261,0.0271976687712482,56,1.02534501461212,1.01513675918445,0,0,0,,1.0301070886466,1.55614438095135,1.00842059645957,0.1561,0.454,0.5536,,2464.78,19.2,7.3,0.2,7556.0998113,0.175746877,,0.049,5.3996989275,,0.253,0.0213695969,0.0529383196
74,"-158.2382,59.796",2070,"Alaska, Dillingham",0.0825688073394495,1.8,0.0218,109,1.00399492826813,1.01513675918445,0.00917431192660551,1,2e-04,1,1.0301070886466,1.55614438095135,1.00842059645957,0.7341,0.8045,0.9093,0.0028,1932.1,22.4,8.6,0.3,13105.632679,0.2693081718,,0.103,0,,0.356,0.0072,0.7234
75,"-146.5693,64.8073",2090,"Alaska, Fairbanks North Star",0.191553896406906,8.29535924664801,0.0433056147760455,4286,1.01907472923461,1.01513675918445,0.00443303779748017,19,0.000191975427145325,1.01601628385513,1.0301070886466,1.55614438095135,1.00842059645957,0.1876,0.5747,0.7529,0.00242495276394095,2510.31,10,9.2,14.2,7006.5964938,0.1585357887,,0.062,107.78021727,2.7,0.3,0.0490042538,0.0791140839
76,"-135.468,59.0989",2100,"Alaska, Haines",0.2,1.61681487469685,0.00808407437348424,20,1.02348860217202,1.01513675918445,0,0,0,,1.0301070886466,1.55614438095135,1.00842059645957,0.0484,0.5724,0.482,,2094.82,15.5,24.4,1,4747.9232216,0.161178286,,0.074,9.0782676628,,0.27,0.0060630558,0.1046887631
77,"-135.6424,58.2931",2105,"Alaska, Hoonah-Angoon",,0,0,0,,1.01513675918445,,0,0,,1.0301070886466,1.55614438095135,1.00842059645957,0.3344,0.4575,0.7794,,1945.03,25.1,19.5,0.3,6015.2066859,0.200737377,,0.144,0.207254105,,0.322,0.0190609019,0.3770339377
78,"-134.2004,58.4503",2110,"Alaska, Juneau City and Borough",0.112382934443288,3.36312396848628,0.0299255753121789,961,1.0079787065487,1.01513675918445,0.00520291363163371,5,0.000155700183726217,1,1.0301070886466,1.55614438095135,1.00842059645957,0.1025,0.737,0.9322,0.00227322268240277,2706.93,11.1,12,11.9,7650.7088322,0.1658487086,,0.065,95.182467151,3.3,0.273,0.0121446143,0.1186124
79,"-151.5389,60.2443",2122,"Alaska, Kenai Peninsula",0.210752688172043,11.7198845095929,0.0556096560914356,3255,1.01177064605007,1.01513675918445,0.00460829493087558,15,0.000256265696273897,1.04530409898895,1.0301070886466,1.55614438095135,1.00842059645957,0.3169,0.4588,0.7402,0.003485213469325,2232.92,17.2,15.6,3.5,8212.9583509,0.1733815308,,0.084,42.994245793,3.3,0.327,0.0065604018,0.0795961253
80,"-130.9756,55.5745",2130,"Alaska, Ketchikan Gateway",0.116591928251121,1.86808449489869,0.0160224170139388,223,1.0059024593324,1.01513675918445,0,0,0,,1.0301070886466,1.55614438095135,1.00842059645957,0.2452,0.7459,0.9242,0.00387986779709728,2249.23,13.2,14.1,2.4,7733.0478688,0.1693510011,,0.092,0,3,0.382,0.0094841213,0.1401781865
81,"-153.7494,57.6553",2150,"Alaska, Kodiak Island",0.602582496413199,31.4724615961034,0.0522292993630573,697,1.06017809493025,1.01513675918445,0.00143472022955524,1,7.49344323716748e-05,1,1.0301070886466,1.55614438095135,1.00842059645957,0.2354,0.9443,0.9535,0.00187336080929187,2337.67,20.3,9.1,2.1,5023.5305113,0.1543897324,,0.08,0,3,0.341,0.0102660172,0.1281378794
82,"-163.3968,62.1543",2158,"Alaska, Kusilvak",0.327476038338658,24.6898711309165,0.0753944357461159,626,1.04467671659391,1.01513675918445,0.00479233226837061,3,0.000361315187281705,1.05963402266705,1.0301070886466,1.55614438095135,1.00842059645957,0.9936,0.8701,0.6804,,1236.81,21.1,5.6,0.4,19111.252266,0.4100094861,,0.047,0,1.3,0.232,0.0040949055,0.9223172347
83,"-156.2141,58.624",2164,"Alaska, Lake and Peninsula",0.0588235294117647,5.6710775047259,0.0964083175803403,153,1.00283295200246,1.01513675918445,0,0,0,,1.0301070886466,1.55614438095135,1.00842059645957,0.7532,0.6301,0.7195,,1556.76,31.6,7.9,0.1,13744.203895,0.2830118877,,0.095,0,,0.378,0.0100819156,0.6149968494
84,"-149.5742,62.3131",2170,"Alaska, Matanuska-Susitna",0.380552001462256,19.3476442709785,0.0508409999070718,5471,1.01480946483405,1.01513675918445,0.00201060135258636,11,0.000102220983180002,1.0465440871019,1.0301070886466,1.55614438095135,1.00842059645957,0.3529,0.582,0.262,0.000687668432301831,2378.82,15.2,10.7,3.8,6908.435191,0.1750057946,,0.087,49.420106321,3,0.344,0.0114580429,0.068627451
85,"-164.0354,64.9032",2180,"Alaska, Nome",0.102362204724409,2.59792166266986,0.0253796962430056,254,1.00458228543438,1.01513675918445,0,0,0,,1.0301070886466,1.55614438095135,1.00842059645957,0.8962,0.8832,0.9102,0.00359712230215827,1885.48,22.5,7.5,0.4,14661.794409,0.3153057287,,0.074,10.601262873,1,0.403,0.0076938449,0.7547961631
86,"-153.4836,69.3148",2185,"Alaska, North Slope",0.314674735249622,21.0696920583468,0.0669570502431118,661,1.02215536948221,1.01513675918445,0.00302571860816944,2,0.00020259319286872,1.10408951367381,1.0301070886466,1.55614438095135,1.00842059645957,0.3261,0.8115,0.9924,0.0010129659643436,2764.85,20.8,6.4,0.2,10484.625884,0.2385108657,,0.076,10.141895162,3,0.401,0.0145867099,0.5277552674
87,"-159.7504,67.0492",2188,"Alaska, Northwest Arctic",0.0675324675324675,3.38938860643984,0.0501890235953591,385,1.00453380597368,1.01513675918445,0,0,0,,1.0301070886466,1.55614438095135,1.00842059645957,0.9102,0.7587,0.9656,0.00221613870421066,1975.71,27.6,7.7,0.2,16982.255443,0.3051691785,,0.108,0,1.3,0.421,0.0106896102,0.7928562117
88,"-132.9541,57.1398",2195,"Alaska, Petersburg",0.107142857142857,0.931387767773983,0.00869295249922384,28,1.01064309218431,1.01513675918445,0.0357142857142857,1,0.000310462589257994,1,1.0301070886466,1.55614438095135,1.00842059645957,0.1643,0.7657,0.93,,2098.9,9.1,21.5,1,8533.8100993,0.1518753835,,0.082,38.247565349,,0.25,0.0214219187,0.1099037566
89,"-133.0512,55.7626",2198,"Alaska, Prince of Wales-Hyder",0.215384615384615,2.18000622858922,0.0101214574898785,65,1.01393184552831,1.01513675918445,0.0153846153846154,1,0.000155714730613516,1,1.0301070886466,1.55614438095135,1.00842059645957,0.5885,0.4489,0.8943,,1756.52,25.9,14.8,1.4,13102.630303,0.2227222789,,0.136,0,2,0.449,0.0051385861,0.4296169418
90,"-135.3207,57.2412",2220,"Alaska, Sitka City and Borough",0.20253164556962,5.55105817046374,0.0274083497166647,237,1.00809171802243,1.01513675918445,0,0,0,,1.0301070886466,1.55614438095135,1.00842059645957,0.0576,0.7272,0.9417,0.00624494044177171,2269.14,18.3,14.5,3,5871.4440814,0.1625045499,,0.079,0,2,0.266,0.0093674107,0.1632936278
91,"-135.3338,59.5615",2230,"Alaska, Skagway",0.357142857142857,4.35540069686411,0.0121951219512195,14,1.03505205734318,1.01513675918445,0,0,0,,1.0301070886466,1.55614438095135,1.00842059645957,0.1532,0.3919,0.8115,,2248.56,18.9,11.3,1.8,,0.1558438516,,0.062,59.934883632,,0.326,0.0069686411,0.0513937282
92,"-143.2128,63.8769",2240,"Alaska, Southeast Fairbanks",0.206703910614525,10.6967331598728,0.0517490604220873,358,1.01258125465337,1.01513675918445,0.00837988826815642,3,0.000433651344319167,1.05963402266705,1.0301070886466,1.55614438095135,1.00842059645957,0.4064,0.8103,0.7259,,2002.42,15.6,12.9,0.3,7042.4370531,0.1961017034,,0.095,5.1927815832,2.3,0.328,0.0163342006,0.1256143394
93,"-144.7127,61.475",2261,"Alaska, Valdez-Cordova",0.140939597315436,4.58315146224356,0.0325185508511567,298,1.00791493242505,1.01513675918445,0.0100671140939597,3,0.000327367961588826,1,1.0301070886466,1.55614438095135,1.00842059645957,0.1503,0.4693,0.8513,0.00480139676996945,2418.71,15.7,12.4,0.3,7320.5580038,0.1659062272,,0.112,8.6458404051,3,0.348,0.0089480576,0.142186818
94,"-132.0584,56.3202",2275,"Alaska, Wrangell City and Borough",0.130434782608696,1.19856172592889,0.00918897323212145,23,1.00637045739233,1.01513675918445,0,0,0,,1.0301070886466,1.55614438095135,1.00842059645957,0.2787,0.6778,0.8052,,1806.36,15,22.1,0.9,11726.842122,0.1738448444,,0.138,0,,0.426,0.0047942469,0.1654015182
95,"-140.3601,59.891",2282,"Alaska, Yakutat City and Borough",0.0576923076923077,4.96688741721854,0.0860927152317881,52,1.00561868495366,1.01513675918445,0.0192307692307692,1,0.00165562913907285,,1.0301070886466,1.55614438095135,1.00842059645957,0.2115,0.7663,0.9612,,1878.71,20.5,12.3,0.1,,0.1987994674,,0.078,0,,0.319,0.0198675497,0.3956953642
96,"-151.3907,65.5082",2290,"Alaska, Yukon-Koyukuk",0.1,3.56673549840436,0.0356673549840436,190,1.00616426207208,1.01513675918445,0.0210526315789474,4,0.000750891683874601,1.04195362743721,1.0301070886466,1.55614438095135,1.00842059645957,0.8873,0.5422,0.7762,,1326.63,29.2,13.6,0,18288.639546,0.2969143357,,0.091,1.91767388,,0.305,0.0080720856,0.695888868
97,"-109.4892,35.3947",4001,"Arizona, Apache",0.170998000922651,15.483583502743,0.0905483305021025,6503,1.0148856531842,1.01648266456465,0.0324465631247117,211,0.00293798212147373,1.00767800687058,1.00816322192496,0.605815317710885,1.00954073152525,0.9793,0.9761,0.9118,0.000626583864769278,1070.87,23.5,14.6,6.3,15888.929646,0.2151310702,5.7,0.168,14.330120694,3,0.335,0.0050544432,0.7494917709
98,"-109.7516,31.8793",4003,"Arizona, Cochise",0.288006261005674,11.6115800268202,0.0403171097262759,5111,1.02356771780364,1.01648266456465,0.0191743298767365,98,0.000773053561568194,1.01385671349246,1.00816322192496,0.605815317710885,1.00954073152525,0.6732,0.9226,0.936,0.00145144750335253,1760.13,8.2,21,20.7,7452.3219191,0.1499584566,7.5,0.105,36.781501597,3.7,0.298,0.0394651731,0.0175514712
99,"-111.7707,35.8388",4005,"Arizona, Coconino",0.181380065717415,11.5922550296107,0.0639114060509331,9130,1.01474247082467,1.01648266456465,0.0207009857612267,189,0.00132302910664035,1.00540603558491,1.00816322192496,0.605815317710885,1.00954073152525,0.6373,0.8749,0.9713,0.00215604743304353,1978.71,12.3,11.6,8,8704.7846364,0.1599018603,5.6,0.075,106.37638816,2.3,0.238,0.0125092752,0.2759040699
100,"-110.8133,33.8019",4007,"Arizona, Gila",0.181818181818182,12.2473974280465,0.067360685854256,3630,1.01414845283435,1.01648266456465,0.031129476584022,113,0.00209690289298373,1.01907507233419,1.00816322192496,0.605815317710885,1.00954073152525,0.8573,0.8093,0.6689,0.00128040973111396,1408.37,11.3,27.7,11.7,14227.288131,0.1762810473,5.8,0.153,120.09815089,3.3,0.308,0.0063463787,0.1784223125
101,"-109.8882,32.9317",4009,"Arizona, Graham",0.159386973180077,10.9266652658121,0.0685543181340618,2610,1.01393654875884,1.01648266456465,0.0157088122605364,41,0.00107690691321706,1.01091426025064,1.00816322192496,0.605815317710885,1.00954073152525,0.8901,0.8902,0.9854,0.00128703509140576,1362.77,8.5,13.2,7.5,8634.6411647,0.1753449299,6,0.099,13.150366706,3.7,0.348,0.0146039084,0.1363469216
102,"-109.2405,33.215",4011,"Arizona, Greenlee",0.312883435582822,10.7560898449858,0.0343773067594643,326,1.01536321528189,1.01648266456465,0.00920245398773006,3,0.000316355583676052,1,1.00816322192496,0.605815317710885,1.00954073152525,0.5178,0.915,0.3537,,1469.01,7.3,12.2,6.3,7214.854883,0.1426994985,5.7,0.117,3.939573537,2.3,0.293,0.0169777497,0.041020774
103,"-113.981,33.7285",4012,"Arizona, La Paz",0.191985088536813,9.76395866906816,0.0508579012228647,1073,1.01362790421927,1.01648266456465,0.0195712954333644,21,0.00099535500995355,1.0069943706001,1.00816322192496,0.605815317710885,1.00954073152525,0.9105,0.9051,0.7514,0.00118494644042089,1313.43,14.5,37.9,4.7,15452.452583,0.155210102,5.7,0.141,111.60841127,3,0.302,0.0089581951,0.1818655797
104,"-112.4918,33.3484",4013,"Arizona, Maricopa",0.190605709420307,10.9625775138614,0.0575144236088314,253686,1.0151687765969,1.01648266456465,0.0171590075920626,4353,0.000986890431357043,1.00674180978776,1.00816322192496,0.605815317710885,1.00954073152525,0.4175,0.9274,0.7259,0.00197604801279761,2277.6,11.1,14.5,483.8,6474.4537293,0.1368639825,10.6,0.089,885.04615758,4.3,0.269,0.0546614419,0.028070492
105,"-113.7578,35.7047",4015,"Arizona, Mohave",0.267147587511826,10.7802433786686,0.0403531376759723,8456,1.02246743548321,1.01648266456465,0.0334673604541154,283,0.00135051300405631,1.0062089211867,1.00816322192496,0.605815317710885,1.00954073152525,0.7541,0.7081,0.851,0.00249105225483178,1582.79,10.4,28.8,14.9,10257.173536,0.1935284304,5.1,0.136,64.466765051,3.7,0.318,0.0107134335,0.0302123598
106,"-110.3219,35.3998",4017,"Arizona, Navajo",0.158494868871152,13.8439947485174,0.0873466431255376,9647,1.01377492393802,1.01648266456465,0.0299574997408521,289,0.00261668703879759,1.00607684411523,1.00816322192496,0.605815317710885,1.00954073152525,0.9599,0.9341,0.9618,0.00139435918330391,1434.36,13.5,16.9,11.1,13754.907935,0.2061197836,5.7,0.154,65.467596555,3.7,0.34,0.0080220924,0.45618181
107,"-111.789,32.0971",4019,"Arizona, Pima",0.229132379421844,11.3889976931361,0.0497048811777421,51647,1.01934000086684,1.01648266456465,0.0154897670726276,800,0.000769917031815859,1.0131669585681,1.00816322192496,0.605815317710885,1.00954073152525,0.6061,0.9277,0.9825,0.00207877598590282,1906.62,9.9,18.7,113.5,7369.9002317,0.1491646119,7.9,0.084,1864.7979149,3.3,0.25,0.0338917477,0.0432924347
108,"-111.3449,32.9053",4021,"Arizona, Pinal",0.218124588931692,10.383818865764,0.0476049899583574,21286,1.01837283646238,1.01648266456465,0.0140937705534154,300,0.000670933805670733,1.01356412343725,1.00816322192496,0.605815317710885,1.00954073152525,0.6962,0.8962,0.8271,0.000556875058706708,1759.83,8.8,19.3,67.2,6770.1018859,0.162744735,11.7,0.128,63.831505402,3.7,0.326,0.0452187021,0.0665253233
109,"-110.8479,31.5251",4023,"Arizona, Santa Cruz",0.204651162790698,21.7582937369654,0.106318935305627,4945,1.01629456832204,1.01648266456465,0.0169868554095046,84,0.00180602438132915,1.01440033702014,1.00816322192496,0.605815317710885,1.00954073152525,0.9497,0.9959,0.4448,0.00120401625421943,1409.74,11.6,16.9,38.9,5084.1966057,0.1457144926,7.6,0.08,167.70962414,3.3,0.269,0.0039560534,0.0140826901
110,"-112.5539,34.5993",4025,"Arizona, Yavapai",0.33454045954046,11.5477622169634,0.0345182828792248,8008,1.02754314920558,1.01648266456465,0.0186063936063936,149,0.000642260757867694,1.0196785269135,1.00816322192496,0.605815317710885,1.00954073152525,0.4411,0.6609,0.5791,0.00136211006366571,1776.33,10.4,29.8,29,7756.0396425,0.1706533007,5.1,0.107,63.225913506,3.3,0.23,0.0069355541,0.0212290888
111,"-113.9067,32.769",4027,"Arizona, Yuma",0.201617226590422,21.2748906320712,0.105521194750339,22384,1.01883596839506,1.01648266456465,0.018897426733381,423,0.00199407904661337,1.00481972382632,1.00816322192496,0.605815317710885,1.00954073152525,0.9408,0.9898,0.9796,0.00173951576406698,1555.49,13.3,18,36.5,6104.0695936,0.1332703585,8,0.141,70.884199271,3.3,0.369,0.0189178232,0.0227409866
112,"-91.3728,34.2915",5001,"Arkansas, Arkansas",0.127388535031847,7.87889020203726,0.0618492880859925,1099,1.00846902262608,1.01191676339298,0.0218380345768881,24,0.00135066689177782,1.00609846529734,1.01464661052734,0.6192127943726,1.00733959555487,0.7459,0.3715,0.5368,0.00416455624964826,1359.67,6.8,18.4,18.9,11452.201205,0.200832304,10,0.193,39.575871715,3.7,0.306,0.244583263,0.0036017784
113,"-91.7698,33.1915",5003,"Arkansas, Ashley",0.190340909090909,10.0269380425022,0.0526788386710566,1056,1.0155320972334,1.01191676339298,0.0170454545454545,18,0.000897934750074828,1.01696850489722,1.01464661052734,0.6192127943726,1.00733959555487,0.828,0.7415,0.49,0.00164621370847052,1266.78,9.2,19.4,22.1,9976.0433029,0.2045206693,9.6,0.152,26.062480708,3.7,0.426,0.244986531,0.0071335927
114,"-92.3378,36.2878",5005,"Arkansas, Baxter",0.154539987973542,6.17506427352892,0.0399577116220957,1663,1.01094397245311,1.01191676339298,0.0240529164161155,40,0.000961099497825512,1.03239118471,1.01464661052734,0.6192127943726,1.00733959555487,0.4268,0.0729,0.3158,0.00643936663543093,1392.75,5.6,30.7,74,8749.738716,0.1624281588,9.7,0.17,77.132821861,4,0.337,0.0035080132,0.0079050434
115,"-94.2568,36.3364",5007,"Arkansas, Benton",0.160886589288211,8.44069139570372,0.0524636107524357,14302,1.0113017523996,1.01191676339298,0.0146133407914977,209,0.000766668623077826,1.02238230001915,1.01464661052734,0.6192127943726,1.00733959555487,0.1742,0.8087,0.3136,0.00147831318229839,2305.23,9.4,13.1,321.3,6154.4418225,0.1651315672,10.4,0.09,108.4527881,5,0.293,0.0178938256,0.0188439077
116,"-93.0937,36.3085",5009,"Arkansas, Boone",0.18337182448037,10.5923159018143,0.0577641408751334,2165,1.01131688630408,1.01191676339298,0.0240184757505774,52,0.00138740661686233,1.01454709634044,1.01464661052734,0.6192127943726,1.00733959555487,0.5207,0.0637,0.46,0.00464247598719317,1435.79,6.8,20.1,65.2,8901.3027712,0.1990299442,9.4,0.145,69.004290575,4.3,0.344,0.0036286019,0.0086979723
117,"-92.1598,33.4676",5011,"Arkansas, Bradley",0.281567489114659,17.803065063779,0.0632284114894008,689,1.02490700440804,1.01191676339298,0.0101596516690856,7,0.000642378636321924,1,1.01464661052734,0.6192127943726,1.00733959555487,0.8761,0.8943,0.8924,0.00321189318160962,1278.54,11.5,18.4,16.2,11116.727916,0.2176763047,9.8,0.161,5.3337241966,3,0.464,0.2723685418,0.0152335505
118,"-92.4997,33.556",5013,"Arkansas, Calhoun",0.169491525423729,5.68504832291074,0.0335417851051734,177,1.01362706600317,1.01191676339298,0.00564971751412429,1,0.000189501610763691,1,1.01464661052734,0.6192127943726,1.00733959555487,0.6761,0.312,0.3747,,1262.11,8.2,20.8,7.9,12077.895228,0.2062485566,9.7,0.172,32.414230303,3,0.294,0.2122418041,0.0070115596
119,"-93.5427,36.3404",5015,"Arkansas, Carroll",0.191671420422133,11.9051837154094,0.0621124614675974,1753,1.01286081691492,1.01191676339298,0.0136908157444381,24,0.000850370265386387,1.00609846529734,1.01464661052734,0.6192127943726,1.00733959555487,0.5506,0.7813,0.524,0.00166530843638167,1301.49,12.4,21.9,43.6,10665.069876,0.1837273365,9.4,0.085,48.577650616,3.7,0.277,0.0054919746,0.0131807391
120,"-91.2954,33.2646",5017,"Arkansas, Chicot",0.0946564885496183,11.8796704349492,0.125502969917609,1310,1.00557482701426,1.01191676339298,0.0229007633587786,30,0.00287411381490707,1.00990485606307,1.01464661052734,0.6192127943726,1.00733959555487,0.9363,0.8271,0.9863,0.00239509484575589,1145.08,8.9,19.5,16.3,13048.032258,0.2310340952,10,0.097,46.91200171,3,0.388,0.5341061506,0.0046943859
121,"-93.1748,34.0461",5019,"Arkansas, Clark",0.243445692883895,11.7855038302887,0.0484112234259553,1068,1.01933695188863,1.01191676339298,0.0140449438202247,15,0.000679932913285889,1.03239118471,1.01464661052734,0.6192127943726,1.00733959555487,0.5443,0.6351,0.9764,0.00113322152214315,1341.01,8.6,16.1,25.1,9843.2491694,0.1933947371,10.1,0.148,127.76573981,3,0.269,0.2411042111,0.006527356
122,"-90.4148,36.3683",5021,"Arkansas, Clay",0.223111111111111,16.905772209874,0.0757728834107901,1125,1.01212264209868,1.01191676339298,0.0222222222222222,25,0.00168384185357311,1.01198288474998,1.01464661052734,0.6192127943726,1.00733959555487,0.8029,0.0544,0.2935,0.00168384185357311,1044.03,6.9,20.8,22,11223.092248,0.2033319098,10.8,0.154,53.995227977,3.7,0.426,0.0074762578,0.0051188792
123,"-92.0264,35.5386",5023,"Arkansas, Cleburne",0.190211345939933,6.84958942519527,0.0360104145804126,899,1.01429009362232,1.01191676339298,0.0300333704115684,27,0.00108151411976767,1.01105509534937,1.01464661052734,0.6192127943726,1.00733959555487,0.5102,0.0417,0.0895,0.00100140196274785,1537.78,9.2,26.5,41.6,10497.199191,0.1740939805,10.1,0.117,8.2803817401,4,0.366,0.0036451031,0.0074504306
124,"-92.1854,33.8972",5025,"Arkansas, Cleveland",0.226495726495726,13.220254427538,0.0583686704913944,468,1.01731821912894,1.01191676339298,0.0341880341880342,16,0.00199551010226989,1.00926242190831,1.01464661052734,0.6192127943726,1.00733959555487,0.6401,0.383,0.2038,,1474.78,5.1,20.1,11.5,11272.989757,0.1903855979,9.8,0.171,8.0250150691,3,0.355,0.1146171115,0.0051134946
125,"-93.2264,33.2123",5027,"Arkansas, Columbia",0.1732223903177,9.72936228066449,0.0561668861792072,1322,1.01489747355137,1.01191676339298,0.0242057488653555,32,0.0013595615414029,1.02456823630199,1.01464661052734,0.6192127943726,1.00733959555487,0.8978,0.723,0.9538,0.00297404087181884,1286.81,8.2,16.9,31.2,8842.1078485,0.2047642494,9.8,0.163,26.943437034,4,0.364,0.3534435145,0.0059480817
126,"-92.7051,35.2621",5029,"Arkansas, Conway",0.272923408845739,12.1104781963525,0.0443731750514576,927,1.02237085790102,1.01191676339298,0.0107874865156419,10,0.000478675027523814,1.03239118471,1.01464661052734,0.6192127943726,1.00733959555487,0.6847,0.5622,0.5393,0.00167536259633335,1359.82,7.4,18.8,36.1,10156.777349,0.1900093382,10.2,0.185,63.108707046,4,0.368,0.113110909,0.008759753
127,"-90.6324,35.8302",5031,"Arkansas, Craighead",0.160109354570308,12.4081136351075,0.0774977431419149,8413,1.01133008619221,1.01191676339298,0.0117675026744324,99,0.000911954899684961,1.0220201702704,1.01464661052734,0.6192127943726,1.00733959555487,0.5662,0.6062,0.9058,0.00555463438899022,1734.42,9.3,13.3,162.9,8225.8015386,0.2076292084,10.8,0.139,125.16399641,5,0.382,0.160292194,0.0054072477
128,"-94.2447,35.5893",5033,"Arkansas, Crawford",0.166394779771615,9.65208339904741,0.0580071286629026,3678,1.01270097892121,1.01191676339298,0.012778684067428,47,0.000741254770841876,1.01970237011906,1.01464661052734,0.6192127943726,1.00733959555487,0.6121,0.5785,0.2951,0.00162445194461092,1463.68,8.9,16.1,95,9076.6882984,0.1900417714,10.3,0.15,161.19399498,5,0.352,0.0140365265,0.0255811753
129,"-90.3084,35.2125",5035,"Arkansas, Crittenden",0.122674575357239,9.41210541558065,0.0767241735964586,3709,1.00832003931075,1.01191676339298,0.0169857104340793,63,0.00130321459600348,1.01188315252133,1.01464661052734,0.6192127943726,1.00733959555487,0.893,0.6714,0.8504,0.0002275454056514,1405.43,9.1,13.3,69.9,12729.526852,0.23311338,10.1,0.196,248.02981373,4,0.413,0.5366141244,0.003847586
130,"-90.7719,35.2963",5037,"Arkansas, Cross",0.219065077910174,14.3319740945071,0.0654233629167666,1091,1.02042739689035,1.01191676339298,0.0284142988084326,31,0.00185895898296954,1.01464661052734,1.01464661052734,0.6192127943726,1.00733959555487,0.6809,0.3512,0.4432,0.00149916047013672,1370.64,7.3,18,26.4,12126.283771,0.2048800941,10.2,0.169,103.95854688,4,0.389,0.2272127609,0.0041376829
131,"-92.6517,33.9704",5039,"Arkansas, Dallas",0.22680412371134,12.2528543581175,0.0540239487607909,388,1.01692170899654,1.01191676339298,0.0180412371134021,7,0.000974658869395711,1.02226578920968,1.01464661052734,0.6192127943726,1.00733959555487,0.6662,0.7058,0.7421,0.00348092453355611,1036.71,8,21.3,12.2,10401.357108,0.1921190612,9.9,0.077,85.39780124,3,0.385,0.4121414648,0.0062656642
132,"-91.255,33.8301",5041,"Arkansas, Desha",0.253671562082777,16.5045170257123,0.0650625434329395,749,1.01779554806123,1.01191676339298,0.0133511348464619,10,0.000868658790826963,1.03239118471,1.01464661052734,0.6192127943726,1.00733959555487,0.9726,0.9124,0.375,0.00434329395413482,1001.41,7.3,18.1,16.8,13312.826,0.2425184846,10,0.138,70.739118581,3.7,0.379,0.4689020153,0.0042564281
133,"-91.7178,33.5904",5043,"Arkansas, Drew",0.355633802816901,22.0427760803143,0.061981667394151,1136,1.02297480215488,1.01191676339298,0.00704225352112676,8,0.000436490615451768,1,1.01464661052734,0.6192127943726,1.00733959555487,0.7424,0.391,0.9456,0.00267350501964208,1192.62,5.9,16.7,21.6,11207.960123,0.2083169978,9.8,0.194,69.636845371,4,0.408,0.2784810127,0.005510694
134,"-92.3372,35.1472",5045,"Arkansas, Faulkner",0.200435365036839,9.59088505360319,0.0478502636091214,5972,1.01597197200998,1.01191676339298,0.011219022103148,67,0.000536833165072192,1.01588891562801,1.01464661052734,0.6192127943726,1.00733959555487,0.4334,0.5244,0.7568,0.00205919587199333,1753.93,9.7,11.8,169,7859.0470356,0.2053501532,10.6,0.096,125.72258627,5,0.352,0.1200182684,0.0067945451
135,"-93.893,35.512",5047,"Arkansas, Franklin",0.149732620320856,7.86075238629983,0.0524985962942167,935,1.00886212841769,1.01191676339298,0.0224598930481283,21,0.00117911285794497,1.03961211126014,1.01464661052734,0.6192127943726,1.00733959555487,0.7041,0.2677,0.5495,0.00140370578326783,1246.9,5.8,18.9,27.9,12539.556948,0.2115018395,9.8,0.131,37.770868135,3,0.34,0.0088714206,0.014317799
136,"-91.8173,36.3818",5049,"Arkansas, Fulton",0.138364779874214,7.17254869997555,0.0518379656043687,636,1.01102784612831,1.01191676339298,0.0251572327044025,16,0.00130409976363192,1.0301070886466,1.01464661052734,0.6192127943726,1.00733959555487,0.8551,0.1741,0.4642,0.00203765588067487,1191.32,9.1,25.3,17.3,11065.247878,0.2001211507,9.7,0.139,38.661277702,3,0.277,0.0063574863,0.0078245986
137,"-93.1492,34.5769",5051,"Arkansas, Garland",0.168885009818896,7.80603909070738,0.0462210299130645,4583,1.01483878104269,1.01191676339298,0.0281475016364827,129,0.0013010065151179,1.02039279630287,1.01464661052734,0.6192127943726,1.00733959555487,0.6376,0.6049,0.8313,0.00588982794440971,1628.53,11.2,22.8,135.6,11022.944828,0.1941584472,9.9,0.151,188.39782278,5,0.295,0.0853117373,0.0076245033
138,"-92.4232,34.2902",5053,"Arkansas, Grant",0.195187165775401,8.0272707279525,0.0411260171541676,748,1.01434936417748,1.01191676339298,0.0106951871657754,8,0.000439850450846712,1.04195362743721,1.01464661052734,0.6192127943726,1.00733959555487,0.5051,0.1277,0.2566,,1523.71,5,17.2,23.4,8195.8458061,0.1822224582,10,0.166,54.445212955,4,0.357,0.0267758962,0.0052232241
139,"-90.5583,36.1174",5055,"Arkansas, Greene",0.224326487063217,18.5548814120243,0.0827137341423056,3749,1.01603222661721,1.01191676339298,0.010669511869832,40,0.000882515168229454,1.03239118471,1.01464661052734,0.6192127943726,1.00733959555487,0.7016,0.1515,0.3843,0.00284611141753999,1471.45,6.9,15.6,77,10790.047092,0.1962221677,10.8,0.146,106.99447927,4,0.364,0.0178268064,0.0061114175
140,"-93.6694,33.7333",5057,"Arkansas, Hempstead",0.167811579980373,7.86532358217193,0.0468699691826503,1019,1.01360941457531,1.01191676339298,0.00883218842001963,9,0.000413964399061681,1.01696850489722,1.01464661052734,0.6192127943726,1.00733959555487,0.8382,0.914,0.6861,0.00363368750287475,1252.18,9.9,17.6,30.7,9327.654825,0.2217665818,10.1,0.184,47.732149899,3.7,0.291,0.2963525137,0.0069913987
141,"-92.954,34.3171",5059,"Arkansas, Hot Spring",0.0752450205501107,7.06210498204801,0.0938547817572179,3163,1.00663104767761,1.01191676339298,0.0148593107809042,47,0.00139461737040444,1.00946709896934,1.01464661052734,0.6192127943726,1.00733959555487,0.7984,0.4043,0.8462,0.00296727100086051,1314.86,8.5,18.3,47.6,11697.110546,0.2033352685,10.2,0.178,57.209045515,4,0.361,0.1113913534,0.0064389781
142,"-93.9935,34.0901",5061,"Arkansas, Howard",0.13778256189451,9.594483172176,0.0696349598980586,929,1.01008246471237,1.01191676339298,0.0172228202368138,16,0.001199310396522,1.00926242190831,1.01464661052734,0.6192127943726,1.00733959555487,0.7443,0.8631,0.6581,0.0014991379956525,1368.43,9.1,17.5,26.2,10576.887689,0.2185560495,10,0.129,41.980221844,3.3,0.445,0.2053069485,0.0156659921
143,"-91.57,35.7424",5063,"Arkansas, Independence",0.116971501488728,7.29868889006848,0.0623971548383672,2351,1.00725469464018,1.01191676339298,0.0327520204168439,77,0.00204363288921917,1.00963747318267,1.01464661052734,0.6192127943726,1.00733959555487,0.6344,0.5552,0.6326,0.00528159668772228,1454.13,8.6,17.2,51.7,9088.7589617,0.19872211,10.2,0.138,70.285879284,4,0.286,0.0220287701,0.0081214502
144,"-91.9085,36.096",5065,"Arkansas, Izard",0.0691588785046729,5.44397851835504,0.0787169866843228,1070,1.00545767431353,1.01191676339298,0.00654205607476636,7,0.000514970940925476,1,1.01464661052734,0.6192127943726,1.00733959555487,0.8328,0.1184,0.4629,0.0018391819318767,1271.96,7.2,24.9,22,11560.772389,0.1966108929,9.8,0.131,19.272506039,3,0.345,0.0206724049,0.0086073714
145,"-91.2149,35.598",5067,"Arkansas, Jackson",0.261462205700124,37.6539170781036,0.144012848729998,2421,1.01839417287911,1.01191676339298,0.0053696819496076,13,0.000773303194337041,1.02415191411056,1.01464661052734,0.6192127943726,1.00733959555487,0.8968,0.2865,0.7084,0.00791148652667896,1112.52,8.1,17.3,24.8,11656.854031,0.2209812435,10.2,0.238,21.786695873,3.7,0.43,0.1749449765,0.0072571531
146,"-91.9262,34.2677",5069,"Arkansas, Jefferson",0.0868037251801089,7.25254720028188,0.0835511054996036,5691,1.00570049997357,1.01191676339298,0.0207344930592163,118,0.00173238981707138,1.00748296609677,1.01464661052734,0.6192127943726,1.00733959555487,0.8803,0.6457,0.9812,0.00731127227882667,1282.45,7.9,16.3,80.9,12661.118655,0.2133182297,10.4,0.159,93.505251671,4,0.408,0.5676953343,0.0041547993
147,"-93.4604,35.5676",5071,"Arkansas, Johnson",0.139661016949153,7.70323835165657,0.0551566823722983,1475,1.01208946536395,1.01191676339298,0.00949152542372881,14,0.000523521053025204,1.01064309218431,1.01464661052734,0.6192127943726,1.00733959555487,0.7838,0.7647,0.7625,0.00299154887442974,1161.21,11,16,39.5,9636.5670427,0.2075246524,9.8,0.129,64.006236108,3.7,0.395,0.016677885,0.011704435
148,"-93.6068,33.2412",5073,"Arkansas, Lafayette",0.0893470790378007,3.89105058365759,0.0435498353786292,291,1.00863638895027,1.01191676339298,0.013745704467354,4,0.000598623166716552,1.04195362743721,1.01464661052734,0.6192127943726,1.00733959555487,0.7271,0.5307,0.6367,,1218.42,10,22.8,12.5,10166.591113,0.2014548405,9.7,0.29,42.457391891,3,0.462,0.3590242442,0.0056869201
149,"-91.1087,36.0419",5075,"Arkansas, Lawrence",0.126781695423856,10.2835584763296,0.0811123281002799,1333,1.00819256058728,1.01191676339298,0.0247561890472618,33,0.00200803212851406,1.0044056276055,1.01464661052734,0.6192127943726,1.00733959555487,0.7978,0.0901,0.5613,0.0015212364609955,1170.96,7.8,19.2,27.6,11413.883355,0.1939464182,10.4,0.093,32.2152993,3.7,0.323,0.0118047949,0.0059023975
150,"-90.7838,34.785",5077,"Arkansas, Lee",0.102641509433962,15.1363383416806,0.147468002225932,1325,1.00744029980725,1.01191676339298,0.0150943396226415,20,0.00222593210907067,1.01516534655549,1.01464661052734,0.6192127943726,1.00733959555487,0.9898,0.7698,0.9077,,969.73,8.5,18.4,12.7,10547.999744,0.2477022901,10.1,0.164,48.938624148,3,0.394,0.538786867,0.0058987201
151,"-91.74,33.9532",5079,"Arkansas, Lincoln",0.0776735459662289,15.46738399462,0.199133228723007,2665,1.00525480681877,1.01191676339298,0.0075046904315197,20,0.00149443323619517,1.00735452613864,1.01464661052734,0.6192127943726,1.00733959555487,0.7277,0.639,0.9873,,1250.05,7.4,14.6,16.9,9839.7588972,0.2246742069,10,0.155,28.909434797,3,0.326,0.3025480087,0.005305238
152,"-94.2347,33.7038",5081,"Arkansas, Little River",0.0763688760806916,4.29985396722375,0.0563037481745903,694,1.00461255092608,1.01191676339298,0.053314121037464,37,0.003001784845043,1,1.01464661052734,0.6192127943726,1.00733959555487,0.6643,0.3505,0.4187,0.00202823300340743,1166.17,6.2,20.4,21.2,10228.892193,0.2106474717,10.1,0.208,51.841150638,3,0.378,0.1960895668,0.0166315106
153,"-93.7195,35.2141",5083,"Arkansas, Logan",0.170858629661752,9.06288816303998,0.0530431982334269,1153,1.01046021214482,1.01191676339298,0.00693842150910668,8,0.000368036067534618,1.04195362743721,1.01464661052734,0.6192127943726,1.00733959555487,0.8475,0.4132,0.4763,0.00188618484611492,1227.05,8,19.2,28.4,9882.1879139,0.2039945618,9.9,0.18,54.188050174,3,0.328,0.0141233841,0.0115931361
154,"-91.8874,34.7539",5085,"Arkansas, Lonoke",0.171068796068796,7.56207828176548,0.044204895665042,3256,1.0126855928466,1.01191676339298,0.019963144963145,65,0.000882468740241932,1.01393184552831,1.01464661052734,0.6192127943726,1.00733959555487,0.3634,0.4556,0.2334,,1774.39,7.6,12.8,70.1,9809.0341076,0.1858597272,10.7,0.128,56.378931857,5,0.43,0.0623294459,0.0070869028
155,"-93.7252,36.0104",5087,"Arkansas, Madison",0.247259439707674,12.3172137613009,0.0498149384139312,821,1.01339175284831,1.01191676339298,0.0109622411693057,9,0.000546083368727626,1.01696850489722,1.01464661052734,0.6192127943726,1.00733959555487,0.7564,0.5256,0.3792,,1401.98,11.4,18.4,17.1,12677.619359,0.2081386831,9.2,0.121,11.180431103,3,0.347,0.0041259632,0.0169285844
156,"-92.6845,36.2684",5089,"Arkansas, Marion",0.16412213740458,5.14292548738189,0.0313359645975362,524,1.01230717677796,1.01191676339298,0.0152671755725191,8,0.000478411673244827,1.01925902092718,1.01464661052734,0.6192127943726,1.00733959555487,0.8318,0.0573,0.311,,1160.59,7,27.4,25.9,10926.865559,0.1992201061,9.4,0.17,14.808921452,3.7,0.288,0.0053223299,0.0094486305
157,"-93.8929,33.314",5091,"Arkansas, Miller",0.0828705681332764,4.45035786382823,0.0537025142227932,2341,1.00485271099933,1.01191676339298,0.0102520290474156,24,0.000550559735731327,1.01250777270301,1.01464661052734,0.6192127943726,1.00733959555487,0.8051,0.3792,0.9822,,1430.69,10.7,16,62.3,11702.840158,0.214787182,10.1,0.123,168.40802724,4,0.343,0.2484400807,0.008418976
158,"-90.0519,35.7627",5093,"Arkansas, Mississippi",0.160432033719705,14.767574383472,0.0920487887679139,3796,1.01100640118935,1.01191676339298,0.0229188619599579,87,0.00210965348335314,1.00332793419842,1.01464661052734,0.6192127943726,1.00733959555487,0.9369,0.7638,0.7574,0.00468003588835811,1267.73,7.9,14.1,53.8,13687.333206,0.2364471247,10.7,0.173,65.742723806,4,0.409,0.3542035452,0.0044860448
159,"-91.2054,34.6816",5095,"Arkansas, Monroe",0.174731182795699,9.42028985507246,0.0539130434782609,372,1.01507874312808,1.01191676339298,0.0134408602150538,5,0.00072463768115942,1.03239118471,1.01464661052734,0.6192127943726,1.00733959555487,0.9003,0.4706,0.4244,,1032.3,9.9,22.4,12.4,19434.797962,0.2224046123,10.1,0.172,76.45372658,3.7,0.385,0.3960869565,0.0069565217
160,"-93.6582,34.537",5097,"Arkansas, Montgomery",0.254408060453401,11.317794710892,0.0444867772299417,397,1.01857968789339,1.01191676339298,0.0302267002518892,12,0.00134468848050202,1.02638809625704,1.01464661052734,0.6192127943726,1.00733959555487,0.7943,0.4578,0.5091,,1159.65,12,26.6,10.9,7411.6517913,0.1847042663,9.5,0.188,23.137403493,3,0.29,0.0045943523,0.0133348274
161,"-93.3063,33.6634",5099,"Arkansas, Nevada",0.123552123552124,7.68676435263031,0.0622147489791016,518,1.00738377314179,1.01191676339298,0.0347490347490347,18,0.00216190247417728,1.02638809625704,1.01464661052734,0.6192127943726,1.00733959555487,0.799,0.377,0.8227,,1097.37,8.7,19.9,13.2,10608.889699,0.2128582266,10,0.141,21.118826702,3,0.356,0.3068700456,0.0040835936
162,"-93.2161,35.9195",5101,"Arkansas, Newton",0.112449799196787,7.17488789237668,0.0638052530429212,498,1.00557253766259,1.01191676339298,0.0481927710843374,24,0.00307495195387572,1.00609846529734,1.01464661052734,0.6192127943726,1.00733959555487,0.5739,0.0614,0.1506,,1036.26,7.5,24.6,8.8,9295.9933472,0.1900781447,8.9,0.109,15.190784911,3,0.32,0.0051249199,0.0128122998
163,"-92.878,33.5884",5103,"Arkansas, Ouachita",0.288973384030418,12.8780818435991,0.0445649411166653,1052,1.01590271171846,1.01191676339298,0.0152091254752852,16,0.000677793781242057,1.01925902092718,1.01464661052734,0.6192127943726,1.00733959555487,0.8366,0.5078,0.6816,0.00423621113276286,1164.17,7.4,19.1,32.2,10901.718611,0.2284547864,9.9,0.151,30.984247611,3.7,0.381,0.398034398,0.0046598322
164,"-92.9437,34.9459",5105,"Arkansas, Perry",0.191082802547771,5.79598145285935,0.0303323029366306,314,1.01292723929828,1.01191676339298,0.0127388535031847,4,0.000386398763523957,1,1.01464661052734,0.6192127943726,1.00733959555487,0.7831,0.1041,0.6406,,1459.15,6,19,14,8988.6262552,0.1891697361,10,0.149,23.383036184,3,0.333,0.0202859351,0.0096599691
165,"-90.848,34.4327",5107,"Arkansas, Phillips",0.12,7.15513894281435,0.0596261578567863,1075,1.00852245917455,1.01191676339298,0.0158139534883721,17,0.000942925287037551,1,1.01464661052734,0.6192127943726,1.00733959555487,0.9761,0.5677,0.362,0.00859725997004826,1003.54,9.3,17.6,27,14527.699697,0.2435440722,10.2,0.187,47.122713953,3.7,0.428,0.6143990238,0.0036053026
166,"-93.6579,34.1625",5109,"Arkansas, Pike",0.251012145748988,11.6181017520847,0.0462850182704019,494,1.02035855033694,1.01191676339298,0.00809716599190283,4,0.0003747774758737,1,1.01464661052734,0.6192127943726,1.00733959555487,0.6471,0.588,0.4572,,1182.4,10.3,20.1,17.3,7648.6221257,0.2006153685,9.8,0.143,46.126110955,3.3,0.336,0.0327930291,0.0115244074
167,"-90.6627,35.5743",5111,"Arkansas, Poinsett",0.159148504815003,13.0975223158422,0.0822974889463585,1973,1.01335703167579,1.01191676339298,0.0258489609731374,51,0.00212730457996163,1.01484978368978,1.01464661052734,0.6192127943726,1.00733959555487,0.8519,0.3053,0.5785,,1126.29,11.5,17.5,28,13236.952446,0.2181181141,10.5,0.209,50.678286802,4,0.417,0.0821306415,0.0040877617
168,"-94.2273,34.4825",5113,"Arkansas, Polk",0.226470588235294,11.5217716594344,0.0508753553793207,1020,1.01375145626452,1.01191676339298,0.0186274509803922,19,0.000947678188438326,1.02485387013382,1.01464661052734,0.6192127943726,1.00733959555487,0.9029,0.5196,0.646,0.00324205696044691,1148.31,11.6,22.2,23.9,8879.6352119,0.2048396333,9.4,0.131,47.302929272,3.3,0.336,0.0051872911,0.0211980647
169,"-93.0321,35.4487",5115,"Arkansas, Pope",0.151120256058528,10.328125,0.06834375,4374,1.01159118030803,1.01191676339298,0.0112025605852766,49,0.000765625,1.01223970067319,1.01464661052734,0.6192127943726,1.00733959555487,0.7522,0.6711,0.7437,0.00265625,1494.91,9.1,15.1,79.7,8349.3087099,0.1938562868,10.2,0.111,102.81845487,5,0.344,0.031703125,0.0095
170,"-91.5516,34.8362",5117,"Arkansas, Prairie",0.137019230769231,7.05969779539262,0.0515234084716374,416,1.01301453385766,1.01191676339298,0.0240384615384615,10,0.0012385434728759,1.01516534655549,1.01464661052734,0.6192127943726,1.00733959555487,0.708,0.2174,0.695,,1198.6,8.2,22.9,10.4,10020.276129,0.185468038,10.2,0.148,20.309337116,3,0.444,0.1171662125,0.0042110478
171,"-92.3136,34.7705",5119,"Arkansas, Pulaski",0.154685526648143,7.79769787104003,0.0504100030559234,19795,1.01228808632601,1.01191676339298,0.0160646627936348,318,0.000809819700519507,1.01078286718874,1.01464661052734,0.6192127943726,1.00733959555487,0.3889,0.8481,0.631,0.00798105327493124,1966.3,8.6,14.5,586.5,9585.9652792,0.1818088941,10.8,0.119,301.09458541,5,0.332,0.3720561271,0.0045023938
172,"-91.0246,36.3416",5121,"Arkansas, Randolph",0.185988323603002,12.4247827055939,0.066804100735458,1199,1.01437489480148,1.01191676339298,0.0291909924937448,35,0.00195007800312012,1.01748842798917,1.01464661052734,0.6192127943726,1.00733959555487,0.6898,0.2706,0.4858,0.00278582571874304,1155.7,8.5,19.8,25.5,12389.908806,0.2048611877,10.2,0.188,23.181945377,4,0.35,0.0099175396,0.0061288166
173,"-90.7483,35.022",5123,"Arkansas, St. Francis",0.128401360544218,11.871535830811,0.0924564644836668,2352,1.01037894075505,1.01191676339298,0.0076530612244898,18,0.000707574983293368,1.02638809625704,1.01464661052734,0.6192127943726,1.00733959555487,0.9462,0.6428,0.9908,0.00463854711270097,1090.48,10.3,15.2,38.2,11658.675784,0.2412771764,10.2,0.183,29.253052473,3.7,0.429,0.5228586029,0.0078619443
174,"-92.6758,34.6492",5125,"Arkansas, Saline",0.214041374816745,10.8218512448423,0.0505596231294422,6139,1.01572039431026,1.01191676339298,0.012379866427757,76,0.000625921380980226,1.02951268099454,1.01464661052734,0.6192127943726,1.00733959555487,0.1844,0.5524,0.3257,0.0013753798766276,2000.32,6.1,17.2,125.2,8220.1882369,0.1649051872,10.6,0.127,115.56044797,5,0.302,0.0788908014,0.0062756854
175,"-94.0632,34.8559",5127,"Arkansas, Scott",0.202558635394456,9.20631844170947,0.045450140517492,469,1.01247973859786,1.01191676339298,0.00852878464818763,4,0.000387634460703557,1.04195362743721,1.01464661052734,0.6192127943726,1.00733959555487,0.9608,0.4877,0.5731,0.00232580676422134,1136.22,8.8,19.9,12.5,12623.695743,0.20044697,9.4,0.182,18.894057563,3,0.384,0.0059114255,0.0270375036
176,"-92.6994,35.9109",5129,"Arkansas, Searcy",0.273399014778325,13.9482281980397,0.0510178436793164,406,1.02018459467681,1.01191676339298,0.0147783251231527,6,0.000753958280975119,1.29170834209075,1.01464661052734,0.6192127943726,1.00733959555487,0.6666,0.2057,0.2623,,1197.99,7.3,24.8,10.7,10573.299252,0.1992464737,9.3,0.163,29.019390884,3,0.323,0.0037697914,0.0157074642
177,"-94.2716,35.1961",5131,"Arkansas, Sebastian",0.13169946775591,8.32857154039435,0.0632392194312462,8079,1.01043019765993,1.01191676339298,0.0164624334694888,133,0.00104107144254929,1.00775379492937,1.01464661052734,0.6192127943726,1.00733959555487,0.672,0.8351,0.6998,0.006810016203142,1498.5,10.7,15.2,270.6,9227.6523077,0.2164901995,10.6,0.124,193.67410751,5,0.311,0.0659475707,0.0240777125
178,"-94.2425,33.9978",5133,"Arkansas, Sevier",0.0837359098228663,9.10204796079118,0.10869945737791,1863,1.00492658544168,1.01191676339298,0.0107353730542136,20,0.00116692922574246,1.01516534655549,1.01464661052734,0.6192127943726,1.00733959555487,0.8341,0.936,0.3432,0.0020421261450493,1292.55,14.7,14.1,26.9,9175.4758567,0.1956147979,9.9,0.144,52.713732427,3,0.333,0.0367582706,0.0332574829
179,"-91.4782,36.1626",5135,"Arkansas, Sharp",0.203448275862069,10.1923298399171,0.0500978924334907,870,1.01369221192306,1.01191676339298,0.028735632183908,25,0.00143959461015778,1.03239118471,1.01464661052734,0.6192127943726,1.00733959555487,0.764,0.1057,0.3365,,1122.87,7.1,25.7,27,11446.507973,0.2108887981,10,0.195,37.322736398,3.7,0.378,0.008292065,0.0100195785
180,"-92.1568,35.8625",5137,"Arkansas, Stone",0.198653198653199,9.47258569479008,0.0476840330737738,594,1.01344096275965,1.01191676339298,0.0420875420875421,25,0.0020069037488962,1,1.01464661052734,0.6192127943726,1.00733959555487,0.8752,0.0751,0.192,0.0020069037488962,1174.89,7.5,26.4,21.1,11002.307183,0.2045945154,9.6,0.212,16.139278383,3.7,0.389,0.0036927029,0.0093120334
181,"-92.5975,33.1689",5139,"Arkansas, Union",0.161220043572985,7.56530184532025,0.0469253182027296,1836,1.0122502026102,1.01191676339298,0.0343137254901961,63,0.00161018248734857,1.00941508603088,1.01464661052734,0.6192127943726,1.00733959555487,0.7646,0.6934,0.503,0.00424270306190257,1407.9,10.6,16.9,40.5,12070.751567,0.1992321164,9.8,0.136,70.514204189,4,0.346,0.3263303174,0.0054439503
182,"-92.513,35.581",5141,"Arkansas, Van Buren",0.325,10.9618743600554,0.0337288441847859,560,1.03075556753931,1.01191676339298,0.0107142857142857,6,0.00036138047340842,1.02638809625704,1.01464661052734,0.6192127943726,1.00733959555487,0.7892,0.1086,0.7342,0.00150575197253508,1201.55,10.5,25.3,23.5,9814.6571344,0.1899563214,9.8,0.154,28.112284343,3.7,0.372,0.0060230079,0.0099981931
183,"-94.218,35.9768",5143,"Arkansas, Washington",0.144171609112577,10.9764898021193,0.0761348913956305,18041,1.01074100989029,1.01191676339298,0.0108087134859487,195,0.000822920227379189,1.00832932611687,1.01464661052734,0.6192127943726,1.00733959555487,0.5108,0.8348,0.8825,0.00316507779761227,1817.73,11.5,11.1,250.4,6999.6936662,0.1897260097,9.9,0.089,178.7460088,5,0.298,0.0337566097,0.0155721828
184,"-91.7491,35.2569",5145,"Arkansas, White",0.152247191011236,6.88455040837324,0.045219556187839,3560,1.01159504354471,1.01191676339298,0.0176966292134831,63,0.000800233719054454,1.01696850489722,1.01464661052734,0.6192127943726,1.00733959555487,0.6717,0.4973,0.8523,0.00608431668931879,1507.99,9,15.8,74.5,9374.0162595,0.1934556732,10.5,0.134,69.602736827,5,0.314,0.0445590458,0.0065542952
185,"-91.2439,35.189",5147,"Arkansas, Woodruff",0.241509433962264,9.8613251155624,0.0408320493066256,265,1.02561579345674,1.01191676339298,0.00377358490566038,1,0.000154083204930663,1,1.01464661052734,0.6192127943726,1.00733959555487,0.9315,0.3346,0.4836,,1079.77,6.1,22.3,11,12034.625501,0.2144540376,10.1,0.268,23.868656732,3,0.421,0.2593220339,0.0057010786
186,"-93.4117,35.0029",5149,"Arkansas, Yell",0.150487930148947,13.605758068261,0.0904109589041096,1947,1.01167978279994,1.01191676339298,0.0184899845916795,36,0.00167169723705596,1.00403251981126,1.01464661052734,0.6192127943726,1.00733959555487,0.7494,0.8332,0.5521,0.00352913861156257,1242.74,8.5,17,20.9,11024.784941,0.2080752636,10.1,0.141,67.953850145,3.7,0.377,0.0156025075,0.010866032
187,"-121.8929,37.6463",6001,"California, Alameda",0.20393226564399,4.53036532707606,0.0222150492604483,37027,1.01755201427987,1.02143267057097,0.0146379668890269,542,0.000325183155512544,1.00538565270291,1.00778725127517,0.696514084912055,1.01115589239054,0.2548,0.9806,0.916,0.00245627276507077,3505.5,5.1,13.1,2147.5,4408.5910489,0.0973271034,10.4,0.069,1620.6797066,3,0.194,0.1029054695,0.0107832414
188,"-119.8224,38.5968",6003,"California, Alpine",0.206349206349206,11.8074477747502,0.0572207084468665,63,1.01440033702014,1.02143267057097,0,0,0,,1.00778725127517,0.696514084912055,1.01115589239054,0.6672,0.609,0.7055,,2047.19,10.3,25.6,2,32794.17792,0.1445512374,5.6,0.067,4.8948196451,,0.23,0.0009082652,0.2388737511
189,"-120.657,38.4458",6005,"California, Amador",0.627891606080635,24.122083132316,0.0384175913465201,1513,1.06231223136705,1.02143267057097,0.0125578321216127,19,0.00048244166264632,1.01601628385513,1.00778725127517,0.696514084912055,1.01115589239054,0.3901,0.6192,0.751,0.00132036665566361,2070.71,4.2,26.3,60.5,6363.8656948,0.1083218967,8.9,0.138,50.4993426,3.3,0.297,0.0251123581,0.0231825915
190,"-121.6005,39.6673",6007,"California, Butte",0.216814159292035,4.66150067457709,0.0214999827031515,4972,1.01580867163583,1.02143267057097,0.0134754625905068,67,0.000289722212612862,1.01588891562801,1.00778725127517,0.696514084912055,1.01115589239054,0.6583,0.7953,0.9484,0.0023177777009029,1829.79,7.4,17.7,127.6,7784.4961042,0.1376832727,8.9,0.098,240.57942353,3,0.272,0.0153336562,0.0247690871
191,"-120.5529,38.2054",6009,"California, Calaveras",0.324858757062147,5.04363843691066,0.0155256348405772,708,1.02247222417655,1.02143267057097,0.0310734463276836,22,0.000482434980921889,1,1.00778725127517,0.696514084912055,1.01115589239054,0.314,0.5135,0.063,0.00105258541292049,2155.21,5.2,27,40.8,7345.8857981,0.1095193564,9,0.117,17.59655406,3.3,0.305,0.0082452524,0.0193851147
192,"-122.2332,39.1788",6011,"California, Colusa",0.247619047619048,10.8198085726176,0.0436953807740325,945,1.01958962730078,1.02143267057097,0.00846560846560847,8,0.000369907985388635,1.04195362743721,1.00778725127517,0.696514084912055,1.01115589239054,0.5898,0.9847,0.4228,0.00221944791233181,1921.46,10.3,13.8,19.7,6556.2787052,0.1221725592,8.7,0.21,152.92216792,3.7,0.405,0.0095713691,0.0277430989
193,"-121.929,37.9192",6013,"California, Contra Costa",0.192709213149093,4.95907286898536,0.025733449833292,29599,1.01672148870091,1.02143267057097,0.00942599412142302,279,0.000242563346852545,1.00630020955784,1.00778725127517,0.696514084912055,1.01115589239054,0.2478,0.9564,0.4795,0.00150493603369805,3652.81,5.7,15,1328.9,4623.5095352,0.0994058713,11.6,0.088,1015.8096979,3,0.24,0.0873010698,0.0101772277
194,"-123.8974,41.7423",6015,"California, Del Norte",0.388059701492537,7.47448612907863,0.0192611757941641,536,1.03866311609339,1.02143267057097,0.00186567164179104,1,3.59350294667242e-05,1,1.00778725127517,0.696514084912055,1.01115589239054,0.8787,0.8017,0.9968,0.00176081644386948,1450.62,6.3,16.7,25.9,8954.9014012,0.151322448,8.5,0.102,57.394244118,3,0.344,0.032916487,0.0932154664
195,"-120.5233,38.7797",6017,"California, El Dorado",0.356686201385189,7.02230986270047,0.0196876409444194,3754,1.02958347315562,1.02143267057097,0.00213106020245072,8,4.19555480967915e-05,1,1.00778725127517,0.696514084912055,1.01115589239054,0.171,0.6937,0.2209,0.00117475534671016,2885.28,5.2,19.7,97.2,5164.5473544,0.1122036068,9.3,0.082,113.89489814,3,0.225,0.0088998206,0.0133313754
196,"-119.6467,36.7573",6019,"California, Fresno",0.12496571898711,5.49879324215607,0.0440024135156879,43756,1.01086563078139,1.02143267057097,0.0123868726574641,542,0.000545052292839903,1.00986683539965,1.00778725127517,0.696514084912055,1.01115589239054,0.9242,0.9892,0.844,0.00210076427996782,1949.16,9.5,11.7,165.7,7006.6159427,0.1335890782,15.3,0.108,335.74169988,3,0.314,0.0463907884,0.0297023331
197,"-122.3938,39.5988",6021,"California, Glenn",0.190726159230096,7.77266730844654,0.0407530217135523,1143,1.01137393971944,1.02143267057097,0.010498687664042,12,0.000427853246336507,1.01250777270301,1.00778725127517,0.696514084912055,1.01115589239054,0.8646,0.9542,0.4871,0.00167575854815132,1555.97,9.6,15.4,20.8,7364.3106766,0.1318078902,9.1,0.097,132.19481628,3.3,0.323,0.0084144472,0.0315898314
198,"-123.876,40.6992",6023,"California, Humboldt",0.309504467912266,2.79380815850645,0.0090267134990064,1231,1.02809072835219,1.02143267057097,0.00812347684809098,10,7.33282981235288e-05,1.01516534655549,1.00778725127517,0.696514084912055,1.01115589239054,0.643,0.7459,0.9042,0.00207519083689587,1678.91,9.7,16.7,39.4,8994.0565643,0.1446850837,8.8,0.089,280.51409056,2.7,0.29,0.0120991692,0.063164996
199,"-115.3669,33.0393",6025,"California, Imperial",0.154536338206576,16.1032189938788,0.104203446132863,18947,1.01946668611333,1.02143267057097,0.0196864939040481,373,0.00205140050707541,1.00508063260653,1.00778725127517,0.696514084912055,1.01115589239054,0.9854,0.9984,0.9869,0.00147392851446705,1713.96,9.3,12.5,39.1,6213.3986322,0.1284001073,13.5,0.092,225.51828703,3.3,0.346,0.024803797,0.0250127869
200,"-117.4112,36.5111",6027,"California, Inyo",0.252577319587629,5.44837938511147,0.0215711347084005,388,1.0225169602259,1.02143267057097,0.0438144329896907,17,0.000945127036192806,1.00869827228079,1.00778725127517,0.696514084912055,1.01115589239054,0.2844,0.8535,0.8902,0.00344693389670317,1865.45,6.4,22.9,1.8,8740.0101163,0.1183384737,7.3,0.092,94.290395789,3.3,0.277,0.0096180575,0.1348751876
201,"-118.7278,35.3433",6029,"California, Kern",0.172430365045355,9.60230339308893,0.0556880071010879,49939,1.01717558843105,1.02143267057097,0.00935140871863674,467,0.000520761315128618,1.00341101118258,1.00778725127517,0.696514084912055,1.01115589239054,0.9357,0.9799,0.9245,0.0019157771721434,1825.32,9,10.4,107.8,7923.0215081,0.1531417715,19.7,0.093,302.58154042,3,0.323,0.0520605198,0.0263714868
202,"-119.816,36.0741",6031,"California, Kings",0.159939416887543,13.9529352694793,0.0872388779514554,13205,1.01484238497109,1.02143267057097,0.00742143127603181,98,0.000647437337314853,1.00750919443606,1.00778725127517,0.696514084912055,1.01115589239054,0.9283,0.9828,0.9363,0.000938123488762338,1836.34,8.2,9.7,103.6,6356.8669362,0.1427052113,16.7,0.104,117.25534278,3.3,0.294,0.061347991,0.031731036
203,"-122.7536,39.1012",6033,"California, Lake",0.253246753246753,4.84607498990401,0.0191357832934671,1232,1.02048051012227,1.02143267057097,0.0178571428571429,22,0.00034171041595477,1.0066678482933,1.00778725127517,0.696514084912055,1.01115589239054,0.7959,0.8319,0.837,0.000963002081327079,1567.18,9.5,21.7,47.6,11305.466803,0.1440120094,6.9,0.127,34.014772143,3,0.251,0.0175980864,0.0439563853
204,"-120.5935,40.6731",6035,"California, Lassen",0.433002878157979,43.9581845334719,0.101519381858321,3127,1.03717140487438,1.02143267057097,0.00191877198592901,6,0.000194792545938575,1.10408951367381,1.00778725127517,0.696514084912055,1.01115589239054,0.6924,0.7832,0.7198,0.00123368612427764,1792.53,5.7,13.3,5.7,7125.9207184,0.1371878706,7.4,0.196,38.096758613,3.7,0.409,0.0785338614,0.042692033
205,"-118.2282,34.3083",6037,"California, Los Angeles",0.246710664032914,12.8289316787126,0.0519999073773358,525486,1.02244929538006,1.02143267057097,0.0157910962423357,8298,0.000821135541988051,1.0068826013207,1.00778725127517,0.696514084912055,1.01115589239054,0.6159,0.9933,0.9045,0.00251476470577758,2562.49,10.8,12.9,2543.5,5017.5431691,0.1084767811,14.2,0.084,2069.7537739,4,0.217,0.0796449029,0.0143737313
206,"-119.7666,37.2151",6039,"California, Madera",0.211976819059884,10.4393931706327,0.0492478055710589,7765,1.02307391393452,1.02143267057097,0.0137797810688989,107,0.000678623978892892,1.02502502143383,1.00778725127517,0.696514084912055,1.01115589239054,0.9258,0.9847,0.8239,0.000672281698716322,1824.98,9.4,13.4,69.3,6650.6452874,0.1344428413,14,0.123,196.57767392,3.3,0.358,0.0328339845,0.0442564311
207,"-122.7211,38.0712",6041,"California, Marin",0.0778834720570749,2.52247117450879,0.0323877596604869,8410,1.00687810765237,1.02143267057097,0.0156956004756243,132,0.000508345335931543,1.00108696165584,1.00778725127517,0.696514084912055,1.01115589239054,0.0334,0.8415,0.6985,0.00176380427164126,4554.58,4,21,496.1,3206.6318035,0.0972523376,10.3,0.053,870.32879333,2.7,0.166,0.0251438386,0.0098511164
208,"-119.9073,37.5798",6043,"California, Mariposa",0.264044943820225,2.69017228550169,0.0101883120599851,178,1.01625634068121,1.02143267057097,0.0224719101123595,4,0.000228950832808654,1.04195362743721,1.00778725127517,0.696514084912055,1.01115589239054,0.4783,0.618,0.5938,0.00194608207887356,1766.01,4.9,26.7,11.6,8231.0448737,0.1174526322,9.2,0.071,9.0270128303,2.3,0.238,0.0115620171,0.0339991987
209,"-123.3911,39.4381",6045,"California, Mendocino",0.244950802692905,5.39917357258635,0.0220418692783599,1931,1.01862503879311,1.02143267057097,0.0124287933713102,24,0.000273953838778166,1.00609846529734,1.00778725127517,0.696514084912055,1.01115589239054,0.6965,0.8841,0.8491,0.00160947880282172,1959.06,9.3,20.4,25.5,7749.67295,0.1290541382,8.8,0.076,96.424663799,3,0.321,0.0076821222,0.0632034336
210,"-120.7209,37.1892",6047,"California, Merced",0.192984878823448,10.1723290812149,0.0527104980619802,14483,1.0167742997034,1.02143267057097,0.0142926189325416,207,0.000753371062544356,1.01155848399643,1.00778725127517,0.696514084912055,1.01115589239054,0.9615,0.992,0.8274,0.000837078958382618,1789.73,8.7,10.9,130.2,6775.7437047,0.1412960646,12,0.143,207.85350671,2.7,0.284,0.0297636162,0.0251596819
211,"-120.7245,41.5897",6049,"California, Modoc",0.454166666666667,12.4188219209297,0.0273441950552581,240,1.04112929497113,1.02143267057097,0,0,0,,1.00778725127517,0.696514084912055,1.01115589239054,0.7529,0.7822,0.5769,0.012874558505184,1348.23,12.3,25.7,2.2,10076.65162,0.1382445839,6.6,0.186,13.344981235,3,0.283,0.0102540731,0.0500170901
212,"-118.8872,37.939",6051,"California, Mono",0.217142857142857,10.6666666666667,0.0491228070175439,700,1.01890292699962,1.02143267057097,0.00428571428571429,3,0.000210526315789474,1,1.00778725127517,0.696514084912055,1.01115589239054,0.1777,0.8762,0.29,0.00119298245614035,2112.37,16.6,14.3,4.8,3369.6016286,0.1193671818,6.1,0.056,10.450703741,2.3,0.254,0.0071578947,0.0298947368
213,"-121.2413,36.2186",6053,"California, Monterey",0.175736717573672,7.50239902294338,0.042691129813542,18596,1.01224782271221,1.02143267057097,0.00828135082813508,154,0.000353540223235398,1.02449785310108,1.00778725127517,0.696514084912055,1.01115589239054,0.5828,0.993,0.8399,0.00182050257808877,2527.08,11.2,12.8,127,5175.9192872,0.122499909,6.7,0.084,221.09669213,2.3,0.277,0.025544429,0.0260586693
214,"-122.3328,38.5074",6055,"California, Napa",0.262582056892779,7.74654453904474,0.0295014237861954,4113,1.0206370058551,1.02143267057097,0.00559202528567955,23,0.000164972707775953,1.02766948763189,1.00778725127517,0.696514084912055,1.01115589239054,0.2576,0.9491,0.8249,0.00259652696586499,3180.44,6.5,18,188.2,4646.0857462,0.0993284797,10.6,0.086,379.13944108,2.7,0.238,0.0206359339,0.0125164076
215,"-120.7627,39.3039",6057,"California, Nevada",0.357900050479556,7.11161932274113,0.0198704060343444,1981,1.02717508028519,1.02143267057097,0.0106007067137809,21,0.000210640346653828,1.03961211126014,1.00778725127517,0.696514084912055,1.01115589239054,0.2175,0.5524,0.2076,0.00176536671481303,2586.1,7.8,25.4,101.6,5835.2399112,0.1150829657,8.1,0.062,155.53768312,3,0.22,0.0049350024,0.0126384208
216,"-117.7646,33.7015",6059,"California, Orange",0.240893926683185,7.7511764085515,0.0321767199168353,102514,1.02392376642304,1.02143267057097,0.0165245722535459,1694,0.000531706533147853,1.00525285989362,1.00778725127517,0.696514084912055,1.01115589239054,0.3248,0.9723,0.5683,0.00232676536613048,3231.33,8.4,13.9,4177.8,4199.1366307,0.0931119744,10.6,0.085,1797.0457059,3.3,0.194,0.0164038057,0.0103281012
217,"-120.7241,39.0617",6061,"California, Placer",0.308093716719915,7.35853327873147,0.0238840744857548,9390,1.02665070041848,1.02143267057097,0.00979765708200213,92,0.000234007971532422,1.03159211841003,1.00778725127517,0.696514084912055,1.01115589239054,0.072,0.7437,0.1974,0.00186188951262753,2933.93,4.7,18.7,262.7,4522.6949673,0.0978462072,10.5,0.067,279.02737201,4,0.208,0.0163831016,0.0107084083
218,"-120.8395,40.0036",6063,"California, Plumas",0.367647058823529,6.64752180387152,0.0180812593065305,340,1.03457849340042,1.02143267057097,0,0,0,,1.00778725127517,0.696514084912055,1.01115589239054,0.2557,0.547,0.2388,0.00462667517549458,1828.21,3.5,26.7,8,8700.6760216,0.1148955561,9.9,0.11,44.643148111,3,0.269,0.0095192512,0.0314294831
219,"-115.9934,33.7431",6065,"California, Riverside",0.26603287277644,12.8454135414431,0.0482850611933124,118335,1.02638883970891,1.02143267057097,0.0132927705243588,1573,0.000641842238197325,1.00952545304255,1.00778725127517,0.696514084912055,1.01115589239054,0.6892,0.9736,0.6632,0.00153462724593779,2328.03,10,13.8,306.1,5796.962999,0.1249994432,14.8,0.094,407.06103317,3,0.271,0.061750691,0.0191251033
220,"-121.3425,38.4511",6067,"California, Sacramento",0.236221776112916,7.40699881568487,0.0313561219357874,48319,1.0206480278168,1.02143267057097,0.0138661810054016,670,0.000434789662389072,1.01254703088527,1.00778725127517,0.696514084912055,1.01115589239054,0.5338,0.9535,0.7603,0.00197926637356219,2282.8,6.3,13.4,1545.1,6339.7496513,0.1155002855,9.1,0.095,877.74749459,4.3,0.289,0.0976407794,0.0154019371
221,"-121.07,36.6031",6069,"California, San Benito",0.231712300776461,9.21396883175975,0.0397646944114923,2447,1.01804918600793,1.02143267057097,0.00776460972619534,19,0.000308757332986658,1.00775379492937,1.00778725127517,0.696514084912055,1.01115589239054,0.4978,0.9771,0.1958,0.00294131985634659,2517.21,7.4,12.1,37.7,5148.1810351,0.1078318527,6.2,0.09,120.15093075,1.7,0.323,0.008758958,0.0308107318
222,"-116.1775,34.8406",6071,"California, San Bernardino",0.266052801843173,15.5272395552962,0.0583614960929783,126738,1.02479453549406,1.02143267057097,0.00964982878063406,1223,0.000563178444678885,1.00573620496534,1.00778725127517,0.696514084912055,1.01115589239054,0.8277,0.9825,0.8141,0.00195984256790951,2100.11,9.4,10.9,103.9,6762.5514735,0.1262827655,14.9,0.094,594.27744321,3.3,0.288,0.0814356952,0.0206920878
223,"-116.7365,33.0348",6073,"California, San Diego",0.244831054651119,7.86273944446372,0.032114959663381,107372,1.02204722486626,1.02143267057097,0.0108221882799985,1162,0.000347554140081666,1.01293852126676,1.00778725127517,0.696514084912055,1.01115589239054,0.3914,0.9561,0.8411,0.00216727822636123,2813.31,8.7,13.3,792.5,4641.05997,0.1075317529,10.4,0.071,986.95979261,3.3,0.203,0.0470292795,0.0131708662
224,"-122.4386,37.7522",6075,"California, San Francisco",0.160918915983273,3.35444721811832,0.0208455742920056,18413,1.01330367841878,1.02143267057097,0.00906967903111932,167,0.000189062668047843,1.00259298234902,1.00778725127517,0.696514084912055,1.01115589239054,0.2239,0.9742,0.9497,0.00522243166290239,4165.58,4.4,15.1,23116.8,4269.7004184,0.1032606238,9.8,0.068,2318.3966083,4,0.184,0.0503427468,0.0074379744
225,"-121.273,37.9343",6077,"California, San Joaquin",0.20055900621118,8.58023543166901,0.0427816012542184,32200,1.01962129550898,1.02143267057097,0.016583850931677,534,0.000709483697818404,1.00325216987779,1.00778725127517,0.696514084912055,1.01115589239054,0.7618,0.9812,0.8083,0.00160098849414078,2217.42,7.5,12.2,504.7,7155.2242935,0.1170616622,11.9,0.104,595.48973106,3.7,0.327,0.0710652884,0.0197712114
226,"-120.4039,35.3882",6079,"California, San Luis Obispo",0.178638434735996,4.6934967078624,0.026273722756241,7462,1.01718528751964,1.02143267057097,0.0061645671401769,46,0.000161966127953241,1.01308078292908,1.00778725127517,0.696514084912055,1.01115589239054,0.2331,0.8405,0.7832,0.00160557726840604,2600.33,7.5,18.7,83.8,5271.2259578,0.1078329694,10.5,0.08,151.55646849,2.3,0.255,0.0174747368,0.0140135911
227,"-122.3276,37.4229",6081,"California, San Mateo",0.201760324983074,4.64690174063895,0.0230317915131669,17724,1.0192261638618,1.02143267057097,0.0100993003836606,179,0.000232604980865317,1.00241746176026,1.00778725127517,0.696514084912055,1.01115589239054,0.1185,0.9682,0.6043,0.00324347504044598,4468.6,4.8,15.4,1664,3367.8110377,0.0861335734,9.2,0.076,1478.6408744,3.3,0.212,0.0226029667,0.0087922084
228,"-120.0188,34.6533",6083,"California, Santa Barbara",0.128510702899651,3.79148405359586,0.0295032551223106,13174,1.01213900000125,1.02143267057097,0.0106269925611052,140,0.000313530872713184,1.00205764797984,1.00778725127517,0.696514084912055,1.01115589239054,0.5188,0.9672,0.9156,0.00216336302172097,2804.01,10.6,14.6,167.1,5042.4450983,0.1137731055,10.2,0.087,332.92858078,2,0.246,0.0178555832,0.021539571
229,"-121.697,37.231",6085,"California, Santa Clara",0.285806518796209,7.08258282281414,0.0247810401688713,48015,1.02942684489797,1.02143267057097,0.0109549099239821,526,0.000271474062872567,1.00640773405409,1.00778725127517,0.696514084912055,1.01115589239054,0.1933,0.9815,0.731,0.00230959397595958,4356.79,4.8,12.8,1604,3579.0807063,0.0826901401,8.9,0.076,1524.0879016,2.3,0.194,0.0235800513,0.0119969859
230,"-122.0067,37.0558",6087,"California, Santa Cruz",0.250465707027942,5.39279138028477,0.0215310568631383,5905,1.0241384001676,1.02143267057097,0.00897544453852667,53,0.000193250806730962,1.04102081009667,1.00778725127517,0.696514084912055,1.01115589239054,0.4277,0.9325,0.9035,0.00130900074747954,3238.65,6.2,15,589.2,4622.3917405,0.1144083433,7.5,0.069,374.55654532,3,0.19,0.009717234,0.0185666624
231,"-122.0397,40.7639",6089,"California, Shasta",0.287611265139355,10.9475672072873,0.0380637636080871,6853,1.02788163491755,1.02143267057097,0.00846344666569386,58,0.000322150633192624,1.01296201612503,1.00778725127517,0.696514084912055,1.01115589239054,0.4895,0.6202,0.815,0.00406576316374139,1958.22,7.5,19.9,47.3,9014.3139037,0.1396353504,8.4,0.11,208.83444686,3.7,0.238,0.0105087758,0.0316707398
232,"-120.5201,39.5771",6091,"California, Sierra",0.296296296296296,2.67827251422832,0.00903916973552059,27,1.01696850489722,1.02143267057097,0,0,0,,1.00778725127517,0.696514084912055,1.01115589239054,0.1188,0.2646,0.0882,0.0130565785068631,1680.93,10.2,29.1,3,5228.038546,0.1180830717,6.7,0.069,13.938315596,2.3,0.247,0.005021761,0.0251088048
233,"-122.5407,41.592",6093,"California, Siskiyou",0.317286652078775,6.63251303631873,0.020903851431708,914,1.02178734926346,1.02143267057097,0.00765864332603939,7,0.000160095142255969,1.04924143725562,1.00778725127517,0.696514084912055,1.01115589239054,0.6019,0.6928,0.6676,0.00139511481108773,1507.89,7,24,7.3,9455.1533337,0.1406632602,9.6,0.134,75.714874525,3.7,0.318,0.0134708627,0.0509102552
234,"-121.9357,38.2683",6095,"California, Solano",0.195795418889238,5.58876872439041,0.0285439197510132,12748,1.01592857711397,1.02143267057097,0.00713837464700345,91,0.000203757193076734,1.00979166340371,1.00778725127517,0.696514084912055,1.01115589239054,0.3697,0.958,0.6905,0.00150466850272049,2674.5,5.6,14.7,437.3,6149.0383397,0.1170507434,11,0.102,707.36238309,3.3,0.303,0.1374756499,0.0127113141
235,"-122.8863,38.5275",6097,"California, Sonoma",0.17048622917375,5.01458169147621,0.0294134119557869,14705,1.01369999336192,1.02143267057097,0.01101666099966,162,0.00032403758836025,1.0017762213297,1.00778725127517,0.696514084912055,1.01115589239054,0.2554,0.8981,0.6472,0.00372243180208904,2846.46,6.9,18.2,297.9,4779.2582374,0.1007567654,10.1,0.072,474.79399217,2.7,0.224,0.016025859,0.0219045409
236,"-120.9971,37.5586",6099,"California, Stanislaus",0.188079569249177,9.14853177887107,0.0486418158835245,26744,1.01530158868411,1.02143267057097,0.017686209991026,473,0.000860289370060839,1.0107135513727,1.00778725127517,0.696514084912055,1.01115589239054,0.8089,0.9701,0.6043,0.00236988805325428,2003.1,6.5,12.6,347.7,7163.5505852,0.1278975107,12.3,0.114,305.67436646,3.3,0.305,0.0265343797,0.0198539509
237,"-121.6946,39.0342",6101,"California, Sutter",0.293618825524698,14.3068166558203,0.0487258152819528,4717,1.02615827492011,1.02143267057097,0.00699597201611194,33,0.000340884440174781,1.07416039320958,1.00778725127517,0.696514084912055,1.01115589239054,0.7885,0.9643,0.6654,0.000619789891226874,1910.02,9.6,14.8,148.4,7136.0381906,0.1195215245,9.4,0.103,151.13533162,3.7,0.318,0.021702976,0.0235726755
238,"-122.237,40.1257",6103,"California, Tehama",0.288078065337293,10.6233181050128,0.0368765254396395,2357,1.02782694014391,1.02143267057097,0.0127280441238863,30,0.000469366042931347,1.00990485606307,1.00778725127517,0.696514084912055,1.01115589239054,0.8506,0.8469,0.8456,0.00118906064209275,1530.08,7.3,18.9,20.8,8847.4706238,0.1425897379,8.7,0.099,85.609910169,3.7,0.279,0.0073064647,0.0335596721
239,"-123.1147,40.6492",6105,"California, Trinity",0.297777777777778,5.34503390506582,0.0179497407259673,225,1.02756650441424,1.02143267057097,0.00444444444444444,1,7.97766254487435e-05,,1.00778725127517,0.696514084912055,1.01115589239054,0.657,0.5304,0.6307,0.00406860789788592,1468.65,11.3,26.3,4.4,11187.237833,0.14700217,7.8,0.078,19.283143625,2,0.335,0.005105704,0.052173913
240,"-118.802,36.2203",6107,"California, Tulare",0.182844511111988,9.94287995775564,0.0543788812542797,25333,1.01605707089514,1.02143267057097,0.0129080645797971,327,0.000701926111007361,1.00444677153612,1.00778725127517,0.696514084912055,1.01115589239054,0.9685,0.9927,0.6371,0.004477730481839,1765.76,9.8,10.9,95,7209.0187819,0.1379971224,17.8,0.093,191.82039651,3,0.371,0.0123491771,0.0276391456
241,"-119.9525,38.0264",6109,"California, Tuolumne",0.365869424692954,10.3778947175416,0.0283650231944113,1547,1.03819186552583,1.02143267057097,0.010989010989011,17,0.000311703551586938,1.05101682379262,1.00778725127517,0.696514084912055,1.01115589239054,0.3624,0.5505,0.6692,0.00278699646124791,1977.1,5.7,24.8,23.4,7518.9026826,0.113430194,8.9,0.097,19.121146985,3.3,0.332,0.0186838776,0.0230293918
242,"-119.0911,34.4447",6111,"California, Ventura",0.248314390290888,7.57373670189326,0.0305005952052195,25955,1.01926302815731,1.02143267057097,0.00762858794066654,198,0.000232676472765689,1.00743105539104,1.00778725127517,0.696514084912055,1.01115589239054,0.3439,0.9628,0.5508,0.00177092648716108,3062.68,9.3,14.6,439.6,4694.6479676,0.1056102179,11.2,0.093,637.43873931,3,0.207,0.0176634347,0.0186787502
243,"-121.9018,38.6828",6113,"California, Yolo",0.210887690044139,5.85278211317194,0.0277530761133897,6117,1.01872624922507,1.02143267057097,0.0145496158247507,89,0.000403796595404885,1.0082941461109,1.00778725127517,0.696514084912055,1.01115589239054,0.5656,0.9497,0.9519,0.000707778302058001,2527.45,5.9,11.8,232.1,4795.4639776,0.1090657764,9.8,0.063,360.28529425,3,0.239,0.0247767776,0.0179076985
244,"-121.3536,39.2626",6115,"California, Yuba",0.278014184397163,10.0460014607706,0.036134852193078,2820,1.02312313560382,1.02143267057097,0.00354609929078014,10,0.000128137773734319,,1.00778725127517,0.696514084912055,1.01115589239054,0.808,0.9303,0.9077,0.00221678348560372,1862.35,8,12,117.4,9637.6553819,0.1417914005,9.6,0.119,189.27365677,3.3,0.344,0.0352891429,0.0292154124
245,"-104.3363,39.8743",8001,"Colorado, Adams",0.171148100725566,11.7510764493971,0.0686602796033352,35145,1.01198020206055,1.01449209841425,0.0120927585716318,425,0.000830292184703869,1.01960209042659,1.02384983003922,0.668922164688168,1.01153389714841,0.4006,0.9443,0.5524,0.00175631217423242,2125.79,11.1,9.9,378.4,6436.6979073,0.1632460542,9.2,0.077,490.4027736,4.3,0.278,0.0318851735,0.0227675885
246,"-105.7885,37.5725",8003,"Colorado, Alamosa",0.235588972431078,11.2689564227057,0.0478331235389318,798,1.01827231923937,1.01449209841425,0.0263157894736842,21,0.00125876640891926,1.05963402266705,1.02384983003922,0.668922164688168,1.01153389714841,0.8669,0.9331,0.9943,0.00263741533297369,1244.6,14,12.8,26.2,9380.5366717,0.1728464256,4.6,0.064,143.87708302,3.3,0.24,0.0131271354,0.0529880717
247,"-104.3354,39.6498",8005,"Colorado, Arapahoe",0.187974260911795,9.50991607994288,0.0505915864960113,32946,1.01265393547467,1.01449209841425,0.0152370545741516,502,0.000770866764432637,1.01382429974256,1.02384983003922,0.668922164688168,1.01153389714841,0.1022,0.8946,0.3613,0.00134364226868239,2681.63,8.2,12.3,788.4,5338.0432931,0.1326355247,8.1,0.07,453.79536579,4,0.221,0.1051480694,0.0114570457
248,"-107.0477,37.1947",8007,"Colorado, Archuleta",0.429951690821256,12.9313476207773,0.0300762804213585,414,1.03563782609416,1.01449209841425,0,0,0,,1.02384983003922,0.668922164688168,1.01153389714841,0.2608,0.6224,0.3413,0.000799128223755903,1777.43,11.1,24.5,10,6069.4081655,0.1347607107,4.4,0.045,45.399367845,2.3,0.239,0.0060297857,0.0346531057
249,"-102.5603,37.3194",8009,"Colorado, Baca",0.318181818181818,13.6680613668061,0.0429567642956764,154,1.02116420457606,1.01449209841425,0,0,0,,1.02384983003922,0.668922164688168,1.01153389714841,0.5634,0.68,0.3941,0.0220362622036262,1297.14,6.8,25.9,1.5,4915.96741,0.1517142555,5.6,0.151,56.013947373,3,0.308,0.0075313808,0.019525802
250,"-103.072,37.9547",8011,"Colorado, Bent",0.728915662650602,82.2849370962258,0.112886773206392,664,1.07470458316235,1.01449209841425,0.00451807228915663,3,0.00051003060183611,1.16993081275869,1.02384983003922,0.668922164688168,1.01153389714841,0.8701,0.8313,0.8077,,1114.11,9.5,17.3,3.1,10020.166809,0.182172674,5.4,0.075,57.255431911,2.3,0.3,0.0759945597,0.0348520911
251,"-105.3547,40.0931",8013,"Colorado, Boulder",0.156163113994439,6.20097031998479,0.0397082906543833,12948,1.01040486630116,1.01449209841425,0.0114303367315416,148,0.000453879133213526,1.0255979572807,1.02384983003922,0.668922164688168,1.01153389714841,0.1334,0.7157,0.5673,0.00204858960126105,3075.38,5,13.1,496.6,4233.0488231,0.1131844178,7.7,0.048,306.68230874,3,0.152,0.0095559958,0.0084887665
252,"-105.0566,39.96",8014,"Colorado, Broomfield",0.181520850367948,6.40997877777296,0.0353126308343078,2446,1.01123473512847,1.01449209841425,0.0233033524121014,57,0.000822902680930313,1.01601628385513,1.02384983003922,0.668922164688168,1.01153389714841,0.008,0.6963,0.1458,0.00190566936636494,3054.91,4.7,12.9,2305.8,4551.4348965,0.1162537796,8.5,0.068,187.19439178,4.3,0.196,0.012892142,0.0079114152
253,"-106.1927,38.7475",8015,"Colorado, Chaffee",0.200974421437272,8.23887751535427,0.0409946572127628,821,1.01613072940005,1.01449209841425,0.0267965895249695,22,0.00109851700204724,1.0066678482933,1.02384983003922,0.668922164688168,1.01153389714841,0.115,0.4432,0.4881,0.00124831477505368,1866.79,10.4,24.4,19.8,5979.0385488,0.1348887293,4.2,0.07,113.86267878,3,0.156,0.0161781595,0.0162780247
254,"-102.6033,38.8278",8017,"Colorado, Cheyenne",0.294117647058824,13.3262260127932,0.0453091684434968,85,1.01804126125684,1.01449209841425,0.0352941176470588,3,0.00159914712153518,1.05963402266705,1.02384983003922,0.668922164688168,1.01153389714841,0.5038,0.6931,0.0624,0.005863539445629,1587.2,11.2,12,1.2,7455.5143676,0.1400002554,5.8,0.123,41.801648733,3,0.238,0.0090618337,0.012793177
255,"-105.6463,39.6886",8019,"Colorado, Clear Creek",0.185344827586207,4.47683498178032,0.0241540864133264,232,1.01228126085168,1.01449209841425,0.00862068965517241,2,0.000208224882873503,1,1.02384983003922,0.668922164688168,1.01153389714841,0.001,0.4833,0.1404,,2379.32,9,18.9,20,5065.2397259,0.1248321672,4.6,0.067,454.23032138,3,0.222,0.0099947944,0.0118688183
256,"-106.1917,37.2016",8021,"Colorado, Conejos",0.302040816326531,9.02439024390244,0.0298780487804878,245,1.01748842798917,1.01449209841425,0.0163265306122449,4,0.00048780487804878,1.04195362743721,1.02384983003922,0.668922164688168,1.01153389714841,0.8879,0.9175,0.5903,0.00207317073170732,1130.72,13.5,18,6,11527.326743,0.1555417496,4.4,0.082,33.658212701,3,0.261,0.0041463415,0.0396341463
257,"-105.4277,37.2773",8023,"Colorado, Costilla",0.256637168141593,7.57575757575758,0.0295193312434692,113,1.02980691163681,1.01449209841425,0.0176991150442478,2,0.000522466039707419,1,1.02384983003922,0.668922164688168,1.01153389714841,0.9662,0.9787,0.4655,,1149.29,11.6,26.8,3,11587.667392,0.1710449684,4.2,0.137,39.538737236,3,0.279,0.0080982236,0.0532915361
258,"-103.7845,38.3261",8025,"Colorado, Crowley",0.134965034965035,32.9463980880847,0.244110617958348,1430,1.00932965676541,1.01449209841425,0.00699300699300699,10,0.00170706725844998,1.10408951367381,1.02384983003922,0.668922164688168,1.01153389714841,0.9519,0.8507,0.8478,,1062.68,7,12.9,5,7302.5716614,0.1862909285,5.4,0.056,5.7448528335,3,0.309,0.1046432229,0.0346534653
259,"-105.3683,38.1088",8027,"Colorado, Custer",0.441666666666667,10.6984255147356,0.0242228502220428,120,1.03868718652324,1.01449209841425,0,0,0,,1.02384983003922,0.668922164688168,1.01153389714841,0.4401,0.5552,0.0449,,1486.5,15.5,36.3,6.4,13054.69181,0.1365819137,4.2,0.072,11.201149344,2.3,0.279,0.0133225676,0.011909568
260,"-107.8631,38.8625",8029,"Colorado, Delta",0.415657036346692,14.408942590379,0.0346654605369431,1073,1.04153811994405,1.01449209841425,0.0158434296365331,17,0.000549219784835073,1.06416270333165,1.02384983003922,0.668922164688168,1.01153389714841,0.6554,0.6644,0.6466,0.00158304526217168,1538.61,10.2,24.7,26.8,7444.7768164,0.1459928244,5.3,0.098,66.243374548,3.3,0.267,0.0061383388,0.0133751171
261,"-104.8726,39.7602",8031,"Colorado, Denver",0.148785757903142,8.84168978858103,0.0594256460644362,42578,1.00979405498376,1.01449209841425,0.0142796749495044,608,0.000848578909464446,1.01548377997646,1.02384983003922,0.668922164688168,1.01153389714841,0.278,0.9382,0.8717,0.00260295997722236,2532.89,10.3,11.4,5803.9,6376.3000347,0.1466450335,8.2,0.051,1028.7191892,3.7,0.166,0.0894999525,0.018004388
262,"-108.5212,37.7521",8033,"Colorado, Dolores",0.525,10.1253616200579,0.0192864030858245,40,1.03708425891698,1.01449209841425,0,0,0,,1.02384983003922,0.668922164688168,1.01153389714841,0.2809,0.127,0.0446,,1412.4,5.1,25.6,1.8,12492.029476,0.1527942802,4.4,0.057,50.634513774,,0.207,0.0033751205,0.0323047252
263,"-104.93,39.3313",8035,"Colorado, Douglas",0.218009478672986,8.58869932550704,0.039395990384391,13504,1.01500555084602,1.01449209841425,0.0108116113744076,146,0.000425934137745933,1.02479121093319,1.02384983003922,0.668922164688168,1.01153389714841,0.0022,0.503,0.0376,0.000951058417158728,3877.11,2.9,10.9,359.4,3549.3631603,0.1072398599,7,0.049,194.02876775,4.3,0.196,0.0135948841,0.0051433006
264,"-106.6934,39.6275",8037,"Colorado, Eagle",0.170817257102771,8.85567254014147,0.0518429618315058,2851,1.01482104461207,1.01449209841425,0.00420904945633111,12,0.000218209590311494,1,1.02384983003922,0.668922164688168,1.01153389714841,0.0662,0.8886,0.326,0.00105467968650556,2778.3,15.1,10.1,34.1,3056.914357,0.1254690235,4.2,0.024,259.92183741,2,0.129,0.0099285364,0.0136380994
265,"-104.1359,39.2866",8039,"Colorado, Elbert",0.270501835985312,8.40879689521345,0.0310859143139792,817,1.02046131583113,1.01449209841425,0.00611995104039168,5,0.000190244273647363,1,1.02384983003922,0.668922164688168,1.01153389714841,0.0019,0.2025,0.0035,,3005.76,5.8,14.7,9.8,5547.1423056,0.1273206469,6.2,0.06,14.224635819,3.3,0.28,0.0125941709,0.0084468457
266,"-104.5251,38.8324",8041,"Colorado, El Paso",0.24155112034849,11.8847498655191,0.0492017998027613,35123,1.01715218830816,1.01449209841425,0.0122711613472653,431,0.000603763223955532,1.03933243736395,1.02384983003922,0.668922164688168,1.01153389714841,0.2379,0.7539,0.5782,0.00101421014882553,2279.76,7.4,12.1,340.1,7452.7999235,0.1426490991,6.1,0.066,236.94730652,4.3,0.223,0.0606859086,0.0136554151
267,"-105.44,38.4736",8043,"Colorado, Fremont",0.24750067549311,19.0749880260719,0.0770704483455155,3701,1.01533526184968,1.01449209841425,0.00324236692785734,12,0.000249890672830637,1.08004153648474,1.02384983003922,0.668922164688168,1.01153389714841,0.5847,0.6765,0.7036,0.00052060556839716,1667.17,7.1,20.9,26.4,7921.092859,0.1556983658,5,0.082,42.664679841,3.3,0.273,0.0379833823,0.0181587222
268,"-107.9027,39.5992",8045,"Colorado, Garfield",0.268447412353923,13.4515643299314,0.050108750209135,2995,1.02410751221501,1.01449209841425,0.00567612687813022,17,0.000284423623891584,1.07875115690662,1.02384983003922,0.668922164688168,1.01153389714841,0.2131,0.8685,0.5915,0.00199096536724109,2407.79,17.1,12,20.1,5862.1568417,0.137636287,5.1,0.044,168.49632464,3.7,0.234,0.0061067425,0.0169483018
269,"-105.5253,39.8565",8047,"Colorado, Gilpin",0.171428571428571,2.94069596471165,0.0171540597941513,105,1.00990485606307,1.01449209841425,0.00952380952380952,1,0.000163371998039536,1,1.02384983003922,0.668922164688168,1.01153389714841,6e-04,0.2763,0.15,,2163.9,4.6,14.5,58,4681.078227,0.1274212884,4.6,0.053,5.8680085581,3.3,0.27,0.0099656919,0.0133965038
270,"-106.1178,40.106",8049,"Colorado, Grand",0.245681381957774,8.24476650563607,0.0335587761674718,521,1.01513442184869,1.01449209841425,0.00959692898272553,5,0.000322061191626409,1.07570373984278,1.02384983003922,0.668922164688168,1.01153389714841,0.149,0.5333,0.4104,0.0028341384863124,2129.29,14.8,16.1,8.5,5326.0224228,0.1416864452,4.1,0.047,88.26417629,2,0.183,0.0087600644,0.0091465378
271,"-107.0321,38.6661",8051,"Colorado, Gunnison",0.1309963099631,4.11689667169199,0.0314275774092543,542,1.01101246447624,1.01449209841425,0.0129151291512915,7,0.000405891221152731,1,1.02384983003922,0.668922164688168,1.01153389714841,0.2631,0.3426,0.5326,0.00139162704395222,1740.22,10.8,12.4,5.6,4523.0166869,0.1497135057,4.2,0.024,49.94118692,2.3,0.166,0.0064362751,0.0258030848
272,"-107.3004,37.8225",8053,"Colorado, Hinsdale",0.25,3.69913686806412,0.0147965474722565,12,1.02638809625704,1.01449209841425,0,0,0,,1.02384983003922,0.668922164688168,1.01153389714841,0.1303,0.1404,0.0395,,1786.08,10.3,27.4,0.7,,0.1289484273,3.8,0.05,14.000728884,,0.244,0.0061652281,0.0135635018
273,"-104.9613,37.6847",8055,"Colorado, Huerfano",0.330508474576271,11.3223980258383,0.0342575119756133,236,1.02247222417655,1.01449209841425,0.0466101694915254,11,0.0015967484395413,1.06669950157661,1.02384983003922,0.668922164688168,1.01153389714841,0.393,0.7147,0.6864,0.00290317898098418,1214.67,8.6,30.9,4.5,12091.589567,0.1317363731,4.4,0.084,112.91377286,3,0.266,0.0078385832,0.0519669038
274,"-106.3409,40.6659",8057,"Colorado, Jackson",0.16,2.85918513223731,0.0178699070764832,25,1.01842967859905,1.01449209841425,0,0,0,,1.02384983003922,0.668922164688168,1.01153389714841,0.4134,0.6772,0.0102,,1400.03,10.6,22.2,0.9,,0.1446295164,3.4,0.086,18.728034484,,0.28,0.0007147963,0.0264474625
275,"-105.2518,39.5864",8059,"Colorado, Jefferson",0.209336647506602,9.28937168344441,0.0443752768284465,25748,1.0154234486384,1.01449209841425,0.0214385583346279,552,0.000951341960901914,1.01598535301345,1.02384983003922,0.668922164688168,1.01153389714841,0.0248,0.6749,0.1987,0.000934107505088473,2807.11,5.8,15.6,685.5,5396.588212,0.1232012547,8.4,0.058,396.85243708,4,0.206,0.0114385083,0.0119676061
276,"-102.7392,38.4326",8061,"Colorado, Kiowa",0.566037735849057,21.6919739696312,0.0383224873463485,53,1.06547293375783,1.01449209841425,0,0,0,,1.02384983003922,0.668922164688168,1.01153389714841,0.2185,0.384,0.2085,0.0303687635574837,1413.35,5.9,19.7,0.8,7751.1729562,0.144157975,5.8,0.093,49.35896611,3,0.301,0.0043383948,0.0086767896
277,"-102.6022,39.305",8063,"Colorado, Kit Carson",0.228205128205128,12.4249616082647,0.0544464609800363,390,1.02151906315283,1.01449209841425,0.0205128205128205,8,0.00111685048164177,1,1.02384983003922,0.668922164688168,1.01153389714841,0.3373,0.8058,0.4015,0.0026525198938992,1561.03,12.6,18,3.5,6570.6464091,0.1411919389,6.1,0.091,75.770297227,3,0.311,0.0064218903,0.0115873237
278,"-106.3556,39.2028",8065,"Colorado, Lake",0.228813559322034,10.3527607361963,0.0452453987730061,354,1.01498340095517,1.01449209841425,0,0,0,,1.02384983003922,0.668922164688168,1.01153389714841,0.5455,0.8682,0.6351,0.00319529652351738,1519.81,14.7,11.7,19,6308.482581,0.1496963299,3.9,0.074,1.7227879092,2,0.248,0.0072852761,0.0268404908
279,"-107.8429,37.2863",8067,"Colorado, La Plata",0.291688724192695,9.78511809625289,0.0335464393535784,1889,1.02066524213175,1.01449209841425,0.00529380624669137,10,0.000177588350204227,1.10408951367381,1.02384983003922,0.668922164688168,1.01153389714841,0.0503,0.4801,0.6829,0.00166933049191973,2353.04,9.1,15.7,34.8,5552.6253588,0.1477847781,5,0.051,113.71567631,3.3,0.184,0.0047771266,0.074924525
280,"-105.4626,40.6667",8069,"Colorado, Larimer",0.226031065881093,8.42752725965571,0.0372848184686664,13069,1.01638069309931,1.01449209841425,0.0072691101078889,95,0.000271027450801385,1.02669715631981,1.02384983003922,0.668922164688168,1.01153389714841,0.1487,0.5982,0.355,0.00163472346641257,2410.13,6.3,14.7,132.7,5076.9195733,0.1266767259,6.6,0.05,119.14611982,3.7,0.202,0.0097512824,0.0102847785
281,"-104.0376,37.3153",8071,"Colorado, Las Animas",0.377005347593583,9.72212645659519,0.0257877680479901,374,1.03199744261027,1.01449209841425,0.00802139037433155,3,0.000206853754395642,1.16993081275869,1.02384983003922,0.668922164688168,1.01153389714841,0.6975,0.8481,0.8351,0.00172378128663035,1340.61,9.3,22.9,3.4,14036.946265,0.1503614012,4.8,0.102,68.026213203,3.7,0.289,0.0173067641,0.036751017
282,"-103.5137,38.9875",8073,"Colorado, Lincoln",0.795947901591896,98.0392156862745,0.123172905525847,691,1.03101125654045,1.01449209841425,0.00144717800289436,1,0.00017825311942959,,1.02384983003922,0.668922164688168,1.01153389714841,0.4567,0.8548,0.5836,0.0089126559714795,1465.93,4,17.1,2.2,5562.699211,0.1478317059,5.5,0.09,49.83485176,2.3,0.303,0.0527629234,0.014973262
283,"-103.1108,40.725",8075,"Colorado, Logan",0.192963365977512,24.7120029728725,0.128065774804905,2757,1.01200796583173,1.01449209841425,0.0177729416031919,49,0.0022761055369751,1.02941589499122,1.02384983003922,0.668922164688168,1.01153389714841,0.4159,0.7752,0.9634,0.00116127833519138,1706.37,9.1,16.8,10.9,7642.8015024,0.1553359731,5.7,0.111,55.915318628,3.7,0.38,0.0349312523,0.0171869194
284,"-108.4698,39.0179",8077,"Colorado, Mesa",0.229940119760479,11.2788580156259,0.0490512835575398,7515,1.0154121705403,1.01449209841425,0.0127744510978044,96,0.000626603223090329,1.03990250579525,1.02384983003922,0.668922164688168,1.01153389714841,0.5287,0.5982,0.5969,0.00300247377730783,1780.29,10.1,17.9,47.2,7097.4499069,0.1563545096,6.4,0.082,99.287725544,3.3,0.235,0.0069840151,0.0153321976
285,"-106.9282,37.6695",8079,"Colorado, Mineral",0.027027027027027,1.28865979381443,0.047680412371134,37,1.00392180941666,1.01449209841425,0.027027027027027,1,0.00128865979381443,,1.02384983003922,0.668922164688168,1.01153389714841,0.0401,0.2728,0.0216,,1623.81,8.3,30.4,0.9,,0.1274782424,3.8,0.06,17.367841906,,0.211,0.0025773196,0.0115979381
286,"-108.2071,40.6181",8081,"Colorado, Moffat",0.324766355140187,10.5398847437064,0.032453745829542,428,1.02421408188579,1.01449209841425,0.0373831775700935,16,0.00121322414316045,1.0301070886466,1.02384983003922,0.668922164688168,1.01153389714841,0.3086,0.6975,0.7329,0.0018956627236882,1667.17,13.5,13.9,2.8,7545.1927166,0.1458158732,4.3,0.082,118.43463932,3,0.263,0.0065210798,0.0156960874
287,"-108.5959,37.3386",8083,"Colorado, Montezuma",0.283838383838384,10.7424114993501,0.0378469301934399,990,1.02184851755196,1.01449209841425,0.0111111111111111,11,0.000420521446593776,1.0465440871019,1.02384983003922,0.668922164688168,1.01153389714841,0.5041,0.5536,0.2846,0.000955730560440401,1554.87,12.9,20.7,12.9,9029.4488187,0.1590556841,5.1,0.124,93.403762756,2.3,0.277,0.0037082346,0.1405688508
288,"-108.2639,38.4021",8085,"Colorado, Montrose",0.329656862745098,12.7445871038044,0.0386601601364476,1632,1.02801557788039,1.01449209841425,0.0134803921568627,22,0.000521154119486426,1.0465440871019,1.02384983003922,0.668922164688168,1.01153389714841,0.6166,0.8048,0.6437,0.00163452882929834,1611.81,10.9,22.4,19.3,7173.6265236,0.1543118127,5,0.077,92.732081843,3,0.209,0.0045008765,0.0183825271
289,"-103.8093,40.2628",8087,"Colorado, Morgan",0.137822198842714,9.1743119266055,0.0665662861544926,1901,1.0105788446379,1.01449209841425,0.0331404523934771,63,0.00220603683731354,1.01188315252133,1.02384983003922,0.668922164688168,1.01153389714841,0.5057,0.9306,0.681,0.00241613558372435,1551.54,7.9,15.3,22.5,8133.2228051,0.1418606701,6.3,0.102,39.103479774,3.7,0.349,0.0327053715,0.0185937391
290,"-103.7173,37.9014",8089,"Colorado, Otero",0.516475095785441,36.5668402777778,0.07080078125,1305,1.04252518798642,1.01449209841425,0.0137931034482759,18,0.0009765625,1.05963402266705,1.02384983003922,0.668922164688168,1.01153389714841,0.8882,0.8863,0.6269,0.00423177083333333,1127.46,9.6,19.7,14.8,9826.4893594,0.1620947301,5.7,0.115,75.094294443,3.3,0.351,0.0113389757,0.0373806424
291,"-107.7675,38.1472",8091,"Colorado, Ouray",0.145985401459854,4.13821642871922,0.0283467825367267,137,1.01202877342241,1.01449209841425,0.0218978102189781,3,0.000620732464307883,1.05963402266705,1.02384983003922,0.668922164688168,1.01153389714841,0.1006,0.3317,0.0255,,2127.9,10.1,27.2,9.3,4886.2086691,0.1261668833,4.1,0.069,82.344643427,2.3,0.219,0.0008276433,0.0088971653
292,"-105.7182,39.1209",8093,"Colorado, Park",0.254777070063694,4.31127398146152,0.0169217503772365,314,1.0180721428095,1.01449209841425,0.0127388535031847,4,0.000215563699073076,1,1.02384983003922,0.668922164688168,1.01153389714841,0.0809,0.1964,0.0016,,1980.82,7.3,19.1,5.7,7012.4629911,0.1285332438,4.5,0.043,18.367845797,3.3,0.234,0.0083530933,0.0126104764
293,"-102.3578,40.5941",8095,"Colorado, Phillips",0.0970873786407767,4.66635557629491,0.0480634624358376,206,1.00423161413561,1.01449209841425,0.0194174757281553,4,0.000933271115258983,1.04195362743721,1.02384983003922,0.668922164688168,1.01153389714841,0.1522,0.8379,0.3499,0.00933271115258983,1656.97,15.6,18.4,7.1,8121.6900693,0.1229095581,5.9,0.124,54.468526076,2.3,0.314,0.0067662156,0.0095660289
294,"-106.931,39.2172",8097,"Colorado, Pitkin",0.275659824046921,10.4735376044568,0.0379944289693593,682,1.02240862361921,1.01449209841425,0.00293255131964809,2,0.00011142061281337,1,1.02384983003922,0.668922164688168,1.01153389714841,0.0271,0.4941,0.2607,0.00139275766016713,2817.79,13.4,17.2,26.5,3079.4454101,0.1226677279,4,0.019,271.17055382,3,0.142,0.008913649,0.0048467967
295,"-102.3926,37.9554",8099,"Colorado, Prowers",0.300578034682081,21.3745478461033,0.0711114764879974,865,1.02413653853195,1.01449209841425,0.0196531791907514,17,0.00139756658993752,1.01804126125684,1.02384983003922,0.668922164688168,1.01153389714841,0.8446,0.9032,0.7367,0.00205524498520224,1329.76,10.8,17.1,7.6,8230.32404,0.1503808108,6.4,0.124,152.91551468,3,0.338,0.0069878329,0.0196481421
296,"-104.5127,38.1736",8101,"Colorado, Pueblo",0.275602277704774,18.778838290684,0.0681374567985244,11415,1.02078608171973,1.01449209841425,0.0189224704336399,216,0.0012893290116935,1.05049651792412,1.02384983003922,0.668922164688168,1.01153389714841,0.7092,0.7606,0.7937,0.00464397208841454,1510.21,7,17.8,69.4,9771.1791666,0.1642811738,6,0.095,170.63560275,3.7,0.294,0.0184803825,0.0311945991
297,"-108.2179,39.9791",8103,"Colorado, Rio Blanco",0.343891402714932,11.9949494949495,0.0348800505050505,221,1.02893436251993,1.01449209841425,0.00904977375565611,2,0.000315656565656566,1,1.02384983003922,0.668922164688168,1.01153389714841,0.2943,0.5963,0.6549,0.0055239898989899,1751.22,8.1,14.5,2.4,6568.273311,0.1413355776,5.7,0.039,60.665474954,2.3,0.259,0.0116792929,0.0159406566
298,"-106.3848,37.5837",8105,"Colorado, Rio Grande",0.224080267558528,5.95555555555556,0.0265777777777778,299,1.01308078292908,1.01449209841425,0.0167224080267559,5,0.000444444444444444,1,1.02384983003922,0.668922164688168,1.01153389714841,0.8156,0.9201,0.9277,0.00151111111111111,1308.83,10.8,18.9,13,9648.195131,0.1419338155,4.4,0.079,115.86669332,3,0.275,0.0062222222,0.0344888889
299,"-106.9906,40.486",8107,"Colorado, Routt",0.252559726962457,8.62705475459527,0.0341584735553569,879,1.0200423560567,1.01449209841425,0.0193401592718999,17,0.000660630319045584,1.00869827228079,1.02384983003922,0.668922164688168,1.01153389714841,0.0325,0.5492,0.4546,0.00380833948626278,2652.03,8.1,13.9,11.5,5682.8573781,0.1435470545,3.9,0.032,117.40855737,2,0.156,0.0086659154,0.0062954183
300,"-106.2825,38.0805",8109,"Colorado, Saguache",0.096234309623431,3.36109893321643,0.0349262019582055,239,1.00487553857694,1.01449209841425,0.0167364016736402,4,0.000584538944907204,1,1.02384983003922,0.668922164688168,1.01153389714841,0.8013,0.9153,0.5702,,1324.16,16.5,21.4,2.1,10483.036354,0.1756015488,4.1,0.139,14.343198141,3,0.29,0.0080374105,0.0352184714
301,"-107.6763,37.7625",8111,"Colorado, San Juan",0.230769230769231,7.8740157480315,0.0341207349081365,26,1.04582727473776,1.01449209841425,0,0,0,,1.02384983003922,0.668922164688168,1.01153389714841,0.0252,0.4285,0.4645,,1436.23,9.7,27.9,1.7,,0.1601989225,4,0.043,3.195969121,,0.248,0.001312336,0.0091863517
302,"-108.4021,38.0045",8113,"Colorado, San Miguel",0.267361111111111,9.40056159199121,0.0351605420583567,288,1.01087467864271,1.01449209841425,0,0,0,,1.02384983003922,0.668922164688168,1.01153389714841,0.0124,0.5657,0.2677,,2260.77,8,12.5,7,3333.3557654,0.1437494483,4.6,0.018,25.25275791,1.3,0.188,0.0056159199,0.0135514589
303,"-102.3519,40.876",8115,"Colorado, Sedgwick",0.0769230769230769,3.90794615718628,0.0508033000434216,117,1.00246615116531,1.01449209841425,0.0170940170940171,2,0.000868432479374729,1,1.02384983003922,0.668922164688168,1.01153389714841,0.5943,0.5536,0.6164,0.0277898393399913,1395.13,7.7,25.9,4.3,5827.1733331,0.1385822997,5.7,0.113,6.8921672227,3,0.269,0.0073816761,0.0117238385
304,"-106.1151,39.638",8117,"Colorado, Summit",0.185104052573932,10.9007643435353,0.058889928080756,1826,1.01043646886722,1.01449209841425,0.00273822562979189,5,0.000161253910407327,1.03239118471,1.02384983003922,0.668922164688168,1.01153389714841,0.0653,0.7526,0.3684,0.00109652659076983,2215.81,18.5,11.8,55.7,3410.8622735,0.1371253802,4.1,0.032,169.216744,2.3,0.159,0.0101912471,0.0081594479
305,"-105.1615,38.8813",8119,"Colorado, Teller",0.25,8.53167483953275,0.034126699358131,856,1.02320757830852,1.01449209841425,0.00700934579439252,6,0.000239205836622414,1.05963402266705,1.02384983003922,0.668922164688168,1.01153389714841,0.1541,0.3528,0.0751,0.000598014591556034,2170.14,9.1,20.2,40.6,7155.2610407,0.1229438244,5,0.065,76.620813346,3.3,0.21,0.0082526014,0.0136746003
306,"-103.2026,39.9702",8121,"Colorado, Washington",0.25752508361204,15.6854756569566,0.0609085353432471,299,1.0043756381862,1.01449209841425,0.0334448160535117,10,0.00203707476064372,1.01516534655549,1.02384983003922,0.668922164688168,1.01153389714841,0.1936,0.5084,0.3719,,1587.5,5,19.5,1.7,9054.905988,0.1353943021,5.7,0.133,41.321597721,3,0.318,0.0112039112,0.003870442
307,"-104.393,40.555",8123,"Colorado, Weld",0.198781902552204,10.9034218354783,0.0548511795867072,17240,1.01365090972707,1.01449209841425,0.0139791183294664,241,0.000766771129953389,1.02125981622118,1.02384983003922,0.668922164688168,1.01153389714841,0.2815,0.8555,0.5279,0.00111356803105264,2232.42,7.8,11.6,72.7,5794.0427557,0.1374836378,8.6,0.071,148.67463121,3.3,0.29,0.0115620178,0.0161181018
308,"-102.4259,40.0035",8125,"Colorado, Yuma",0.264705882352941,11.6766467065868,0.0441117764471058,442,1.02652085892228,1.01449209841425,0.00904977375565611,4,0.000399201596806387,1.04195362743721,1.02384983003922,0.668922164688168,1.01153389714841,0.3796,0.8437,0.5285,0.00279441117764471,1468.3,11.3,18.2,4.4,5556.8386311,0.1427780915,5.9,0.093,83.007353737,3,0.278,0.0038922156,0.0087824351
309,"-73.3881,41.2681",9001,"Connecticut, Fairfield",0.204740963209267,10.1120655038074,0.0493895571521355,46615,1.01662031045389,1.02005621860043,0.0340662876756409,1588,0.00168251886211716,1.00392933574443,1.00591798623251,1.06764418158434,1.01049893476566,0.2694,0.9077,0.7061,0.00218896975386275,3788.74,8.7,15.2,1502.7,4529.394379,0.1015789601,10,0.074,776.19720078,4.3,0.213,0.109744094,0.0051778776
310,"-72.731,41.8028",9003,"Connecticut, Hartford",0.223925525391605,8.99969418514905,0.0401905685803806,35878,1.02166681087112,1.02005621860043,0.0469925859858409,1686,0.00188865874983337,1.00483721096487,1.00591798623251,1.06764418158434,1.01049893476566,0.3111,0.8905,0.737,0.00250140865265594,2563.98,4.4,16.5,1300.7,6084.2882079,0.1135624802,7.6,0.099,445.82743209,4.3,0.262,0.1323965466,0.0056491732
311,"-73.2451,41.7938",9005,"Connecticut, Litchfield",0.270013802622498,8.64110959577276,0.0320024736211495,5796,1.02335808465968,1.02005621860043,0.0320910973084886,186,0.00102699449508865,1.00957286878737,1.00591798623251,1.06764418158434,1.01049893476566,0.1054,0.5374,0.1573,0.00150184141217265,2779.23,4.2,19.9,168.9,5932.976938,0.1206314117,7.9,0.091,132.24805772,3.3,0.277,0.0163270039,0.003307364
312,"-72.5371,41.4595",9007,"Connecticut, Middlesex",0.246355377139235,7.16735717534823,0.0290935690488192,4733,1.02407325269707,1.02005621860043,0.0456370166913163,216,0.00132774369629092,1.00403251981126,1.00591798623251,1.06764418158434,1.01049893476566,0.0529,0.5842,0.3483,0.00132159673473402,2767.54,3.3,19,398.8,5466.1101854,0.1131644061,8.6,0.072,250.48928351,3.7,0.255,0.0478295079,0.0027599857
313,"-72.9362,41.408",9009,"Connecticut, New Haven",0.261946294534306,11.5564002705161,0.0441174412910147,37836,1.02042324307158,1.02005621860043,0.0359446030235754,1360,0.00158578391362142,1.0074659591669,1.00591798623251,1.06764418158434,1.01049893476566,0.3357,0.8676,0.801,0.00372659219701033,2462.6,5.2,16.6,1362.4,6218.7764347,0.1284395197,8.4,0.098,550.06085011,5,0.281,0.1282782584,0.0053601828
314,"-72.1043,41.489",9011,"Connecticut, New London",0.236465382613222,6.81075326856183,0.0288023269761305,7684,1.02090467412891,1.02005621860043,0.0253774076002082,195,0.000730928391507737,1.01150029829051,1.00591798623251,1.06764418158434,1.01049893476566,0.2283,0.7558,0.5396,0.00174298308744153,2486.2,4.3,17.2,400.1,6399.7834388,0.1235083973,7.8,0.088,206.53529885,4,0.296,0.0571436068,0.011788563
315,"-72.3308,41.8585",9013,"Connecticut, Tolland",0.203371688520203,5.03574717898768,0.0247612989577329,3737,1.02127314323318,1.02005621860043,0.0238158951030238,89,0.000589712498591979,1.0135462465809,1.00591798623251,1.06764418158434,1.01049893476566,0.0806,0.5002,0.3461,0.00115292106466297,2696.32,3.1,14.8,295.7,5008.4252114,0.1054348999,8.1,0.082,108.83786359,3,0.249,0.032606463,0.0026768972
316,"-71.9818,41.8297",9015,"Connecticut, Windham",0.279836591771228,8.19469011424714,0.0292838404812565,3427,1.02735871603864,1.02005621860043,0.012255617157864,42,0.00035889153785024,1.03064726076059,1.00591798623251,1.06764418158434,1.01049893476566,0.3535,0.7007,0.5428,0.00199953856802276,2061.15,3.9,15.7,197.2,7089.6984156,0.1435695184,7.2,0.111,109.30071191,3.7,0.303,0.0185512745,0.006998385
317,"-75.5688,39.0865",10001,"Delaware, Kent",0.288167119759622,11.2797535704285,0.0391430971716606,6989,1.02338158373625,1.01876762290544,0.0203176420088711,142,0.000795295435452254,1.00939787520245,1.00409280034286,0.874500993102564,1.01011481511313,0.4764,0.7819,0.8373,0.00132175861103332,1899.38,7,16.3,291.4,7952.4548724,0.168237595,9.3,0.131,67.989933425,4.3,0.354,0.2546625595,0.0074264912
318,"-75.6405,39.5799",10003,"Delaware, New Castle",0.241519414312546,11.2651630954616,0.0466428884300106,26089,1.02004520360274,1.01876762290544,0.0154471233086742,403,0.000720498449051105,1.00396135725261,1.00409280034286,0.874500993102564,1.01011481511313,0.2704,0.8504,0.5562,0.00299462754878561,2456.88,5.3,14.7,1355.6,7701.2033014,0.1524255813,10,0.105,381.47287538,5,0.287,0.2485076028,0.0046126203
319,"-75.3903,38.6614",10005,"Delaware, Sussex",0.155380107439362,8.32584632293293,0.053583733852045,12286,1.0137619090716,1.01876762290544,0.022057626566824,271,0.0011819299913645,1.00159152804844,1.00409280034286,0.874500993102564,1.01011481511313,0.299,0.7679,0.4247,0.00208037123941279,2216.91,7.1,26.1,246.1,8084.788322,0.1608500117,9.2,0.129,70.242958413,3.7,0.329,0.1179095104,0.0111302042
320,"-77.0166,38.9042",11001,"District Of Columbia, District of Columbia",0.137734180268553,4.87718074467404,0.0354100974439644,24874,1.0104013266382,1.0104013266382,0.0287448741657956,715,0.00101785879522532,1.00364908919232,1.00364908919232,1.11463225402339,1.00827610115075,0.4223,0.9223,0.9739,0.0052444640581959,3130.87,4,11.9,19289.8,8111.2509454,0.1596559215,9.7,0.081,465.37923742,3,0.235,0.4489070474,0.0061156942
321,"-82.3593,29.6787",12001,"Florida, Alachua",0.0873281572761593,4.54148083391367,0.0520047711478908,14039,1.00687044404268,1.00891954051713,0.00755039532730251,106,0.000392656581072471,1.00410986612846,1.005055318578,0.654302425076851,1.00804697624811,0.5105,0.7615,0.8937,0.0065381025055935,1742.95,9.2,13.2,296.5,6823.5713755,0.1638085209,8.3,0.088,331.22667941,5,0.267,0.1995954896,0.0035968825
322,"-82.2847,30.3306",12003,"Florida, Baker",0.0784671532846715,6.06594956797743,0.0773055898430612,2192,1.00559771446764,1.00891954051713,0.0155109489051095,34,0.00119908305413507,1.00427381583427,1.005055318578,0.654302425076851,1.00804697624811,0.6102,0.4903,0.6597,0.0410156938811497,1678.5,12.5,13.8,42,10068.402091,0.2273195642,8.4,0.155,26.04254203,4,0.379,0.1381414213,0.0044083936
323,"-85.6212,30.2655",12005,"Florida, Bay",0.136451843529772,7.21043570245079,0.0528423472774668,9791,1.00877740405896,1.00891954051713,0.0187927688693698,184,0.000993054018900409,1.00968102958822,1.005055318578,0.654302425076851,1.00804697624811,0.4389,0.6705,0.7144,0.00405856859898428,1774.25,14.2,16.5,229.4,9720.5068307,0.2270820448,9.8,0.114,181.5096438,5,0.291,0.1121449427,0.0082844452
324,"-82.1661,29.9508",12007,"Florida, Bradford",0.101975780752071,5.76950814943026,0.0565772392903505,1569,1.00915831930777,1.00891954051713,0.0140216698534098,22,0.000793307370546661,1.02116420457606,1.005055318578,0.654302425076851,1.00804697624811,0.8468,0.5132,0.9927,0.000901485648348478,1411.01,12.4,17.8,78.5,10390.223848,0.2294073777,8.1,0.123,79.42360459,4,0.366,0.196920525,0.0049762008
325,"-80.7309,28.2941",12009,"Florida, Brevard",0.126113931190073,3.74634120187853,0.0297060060417291,17730,1.00922664618495,1.00891954051713,0.0269035532994924,477,0.000799197116858703,1.00645268392099,1.005055318578,0.654302425076851,1.00804697624811,0.3197,0.695,0.3489,0.00296222327590396,1942.95,10.8,23.1,557.3,8820.0983655,0.1686641229,7.3,0.131,267.35262962,5,0.296,0.0996198368,0.0046209343
326,"-80.4873,26.1518",12011,"Florida, Broward",0.112078291696487,6.90220677920933,0.0615837971362094,120166,1.0080164413867,1.00891954051713,0.0144882911971772,1741,0.000892243985937292,1.00332599709054,1.005055318578,0.654302425076851,1.00804697624811,0.4232,0.972,0.6638,0.00340446685731271,2179.94,14.6,15.9,1490.7,6339.0523989,0.1459379255,6.6,0.093,817.35987366,5,0.246,0.2834522309,0.0040537909
327,"-85.1939,30.4067",12013,"Florida, Calhoun",0.117886178861789,7.95228628230616,0.0674573250154247,984,1.00918429957329,1.00891954051713,0.0233739837398374,23,0.00157674641804346,1.00637045739233,1.005055318578,0.654302425076851,1.00804697624811,0.7758,0.5813,0.9026,0.00171385480222116,1071.66,18.3,18.4,21.4,10649.098248,0.2238488545,9.7,0.168,26.067560806,3,0.364,0.1300473024,0.0132995133
328,"-81.9295,26.9013",12015,"Florida, Charlotte",0.167161226508408,5.48114033665229,0.0327895436707424,6066,1.01338221324848,1.00891954051713,0.0344543356412793,209,0.00112974194315614,1.00630793826002,1.005055318578,0.654302425076851,1.00804697624811,0.3783,0.6434,0.547,0.00444869674266749,1841.2,11.3,39,246.2,8115.1485863,0.1576080571,7.7,0.129,118.01111147,4.3,0.279,0.0550276219,0.0040108542
329,"-82.4761,28.848",12017,"Florida, Citrus",0.144793926247289,5.41475978340961,0.0373963185041473,5532,1.01047055763175,1.00891954051713,0.0390455531453362,216,0.0014601599415936,1.02557607832432,1.005055318578,0.654302425076851,1.00804697624811,0.6697,0.4814,0.5304,0.0022443199102272,1566.44,10.4,35.9,227.3,11763.370312,0.1958715605,8.1,0.15,59.524640301,5,0.293,0.0286894389,0.0043263998
330,"-81.8561,29.9832",12019,"Florida, Clay",0.129321663019694,5.47039875597023,0.0423007145766226,9140,1.00942658507628,1.00891954051713,0.0181619256017505,166,0.000768262431041505,1.00891547694473,1.005055318578,0.654302425076851,1.00804697624811,0.3739,0.7424,0.2206,0.00192528416453775,2087.6,10.4,14.9,275.2,7659.1940487,0.1988600481,8.6,0.114,155.67172389,5,0.321,0.1132400311,0.0056462661
331,"-81.3469,26.1109",12021,"Florida, Collier",0.11246551291698,5.92356957155841,0.0526700978630762,19935,1.00744764574146,1.00891954051713,0.0154502131928768,308,0.000813764240874215,1.0066678482933,1.005055318578,0.654302425076851,1.00804697624811,0.2889,0.9195,0.609,0.0027768383673987,2783.47,16.5,30.9,188.3,5204.643879,0.1444190985,7.7,0.087,161.17831902,4.3,0.213,0.0669294667,0.004782186
332,"-82.6216,30.2251",12023,"Florida, Columbia",0.068394388152767,4.97851155269989,0.0727912287420393,5132,1.0054329490714,1.00891954051713,0.0202650038971161,104,0.0014751145341333,1.00706355130837,1.005055318578,0.654302425076851,1.00804697624811,0.7589,0.5536,0.9726,0.00490759258471271,1412.79,12.4,18,85.7,10346.03331,0.2329481531,8.8,0.15,101.54496565,4.3,0.359,0.1803753032,0.0057869878
333,"-81.8094,27.1868",12027,"Florida, DeSoto",0.079554189085319,5.5216196751047,0.0694070260609779,2602,1.00578663946504,1.00891954051713,0.0176787086856264,46,0.00122702659446771,1.02766948763189,1.005055318578,0.654302425076851,1.00804697624811,0.8831,0.9472,0.9643,0.00130705006801995,1240.16,18.4,21.3,56.4,8281.4105592,0.213119303,7.5,0.147,116.16239505,3.7,0.316,0.1191549521,0.0109898904
334,"-83.1572,29.6063",12029,"Florida, Dixie",0.037037037037037,2.21556886227545,0.0598203592814371,999,1.00216360602437,1.00891954051713,0.011011011011011,11,0.000658682634730539,1,1.005055318578,0.654302425076851,1.00804697624811,0.8417,0.3416,0.9904,,1275.53,17.2,22.7,21.1,10796.459766,0.2465165047,8.1,0.154,25.987428575,3,0.342,0.0956886228,0.0058083832
335,"-81.6698,30.3323",12031,"Florida, Duval",0.132012741389608,6.97867037964346,0.0528636123012352,50230,1.0094297816807,1.00891954051713,0.0135974517220784,683,0.000718810416120718,1.00709972678494,1.005055318578,0.654302425076851,1.00804697624811,0.4704,0.8937,0.8281,0.00406133147263521,1843.78,12,13.4,1249.3,9656.6382404,0.1979015836,8.5,0.119,421.52154203,5,0.314,0.2946543869,0.004526506
336,"-87.3728,30.6765",12033,"Florida, Escambia",0.111188102979585,6.61101497778369,0.0594579348025886,18761,1.00902849924945,1.00891954051713,0.0176962848462235,332,0.0010521845506348,1.0070810608894,1.005055318578,0.654302425076851,1.00804697624811,0.4653,0.7256,0.6896,0.00565390734437493,1671.05,10.2,16.2,506.1,9782.5172693,0.2024583017,9.9,0.131,256.80440351,5,0.293,0.2271831245,0.0089942764
337,"-81.3151,29.4593",12035,"Florida, Flagler",0.104952443424073,2.85543469531619,0.0272069387063096,3049,1.00773018860946,1.00891954051713,0.0150869137422106,46,0.000410468737451703,1.0031447782897,1.005055318578,0.654302425076851,1.00804697624811,0.3229,0.7784,0.1019,0.000883400108863448,1737.15,12.7,29.5,202.7,7549.7034441,0.1742753178,7.5,0.121,130.17691507,4.3,0.259,0.0996279012,0.0039976086
338,"-84.8273,29.8379",12037,"Florida, Franklin",0.0223792697290931,1.61895023858214,0.0723415132924335,849,1.00186474874686,1.00891954051713,0.00471142520612485,4,0.000340831629175187,1,1.005055318578,0.654302425076851,1.00804697624811,0.8099,0.6186,0.8781,0.00213019768234492,1649.76,18.3,21.4,19.5,8765.344425,0.1952304626,9.1,0.12,45.603594623,3,0.355,0.1215916837,0.0099693252
339,"-84.6192,30.578",12039,"Florida, Gadsden",0.0583048919226394,4.46681483418312,0.0766113217414041,3516,1.00404650725251,1.00891954051713,0.0164960182025028,58,0.001263781757964,1.00248762368712,1.005055318578,0.654302425076851,1.00804697624811,0.9306,0.9366,0.9841,0.0273020438401534,1269.34,14.9,16.5,78.3,9926.2317023,0.2037359451,10.6,0.2,35.224323392,3.7,0.428,0.5512267399,0.0058395433
340,"-82.7988,29.7286",12041,"Florida, Gilchrist",0.111757857974389,5.25854513584575,0.0470530236634531,859,1.00753982652416,1.00891954051713,0.0232828870779977,20,0.00109553023663453,1,1.005055318578,0.654302425076851,1.00804697624811,0.7382,0.5871,0.5314,,1422.7,18.1,20,44.7,8968.3750377,0.2125315772,8.2,0.151,30.606464712,4,0.377,0.0541739702,0.006847064
341,"-81.19,26.9564",12043,"Florida, Glades",0.0711297071129707,3.71611774992713,0.0522442436607403,717,1.00425562675168,1.00891954051713,0.0153417015341702,11,0.000801515593121539,1.01370885629547,1.005055318578,0.654302425076851,1.00804697624811,0.908,0.9099,0.738,,1400.62,19.9,25.9,11.5,9577.6118428,0.2043130385,7.1,0.208,43.210414721,3,0.364,0.1302827164,0.0518799184
342,"-85.2427,29.9354",12045,"Florida, Gulf",0.0726159230096238,5.13486760702796,0.0707126948775056,1143,1.00484183395618,1.00891954051713,0.020997375328084,24,0.00148478099480327,1.01925902092718,1.005055318578,0.654302425076851,1.00804697624811,0.7296,0.5097,0.4352,0.00117545162088592,1470.26,11.4,19.9,22.7,9692.1440267,0.2020930676,9.1,0.127,55.682423975,3,0.331,0.1682751794,0.0066196486
343,"-82.95,30.4967",12047,"Florida, Hamilton",0.0729857819905213,5.38085255066387,0.0737246680642907,1055,1.00440987787052,1.00891954051713,0.0113744075829384,12,0.000838574423480084,1.01250777270301,1.005055318578,0.654302425076851,1.00804697624811,0.9895,0.8768,0.9857,,1115.99,14.3,16.5,23.7,9930.5630528,0.2212851741,9.2,0.152,17.224570304,3,0.413,0.3212438854,0.0105520615
344,"-81.8096,27.4929",12049,"Florida, Hardee",0.0622340425531915,4.29436593870435,0.0690034868783263,1880,1.00543542311089,1.00891954051713,0.0106382978723404,20,0.000734079647641769,1.00735452613864,1.005055318578,0.654302425076851,1.00804697624811,0.9115,0.9519,0.9949,0.000917599559552211,1261.02,12.2,15.4,43.6,6848.0053276,0.1916888247,7.6,0.163,92.13345483,3.7,0.385,0.066617728,0.0117452744
345,"-81.1647,26.5539",12051,"Florida, Hendry",0.101156069364162,6.73789585138127,0.0666089132736548,2768,1.00837656703231,1.00891954051713,0.0166184971098266,46,0.00110694003272692,1.0031447782897,1.005055318578,0.654302425076851,1.00804697624811,0.9697,0.9885,0.9892,0.000601597843873328,1325.37,26.2,13.2,35.4,8548.2935987,0.1979327403,7.3,0.112,87.783525108,3.7,0.345,0.1082154202,0.0203340071
346,"-82.427,28.5536",12053,"Florida, Hernando",0.168507362784471,5.2759804049983,0.0313100882822938,5976,1.01471853047566,1.00891954051713,0.0408299866131191,244,0.00127839048542163,1.0091049460899,1.005055318578,0.654302425076851,1.00804697624811,0.6357,0.6514,0.213,0.0032483692662353,1523.1,12.6,27.5,353,8733.9346063,0.1921522308,8.3,0.158,79.197461944,5,0.318,0.0515600031,0.0048620753
347,"-81.3407,27.3425",12055,"Florida, Highlands",0.128701328981114,5.23599939292761,0.0406833358628016,4289,1.00872347293722,1.00891954051713,0.0424341338307298,182,0.00172636211868265,1.01410732700408,1.005055318578,0.654302425076851,1.00804697624811,0.8213,0.8618,0.8001,0.00306381848535438,1325.01,12.7,34.8,94,9561.8221683,0.1873496139,7.5,0.156,118.3564144,3.7,0.305,0.0959838367,0.0066303688
348,"-82.3201,27.9277",12057,"Florida, Hillsborough",0.113126316753687,5.15697813608298,0.0455860164466542,65502,1.00957302063826,1.00891954051713,0.0150529754816647,986,0.000686205187878248,1.00382487769445,1.005055318578,0.654302425076851,1.00804697624811,0.45,0.9459,0.8099,0.00341710697006308,2080.88,13,13.8,1412.8,6871.6871571,0.1745554437,7.1,0.098,444.71099378,5,0.244,0.1590708531,0.0052495393
349,"-85.8132,30.8675",12059,"Florida, Holmes",0.115589353612167,7.80407660317297,0.0675155311392925,1315,1.00657934910287,1.00891954051713,0.0129277566539924,17,0.000872824356933819,1.00869827228079,1.005055318578,0.654302425076851,1.00804697624811,0.972,0.4187,0.9124,0.00102685218462802,1076.2,18.9,19.8,33.5,9908.2141862,0.2085774723,10.1,0.144,32.360665198,4,0.334,0.0665913642,0.0104225497
350,"-80.6056,27.6931",12061,"Florida, Indian River",0.0983903056610599,3.45587721471543,0.0351241638238265,5529,1.00739699973617,1.00891954051713,0.026587086272382,147,0.000933849173829353,1.00597099810744,1.005055318578,0.654302425076851,1.00804697624811,0.3844,0.7523,0.3403,0.00388786186655486,2115.03,12.1,31.6,305.2,6882.7112621,0.1548721559,7,0.123,142.76018872,4.3,0.263,0.0903038504,0.0043706682
351,"-85.215,30.7955",12063,"Florida, Jackson",0.0621523579201935,5.32036021115827,0.0856019045647449,4135,1.00443057105892,1.00891954051713,0.0249093107617896,103,0.00213228444260429,1.00861086341575,1.005055318578,0.654302425076851,1.00804697624811,0.9191,0.751,0.9784,0.00180105579132595,1223.84,11.3,18.5,45.8,10331.298583,0.2305529709,10.5,0.159,30.517352701,4,0.367,0.2645688852,0.0087568575
352,"-83.8944,30.4367",12065,"Florida, Jefferson",0.0753588516746412,4.40929451287794,0.0585106382978723,836,1.00594905507517,1.00891954051713,0.0143540669856459,12,0.00083986562150056,1,1.005055318578,0.654302425076851,1.00804697624811,0.6137,0.6412,0.4979,,1463.27,6.4,22,18.9,9864.2944048,0.1957505312,10,0.133,45.326484843,3.7,0.34,0.3374860022,0.0041293393
353,"-83.1817,29.9848",12067,"Florida, Lafayette",0.0475504322766571,7.55840586349061,0.158955565735227,1388,1.00259990381333,1.00891954051713,0.0144092219020173,20,0.00229042601923958,,1.005055318578,0.654302425076851,1.00804697624811,0.9538,0.8628,0.9975,,1367.84,17.6,13.5,11.6,9426.1607494,0.2230195641,8.7,0.147,41.54326941,3,0.325,0.1306688044,0.0081310124
354,"-81.7125,28.762",12069,"Florida, Lake",0.135709055406395,4.6788875019285,0.0344773418982033,12291,1.01358755726949,1.00891954051713,0.0220486534862908,271,0.00076017896464186,1.00593715399884,1.005055318578,0.654302425076851,1.00804697624811,0.4643,0.7622,0.5855,0.00251616432208025,1796.85,11.6,26.3,274.8,7814.4581498,0.1684582545,8.2,0.126,189.65241413,5,0.303,0.1033815341,0.0060730165
355,"-81.884,26.5841",12071,"Florida, Lee",0.133708451766344,6.10911596718835,0.045689826532911,34478,1.009772516903,1.00891954051713,0.0177794535645919,613,0.000812340149216151,1.00354543910815,1.005055318578,0.654302425076851,1.00804697624811,0.408,0.8768,0.6103,0.00288890950292204,2064.84,14.3,27.6,870.4,7344.1000555,0.1434388772,7.6,0.11,189.19737845,5,0.259,0.0808364586,0.0050251123
356,"-84.2749,30.4596",12073,"Florida, Leon",0.111750400379619,6.44098160012581,0.0576372127370069,16859,1.00885542770838,1.00891954051713,0.00943116436324812,159,0.00054358602676221,1.00835887163168,1.005055318578,0.654302425076851,1.00804697624811,0.5022,0.689,0.8497,0.00412988629137579,1938.73,8.2,12.4,446.8,6313.7659926,0.1732757863,10.5,0.084,197.39840931,5,0.307,0.3103055706,0.0034221988
357,"-82.7401,29.3183",12075,"Florida, Levy",0.111321948134092,4.31689968113809,0.0387785136129507,1581,1.00802219983748,1.00891954051713,0.0101201771030993,16,0.000392445425558008,1.01925902092718,1.005055318578,0.654302425076851,1.00804697624811,0.8064,0.638,0.469,0.000981113563895021,1256.02,15.5,23.5,33.6,10525.156235,0.2361738764,8.2,0.149,46.2905613,3.7,0.32,0.0895511405,0.0073092961
358,"-84.8829,30.2377",12077,"Florida, Liberty",0.0775193798449612,5.91226203145323,0.0762681802057467,645,1.00382302494904,1.00891954051713,0.0217054263565891,14,0.00165543336880691,1,1.005055318578,0.654302425076851,1.00804697624811,0.835,0.7202,0.7507,,1373.1,18.5,15.6,9.4,7446.3682336,0.235530174,9.3,0.133,22.432322975,3,0.393,0.1890741398,0.0119427693
359,"-83.474,30.444",12079,"Florida, Madison",0.100142045454545,7.60969291381078,0.075988990231529,1408,1.00882626668964,1.00891954051713,0.0213068181818182,30,0.00161908359868315,1.01516534655549,1.005055318578,0.654302425076851,1.00804697624811,0.872,0.7291,0.9971,0.00134923633223595,1111.59,13.1,19.7,23.6,9616.2010143,0.2068669669,9.7,0.172,47.520594557,3.7,0.352,0.3729289222,0.0070699984
360,"-82.3183,27.472",12081,"Florida, Manatee",0.112109291941314,5.34120120044067,0.047642805586861,18812,1.00863652872263,1.00891954051713,0.0210503933659366,396,0.00100289979866027,1.00181688443361,1.005055318578,0.654302425076851,1.00804697624811,0.3443,0.8195,0.6511,0.00204125565080852,2086.43,12.7,26.5,491.7,7935.2432893,0.1521862411,8.1,0.103,339.62372792,5,0.265,0.0844689823,0.0050600853
361,"-82.058,29.2123",12083,"Florida, Marion",0.12579971715267,5.18922042241588,0.041249857629793,14849,1.00947945996755,1.00891954051713,0.028419422183312,422,0.0011722971189826,1.00696028603555,1.005055318578,0.654302425076851,1.00804697624811,0.7134,0.6998,0.6281,0.00238626356683899,1586.54,12.3,28.4,212.3,10928.146608,0.1866500418,8.5,0.151,99.909534653,5,0.304,0.1250885473,0.0052058882
362,"-80.4311,27.0772",12085,"Florida, Martin",0.0885020479812756,3.75981903152033,0.042482847767724,6836,1.00647565584749,1.00891954051713,0.0272088940901112,186,0.00115591130555832,1.00549516732845,1.005055318578,0.654302425076851,1.00804697624811,0.2108,0.7689,0.6912,0.00297056776374664,2551.82,11.5,30.1,240.9,7075.6716376,0.143212814,7.1,0.092,183.87124164,5,0.194,0.0522210898,0.0093405091
363,"-80.5517,25.6112",12086,"Florida, Miami-Dade",0.117123056577871,10.9361268056233,0.0933729628064504,257857,1.00848407091419,1.00891954051713,0.015438789716781,3981,0.0014415655380016,1.00246427431491,1.005055318578,0.654302425076851,1.00804697624811,0.6936,0.9968,0.8988,0.00343860998464286,1932.47,18.1,15.6,1418,5314.1337506,0.1647941001,7.2,0.075,1079.4594662,5,0.222,0.1557966252,0.0027907927
364,"-81.0781,25.209",12087,"Florida, Monroe",0.122481025909448,6.23775440841297,0.0509283324669786,3821,1.00979432838161,1.00891954051713,0.00732792462706098,28,0.000373198981699921,1,1.005055318578,0.654302425076851,1.00804697624811,0.1048,0.8717,0.9777,0.0019726231889853,2689.48,17.8,21.3,73.9,7595.9345321,0.1717289846,8,0.063,286.19900953,4,0.215,0.0613245898,0.0051714716
365,"-81.803,30.6104",12089,"Florida, Nassau",0.149313962873285,6.46611986205611,0.0433055270761488,3717,1.01099915172664,1.00891954051713,0.0166801183750336,62,0.000722341317923385,1.00957286878737,1.005055318578,0.654302425076851,1.00804697624811,0.164,0.411,0.3031,0.000629135986578432,2422.91,11,20.9,108.3,9369.1873976,0.1938886901,8.9,0.111,22.901143163,5,0.283,0.0573678814,0.0049981359
366,"-86.5927,30.6914",12091,"Florida, Okaloosa",0.173657718120805,8.98831952679851,0.0517588254876513,10728,1.0133637564163,1.00891954051713,0.0172445935868755,185,0.000892559910068558,1.00879567458959,1.005055318578,0.654302425076851,1.00804697624811,0.2599,0.7112,0.6313,0.00324698821338454,2190,12.2,15.4,223.9,8033.6879395,0.1846803109,10.1,0.111,221.84150497,5,0.27,0.096111816,0.0072610955
367,"-80.8894,27.3863",12093,"Florida, Okeechobee",0.0635651773376324,3.32233911933938,0.0522666538267087,2171,1.00421575571859,1.00891954051713,0.0216490096729618,47,0.00113152129426776,1.00946709896934,1.005055318578,0.654302425076851,1.00804697624811,0.9232,0.901,0.8704,0.00240749211546332,1443.64,18.1,19.2,44.4,10182.585343,0.2146020926,7.1,0.143,140.2543781,4,0.33,0.0852492958,0.015576474
368,"-81.318,28.5137",12095,"Florida, Orange",0.0941642899677187,4.35231359256,0.0462204259603301,63814,1.0053511638647,1.00891954051713,0.0106402983671295,679,0.000491799122873729,1.00471638860934,1.005055318578,0.654302425076851,1.00804697624811,0.4924,0.9637,0.787,0.00346577143291722,2059.28,14.5,11.4,1546.3,6255.9696775,0.1559988113,6.9,0.092,511.67187529,5,0.252,0.2023546965,0.0056727109
369,"-81.1488,28.0631",12097,"Florida, Osceola",0.147926783713112,8.608929590478,0.0581972336204788,21416,1.01255444540547,1.00891954051713,0.0125140082181547,268,0.000728280659800538,1.01290090350602,1.005055318578,0.654302425076851,1.00804697624811,0.7099,0.9822,0.5501,0.00259517921682654,1668.96,15.8,12.8,204.3,6628.4335598,0.1779141006,8.1,0.114,270.94367844,5,0.301,0.0956004239,0.008149678
370,"-80.4654,26.6468",12099,"Florida, Palm Beach",0.105861803377895,5.17988264675381,0.0489306103001398,72708,1.00768956997167,1.00891954051713,0.0243164438576223,1768,0.00118981843828254,1.0035236096154,1.005055318578,0.654302425076851,1.00804697624811,0.3723,0.9379,0.6485,0.00262931031582008,2437.02,13.6,23.3,665.1,6931.0624528,0.1591610596,5.9,0.099,586.494146,5,0.212,0.1859488365,0.0058649704
371,"-82.4023,28.3081",12101,"Florida, Pasco",0.169960696238069,5.60939903267053,0.0330040953986991,17810,1.01404837912116,1.00891954051713,0.0178551375631668,318,0.000589292663491652,1.00787961317969,1.005055318578,0.654302425076851,1.00804697624811,0.4774,0.7361,0.66,0.0024350017604655,1827.55,11.8,22.5,607.7,8713.9277844,0.1862961317,8.6,0.13,167.0639691,5,0.316,0.0557456035,0.0047773474
372,"-82.7224,27.9313",12103,"Florida, Pinellas",0.130982968240934,5.07033877450578,0.0387099089492248,37753,1.01129282611628,1.00891954051713,0.0251900511217652,951,0.000975104585349848,1.00396789777763,1.005055318578,0.654302425076851,1.00804697624811,0.293,0.773,0.8112,0.00395783774915922,1978.92,11.5,23.9,3409.5,8090.5776136,0.1641154198,6.8,0.105,347.78292649,5,0.254,0.1045935526,0.0038747847
373,"-81.6973,27.9503",12105,"Florida, Polk",0.118435825874956,5.21462297795649,0.0440291013249832,31173,1.00970567391642,1.00891954051713,0.0231931479164662,723,0.00102117345965941,1.00442423460122,1.005055318578,0.654302425076851,1.00804697624811,0.722,0.9061,0.9013,0.00253245368349837,1713.07,13.2,20,324,8155.6395586,0.1913550896,8.3,0.149,197.18580363,5,0.371,0.1463187615,0.006673644
374,"-81.7423,29.6078",12107,"Florida, Putnam",0.15203955500618,6.63403583997411,0.0436336178417809,3236,1.01379839073178,1.00891954051713,0.019159456118665,62,0.000835996386338201,1.0046952487017,1.005055318578,0.654302425076851,1.00804697624811,0.949,0.78,0.9064,0.00133489745560455,1193.19,16,22.4,89.8,12710.036006,0.2362047179,8,0.173,81.31051632,4,0.387,0.1584482828,0.0071868722
375,"-81.4359,29.901",12109,"Florida, St. Johns",0.155260865356693,6.30847829592427,0.0406314771042354,10331,1.01141407432524,1.00891954051713,0.0101635853257187,105,0.000412961484458883,1.0069943706001,1.005055318578,0.654302425076851,1.00804697624811,0.0777,0.4747,0.1124,0.00131754378374977,2766.04,8.4,19.2,343.4,5738.5835846,0.1505904672,8.4,0.079,77.444195221,5,0.231,0.0522337283,0.0031581721
376,"-80.4711,27.3776",12111,"Florida, St. Lucie",0.109526573252632,4.1136244737301,0.0375582322313844,12061,1.00892099252008,1.00891954051713,0.0313406848520023,378,0.00117710071996213,1.00152092660962,1.005055318578,0.654302425076851,1.00804697624811,0.6096,0.9026,0.4941,0.0026033232854189,1751.4,14,23.3,491.1,7702.5003647,0.1806928261,7,0.116,267.92355184,5,0.298,0.1981857702,0.0056208116
377,"-87.0246,30.6934",12113,"Florida, Santa Rosa",0.158269317668324,7.81158523326029,0.0493562830012991,8852,1.01330052396338,1.00891954051713,0.0126525079078174,112,0.000624480760974413,1.01064309218431,1.005055318578,0.654302425076851,1.00804697624811,0.2436,0.5059,0.4225,0.00214665261584954,2107.21,10,15.4,138.8,7192.9009008,0.1921804774,10.1,0.112,106.24889501,5,0.301,0.0613385076,0.008776185
378,"-82.3317,27.1855",12115,"Florida, Sarasota",0.135882986133097,5.02908243851912,0.0370103909373403,15793,1.00977898366298,1.00891954051713,0.0271006141961629,428,0.00100300432604202,1.01043567437775,1.005055318578,0.654302425076851,1.00804697624811,0.114,0.6788,0.4269,0.00379173130732709,2355.01,11.4,35.4,773.8,7266.1413877,0.1503047218,7.8,0.09,256.92882092,5,0.214,0.0439142478,0.0031918035
379,"-81.2406,28.7159",12117,"Florida, Seminole",0.158593188206838,5.18562218916192,0.0326976350484789,15297,1.01649215597636,1.00891954051713,0.0194155716807217,297,0.000634843277073821,1.00692173684422,1.005055318578,0.654302425076851,1.00804697624811,0.1965,0.8653,0.185,0.00195583029805571,2314.36,10.4,14.8,1283.7,6064.8264917,0.1564200647,7.7,0.093,355.37441841,5,0.266,0.1139148241,0.0043797774
380,"-82.0794,28.7018",12119,"Florida, Sumter",0.142714819427148,4.45034717368004,0.0311834972117371,4015,1.01111698613744,1.00891954051713,0.0254047322540473,102,0.000792208397409013,1.00140846187248,1.005055318578,0.654302425076851,1.00804697624811,0.15,0.5403,0.3104,0.00263292790903584,1910.8,6.2,55.6,220.8,8446.7560689,0.1220471541,8.3,0.161,48.672385078,4.3,0.293,0.0703356789,0.0040309427
381,"-82.991,30.1975",12121,"Florida, Suwannee",0.0727015558698727,5.81566382295038,0.0799936638682085,3535,1.00545136258679,1.00891954051713,0.0254596888260255,90,0.00203661379013826,1.00485482547268,1.005055318578,0.654302425076851,1.00804697624811,0.8258,0.7249,0.9312,0.000339435631689711,1412.09,13.9,20.1,58.6,9446.1181842,0.2256795641,9.1,0.14,11.996801179,4,0.384,0.1239618927,0.0074675839
382,"-83.6045,30.0485",12123,"Florida, Taylor",0.064314171883893,5.22591684780095,0.0812560699255422,1757,1.00565466637906,1.00891954051713,0.0130904951622083,23,0.00106368219026037,1.00637045739233,1.005055318578,0.654302425076851,1.00804697624811,0.8812,0.5909,0.9815,0.00221985848402164,1272.3,10.9,19.1,19.8,10593.946355,0.2378792935,9,0.133,59.58407211,3.7,0.345,0.1928039587,0.0097581279
383,"-82.375,30.0441",12125,"Florida, Union",0.0597701149425287,5.22088353413655,0.0873493975903614,1305,1.00513963221501,1.00891954051713,0.0467432950191571,61,0.00408299866131191,1,1.005055318578,0.654302425076851,1.00804697624811,0.9596,0.4683,0.8634,0.014524765729585,1238.55,12.4,14.5,51.1,16884.745639,0.2326413847,8.1,0.138,11.574555792,3,0.369,0.2194109772,0.0052878179
384,"-81.1826,29.0586",12127,"Florida, Volusia",0.119827818132903,4.06729761222052,0.0339428496287016,18585,1.00955601138668,1.00891954051713,0.0209846650524617,390,0.000712279330384375,1.00523617477221,1.005055318578,0.654302425076851,1.00804697624811,0.4525,0.7033,0.5205,0.00366732537285083,1706.57,12.5,23.8,428.9,9435.706498,0.1836018578,7.6,0.129,255.71152587,5,0.298,0.1036622116,0.004733918
385,"-84.399,30.1655",12129,"Florida, Wakulla",0.099109131403118,5.48350328086011,0.0553279319799144,1796,1.00561228601577,1.00891954051713,0.010022271714922,18,0.000554511567727427,1.01696850489722,1.005055318578,0.654302425076851,1.00804697624811,0.4688,0.3445,0.5833,,1665.01,9,13.9,37,8328.0715254,0.19240292,9.7,0.084,28.742575808,4,0.395,0.1280305597,0.0073934876
386,"-86.1694,30.642",12131,"Florida, Walton",0.119942542494613,7.01926444833625,0.0585218914185639,4177,1.00970271433216,1.00891954051713,0.00957625089777352,40,0.000560420315236427,1.00735452613864,1.005055318578,0.654302425076851,1.00804697624811,0.3561,0.5673,0.9503,0.00151313485113835,1940.72,13.5,19.4,61.7,7320.8536055,0.2124002419,10.1,0.128,102.34857105,4,0.318,0.0503957968,0.008056042
387,"-85.66,30.6136",12133,"Florida, Washington",0.0855421686746988,5.70739549839228,0.0667202572347267,1660,1.00635471169564,1.00891954051713,0.0174698795180723,29,0.00116559485530547,1.01026070714042,1.005055318578,0.654302425076851,1.00804697624811,0.9322,0.575,0.8548,0.00237138263665595,1264.93,12.8,17.4,36.4,10029.745499,0.2289872042,10,0.148,40.687611006,4,0.378,0.1450160772,0.0136254019
388,"-82.2891,31.7485",13001,"Georgia, Appling",0.0647431386347642,4.97109201923597,0.0767817582536338,1421,1.00618204839071,1.01140696531626,0.0295566502463054,42,0.00226941157399903,1.00344843960223,1.00388781161709,0.452069138431338,1.00724924544852,0.8818,0.8153,0.894,0.0026476468363322,1229.68,15.6,16.5,37,9669.0902695,0.2018941483,10.6,0.177,36.675704882,4,0.388,0.1887393959,0.0056194953
389,"-82.8755,31.2963",13003,"Georgia, Atkinson",0.0802469135802469,6.26732553935157,0.0781005182596119,648,1.0072610535061,1.01140696531626,0.0138888888888889,9,0.00108472942027239,1,1.00388781161709,0.452069138431338,1.00724924544852,0.979,0.9395,0.7042,,1317.21,24.9,12.7,24.5,10685.66786,0.2182220051,10.4,0.133,71.780121332,3,0.348,0.1605399542,0.0149451609
390,"-82.4594,31.5546",13005,"Georgia, Bacon",0.0875912408759124,6.43719266875279,0.0734912829682611,822,1.00956681873123,1.01140696531626,0.0291970802919708,24,0.00214573088958426,1,1.00388781161709,0.452069138431338,1.00724924544852,0.8408,0.7978,0.8204,0.00223513634331694,1305.43,19,15.1,39.8,10877.353773,0.1937887099,10.4,0.184,47.837965156,4,0.374,0.1609298167,0.0041126509
391,"-84.4422,31.3267",13007,"Georgia, Baker",0.107142857142857,4.85122897800776,0.0452781371280724,140,1.01288402997981,1.01140696531626,0.0428571428571429,6,0.0019404915912031,1,1.00388781161709,0.452069138431338,1.00724924544852,0.729,0.6759,0.6068,,1278.57,14,23.1,7.7,10818.796442,0.1711840459,10.8,0.206,4.8379540963,3,0.352,0.4395213454,0.004851229
392,"-83.247,33.0688",13009,"Georgia, Baldwin",0.0592383638928068,3.74807576467439,0.06327108850367,2836,1.00493164763609,1.01140696531626,0.0260930888575458,74,0.00165093813443991,1.00392180941666,1.00388781161709,0.452069138431338,1.00724924544852,0.9131,0.7084,0.9494,0.00312339647056199,1370.27,11.6,15,172.3,10135.292221,0.198179384,11.4,0.116,89.968720319,5,0.371,0.4220377931,0.0033018763
393,"-83.4964,34.3561",13011,"Georgia, Banks",0.191991786447639,9.84832525805772,0.0512955550874236,974,1.01676357605991,1.01140696531626,0.013347022587269,13,0.000684642932378344,1,1.00388781161709,0.452069138431338,1.00724924544852,0.714,0.6081,0.2474,,1367.81,15.8,16.7,67.8,9994.1537265,0.1772227826,10.4,0.11,19.520571866,5,0.341,0.0259637666,0.0065831051
394,"-83.7144,33.9915",13013,"Georgia, Barrow",0.16207729468599,8.30353054734002,0.0512319172369414,4140,1.01435060501203,1.01140696531626,0.0144927536231884,60,0.000742491554158571,1.00485482547268,1.00388781161709,0.452069138431338,1.00724924544852,0.5675,0.7962,0.0506,0.000692992117214667,1800.12,14.9,11.9,403.2,8517.2620788,0.1708354859,11.1,0.175,41.58491442,5,0.384,0.1187615241,0.0052593152
395,"-84.8389,34.2373",13015,"Georgia, Bartow",0.165752098127824,9.65152996015337,0.058228704608676,6196,1.01470845272605,1.01140696531626,0.0179147837314396,111,0.00104315465002631,1.00260085051344,1.00388781161709,0.452069138431338,1.00724924544852,0.5717,0.7151,0.4238,0.00111833696714533,1764.98,14.8,13.4,213,8278.2214889,0.1917636642,11.2,0.138,148.89333081,5,0.314,0.1081027742,0.0057796406
396,"-83.2215,31.761",13017,"Georgia, Ben Hill",0.168863261943987,12.2118305831894,0.0723178650145946,1214,1.01392375668993,1.01140696531626,0.0329489291598023,40,0.00238279621135402,1,1.00388781161709,0.452069138431338,1.00724924544852,0.8204,0.7186,0.6253,0.0044677428962888,1067.41,17.2,16.2,68.5,10149.884857,0.2056249755,10.7,0.133,46.531693227,4,0.396,0.357240722,0.0063739799
397,"-83.2253,31.2759",13019,"Georgia, Berrien",0.137767220902613,6.02534801579057,0.0437357157697901,842,1.00933093473436,1.01140696531626,0.0344418052256532,29,0.00150633700394764,1,1.00388781161709,0.452069138431338,1.00724924544852,0.9621,0.5094,0.4887,0.00327238728443798,1117.31,21.7,17.2,37.1,11728.357568,0.2000949732,10.8,0.139,22.290016456,3.7,0.394,0.1072615832,0.0039995845
398,"-83.7049,32.809",13021,"Georgia, Bibb",0.107757107757108,6.01587249746889,0.0558280806035468,8547,1.00961942718506,1.01140696531626,0.029016029016029,248,0.00161990920670172,1.00291385172641,1.00388781161709,0.452069138431338,1.00724924544852,0.821,0.8131,0.865,0.00708057088735752,1591.53,13.4,14.8,696.6,10978.8272,0.1906692325,11.3,0.137,429.81419413,5,0.366,0.5495672622,0.0028283092
399,"-83.3304,32.4383",13023,"Georgia, Bleckley",0.0825806451612903,4.98520018694501,0.0603676585137872,775,1.0081879847368,1.01140696531626,0.0425806451612903,33,0.00257049384639352,1,1.00388781161709,0.452069138431338,1.00724924544852,0.8194,0.5486,0.6125,0.00194734382302539,1398.04,10.4,16.8,52.2,9943.4128095,0.1801917368,11,0.083,3.3237629502,4,0.427,0.2630472036,0.0021810251
400,"-81.9774,31.1958",13025,"Georgia, Brantley",0.109357384441939,5.13308990845108,0.0469386675133619,887,1.0093599886076,1.01140696531626,0.0214205186020293,19,0.00100545060062444,1,1.00388781161709,0.452069138431338,1.00724924544852,0.8697,0.2232,0.249,,1209.48,19.1,15.4,34.3,11806.987941,0.1972935747,9.5,0.07,20.131764978,3.7,0.329,0.0349790972,0.0049743346
401,"-83.583,30.8392",13027,"Georgia, Brooks",0.178832116788321,9.47592341906788,0.0529878166698898,822,1.01126612754965,1.01140696531626,0.0364963503649635,30,0.00193386192225875,1,1.00388781161709,0.452069138431338,1.00724924544852,0.8933,0.8586,0.6097,0.00161155160188229,1272.57,20.8,19.1,27.2,9327.4529812,0.1890686641,10.7,0.128,93.454284809,3,0.331,0.3439695739,0.003996648
402,"-81.44,32.0098",13029,"Georgia, Bryan",0.0883777239709443,3.83111600934163,0.0433493400509066,1652,1.00720789785873,1.01140696531626,0.0108958837772397,18,0.000472329371014721,1,1.00388781161709,0.452069138431338,1.00724924544852,0.399,0.6603,0.0939,,2204.31,11.2,10.2,64.5,8094.2857431,0.1651209634,10.3,0.112,105.76254953,5,0.351,0.141987457,0.0055105093
403,"-81.7481,32.3958",13031,"Georgia, Bulloch",0.0534005037783375,2.74270337404264,0.0513610018629683,3970,1.00461814571613,1.01140696531626,0.0141057934508816,56,0.000724487683709377,1,1.00388781161709,0.452069138431338,1.00724924544852,0.8707,0.5457,0.9583,0.00245808321258539,1464.63,13.4,10.9,109.2,7875.8548831,0.1937250384,10.6,0.119,81.719362071,5,0.3,0.2915804181,0.0039976195
404,"-81.9993,33.0592",13033,"Georgia, Burke",0.0990531682447196,6.06520090978014,0.0612317709494715,1373,1.00894778110576,1.01140696531626,0.0116533139111435,16,0.000713553048209428,1,1.00388781161709,0.452069138431338,1.00724924544852,0.8159,0.7227,0.6613,0.00178388262052357,1131.72,13.6,14.6,31.1,12288.659928,0.2050694772,11,0.141,51.514452357,4,0.345,0.4688935468,0.0043259154
405,"-83.9544,33.2831",13035,"Georgia, Butts",0.168202764976959,9.05220518331749,0.0538172198569834,1302,1.01576079592462,1.01140696531626,0.0360983102918587,47,0.00194271070144257,1.00307703942843,1.00388781161709,0.452069138431338,1.00724924544852,0.8201,0.4868,0.8319,0.00103335675608647,1423.18,10.4,15.1,113.7,10786.871489,0.1924937502,11.3,0.126,23.321993946,5,0.337,0.2828917455,0.0036374158
406,"-84.6273,31.5317",13037,"Georgia, Calhoun",0.147826086956522,8.02896725440806,0.0543136020151134,345,1.00724480447717,1.01140696531626,0.0318840579710145,11,0.00173173803526448,1,1.00388781161709,0.452069138431338,1.00724924544852,0.9943,0.8704,0.9834,,1079.93,19.3,14.5,19.8,9265.4166084,0.2363789369,10.6,0.188,17.548617711,3,0.273,0.6023299748,0.0047229219
407,"-81.666,30.9295",13039,"Georgia, Camden",0.110417666826692,4.284889244928,0.0388061925964566,2083,1.00880641074786,1.01140696531626,0.0100816130580893,21,0.000391229018015165,1,1.00388781161709,0.452069138431338,1.00724924544852,0.415,0.5425,0.6823,0.000745198129552695,1890.13,11.7,12.2,80.4,7720.8850868,0.1687588223,9,0.169,47.998314345,4.3,0.391,0.1853307748,0.0065763735
408,"-82.077,32.4021",13043,"Georgia, Candler",0.0175438596491228,1.01513473606497,0.0578626799557032,627,1.00137458082844,1.01140696531626,0.0558213716108453,35,0.00322997416020672,1,1.00388781161709,0.452069138431338,1.00724924544852,0.929,0.7542,0.9408,0.00230712440014766,1188.93,21,17,39.8,11594.880199,0.2166647768,10.5,0.12,24.709147906,4,0.496,0.2426172019,0.0028608343
409,"-85.0798,33.5814",13045,"Georgia, Carroll",0.141370869033048,7.82248711067465,0.0553330906443393,6536,1.01278168045709,1.01140696531626,0.0157588739290086,103,0.000871987199566546,1.00567448755603,1.00388781161709,0.452069138431338,1.00724924544852,0.7869,0.7256,0.6272,0.00275988181610383,1702.46,12.2,13.1,226.3,9151.1131731,0.1804092595,11.1,0.131,94.597751224,5,0.397,0.1897376419,0.0055874908
410,"-85.1376,34.8987",13047,"Georgia, Catoosa",0.186172267284666,7.14921388312074,0.0384010679323643,2589,1.01743229688968,1.01140696531626,0.0135187331015836,35,0.000519133788193414,1.02226578920968,1.00388781161709,0.452069138431338,1.00724924544852,0.3194,0.3136,0.0678,0.00265499851676061,1753.29,12,16.8,325.6,7804.6358822,0.1499833827,11,0.167,210.44594072,5,0.388,0.0270097894,0.0044497182
411,"-82.1395,30.7837",13049,"Georgia, Charlton",0.101237345331834,6.94016039481801,0.0685533621221468,889,1.00916514984939,1.01140696531626,0.0213723284589426,19,0.00146514497223936,1,1.00388781161709,0.452069138431338,1.00724924544852,0.9764,0.9086,0.7536,,1259.56,21.1,14.8,12.1,8812.2040599,0.1932282605,8.9,0.167,27.798932818,3.7,0.354,0.2873997532,0.0256014806
412,"-81.1249,32.0004",13051,"Georgia, Chatham",0.0804384485666104,3.29881222012829,0.041010390912706,11860,1.00701013998921,1.01140696531626,0.0185497470489039,220,0.000760732377807362,1.00530563553741,1.00388781161709,0.452069138431338,1.00724924544852,0.514,0.836,0.8208,0.00389356662459586,1977.24,14.5,14.4,673.7,8287.3681329,0.1708011422,9.9,0.103,362.42314477,5,0.324,0.4011895088,0.0036031052
413,"-84.7881,32.3434",13053,"Georgia, Chattahoochee",0.0600375234521576,11.9805316360914,0.199550730063647,2132,1.00526878266694,1.01140696531626,0.00140712945590994,3,0.000280793710220891,1,1.00388781161709,0.452069138431338,1.00724924544852,0.6341,0.6479,0.8889,0.00533508049419693,1271.77,6.4,3.8,99.6,9079.8318799,0.1796519498,11.5,0.061,33.168180435,4,0.347,0.1915949083,0.0133845002
414,"-85.3454,34.472",13055,"Georgia, Chattooga",0.149761742682097,8.87454618797902,0.0592577652279145,1469,1.01484763822977,1.01140696531626,0.0265486725663717,39,0.00157321500605083,1.01557919328246,1.00388781161709,0.452069138431338,1.00724924544852,0.9417,0.6313,0.9669,,1174.22,15.4,16.9,73,12534.641897,0.189376894,10.9,0.123,63.186996228,4,0.302,0.0968132311,0.0044776119
415,"-84.4743,34.2439",13057,"Georgia, Cherokee",0.157460317460317,7.80644425120697,0.0495772165147217,12600,1.01253282175611,1.01140696531626,0.00944444444444444,119,0.000468229267083483,1.00120627963441,1.00388781161709,0.452069138431338,1.00724924544852,0.1102,0.7494,0.0955,0.000621682556295716,2549.2,10.9,12.9,489.1,5615.5326957,0.1456346013,11.2,0.102,301.9650845,5,0.268,0.0678302885,0.0053944733
416,"-83.3712,33.9544",13059,"Georgia, Clarke",0.104432164204353,7.27244168695516,0.0696379486373989,8867,1.00794787464228,1.01140696531626,0.00654110747716251,58,0.000455509306526349,1.00502563202403,1.00388781161709,0.452069138431338,1.00724924544852,0.7898,0.8914,0.9551,0.00475143328359381,1514,14,10.3,1239.3,7205.761959,0.2013169477,11,0.067,268.49143944,5,0.24,0.2780570172,0.003973926
417,"-84.9771,31.6222",13061,"Georgia, Clay",0.0445859872611465,2.42466227918254,0.0543817111188084,157,1.00558208905533,1.01140696531626,0.0191082802547771,3,0.00103914097679252,1,1.00388781161709,0.452069138431338,1.00724924544852,0.9818,0.4922,0.7606,,771.96,23.6,22.7,13.6,11665.959262,0.2419900408,10.5,0.156,5.2858800155,3,0.359,0.6037409075,0.0038101836
418,"-84.3559,33.5419",13063,"Georgia, Clayton",0.134065752519412,5.60399150596482,0.0418003211159643,12106,1.01224952246497,1.01140696531626,0.0175119775318024,212,0.000732006284204893,1.00272487645568,1.00388781161709,0.452069138431338,1.00724924544852,0.8653,0.9739,0.7746,0.00143638968976054,1392.13,19.2,8.7,1799,8904.3079375,0.1862880992,11.5,0.112,408.93629356,5,0.365,0.6986240354,0.0058042574
419,"-82.7043,30.914",13065,"Georgia, Clinch",0.0308529945553539,2.55716004813478,0.0828820697954272,551,1.00261993036437,1.01140696531626,0.0254083484573503,14,0.00210589651022864,1.01064309218431,1.00388781161709,0.452069138431338,1.00724924544852,0.958,0.7017,0.9637,0.00376052948255114,1042.2,21.2,15.2,8.2,11046.959749,0.2364821213,9.6,0.252,57.741072408,3,0.519,0.2672984356,0.0087244284
420,"-84.5761,33.9424",13067,"Georgia, Cobb",0.147118315717501,6.82288122716733,0.0463768307426027,35101,1.01281345484376,1.01140696531626,0.0151562633543204,532,0.000702899460273629,1.00326455677753,1.00388781161709,0.452069138431338,1.00724924544852,0.1583,0.9217,0.2264,0.00159605742107245,2667.22,13,11.4,2147.5,5620.8933435,0.1263402736,10.5,0.087,542.85505567,5,0.291,0.2747134562,0.0050392078
421,"-82.8549,31.5489",13069,"Georgia, Coffee",0.139051522248244,11.0226718956675,0.079270415148632,3416,1.01105340406745,1.01140696531626,0.023711943793911,81,0.00187965562852435,1,1.00388781161709,0.452069138431338,1.00724924544852,0.814,0.8615,0.9462,0.00204209500382893,1370,19.2,13.3,71.2,10471.893429,0.1970080576,10.8,0.111,57.630778211,4.3,0.347,0.2803239505,0.0055229388
422,"-83.7678,31.1881",13071,"Georgia, Colquitt",0.0840755254720342,5.17634672749605,0.0615678189155992,2807,1.0057805151184,1.01140696531626,0.0185251157819736,52,0.00114055097385506,1.00277786339753,1.00388781161709,0.452069138431338,1.00724924544852,0.936,0.937,0.9491,0.00217143358483945,1199.12,23.6,14.7,80.9,10885.715775,0.2096915254,11,0.178,83.848319235,4,0.377,0.2294700825,0.0125899281
423,"-82.2635,33.5453",13073,"Georgia, Columbia",0.163081283009146,8.20527444893092,0.0503140170197873,7763,1.0135913868726,1.01140696531626,0.0115934561380909,90,0.000583313349450065,1.0133874519632,1.00388781161709,0.452069138431338,1.00724924544852,0.1608,0.7475,0.0357,,2481.8,8,12.7,383.6,6261.4929069,0.136919616,11.2,0.101,122.53149615,5,0.321,0.176147669,0.0040767122
424,"-83.4295,31.1607",13075,"Georgia, Cook",0.123152709359606,7.28353338771705,0.0591422911082624,1015,1.00754121850391,1.01140696531626,0.0197044334975369,20,0.00116536534203473,1,1.00388781161709,0.452069138431338,1.00724924544852,0.8357,0.7217,0.5158,0.00699219205220837,1298.19,18,15.5,66.3,9396.8944831,0.1991139721,10.7,0.16,114.73161523,4.3,0.296,0.2748514159,0.0040205104
425,"-84.7613,33.3533",13077,"Georgia, Coweta",0.18069344738048,8.1102945209236,0.0448842757637251,6547,1.01544377182939,1.01140696531626,0.0117611119596762,77,0.000527888992486151,1.00186918497631,1.00388781161709,0.452069138431338,1.00724924544852,0.2656,0.758,0.1219,0.00127516042340811,2354.68,10.4,13.2,274.9,6447.83232,0.1577801161,11.3,0.095,102.617035,5,0.288,0.1790709154,0.0041408435
426,"-83.9806,32.7139",13079,"Georgia, Crawford",0.167763157894737,4.14028251339503,0.0246793310602371,304,1.01708803575771,1.01140696531626,0.0263157894736842,8,0.000649456080532554,1.01925902092718,1.00388781161709,0.452069138431338,1.00724924544852,0.8796,0.3056,0.5431,,1236.57,13.5,17.7,29.5,9510.3969332,0.1807645403,11.4,0.203,8.6159998268,3,0.46,0.2049845754,0.0065757428
427,"-83.7681,31.9229",13081,"Georgia, Crisp",0.157799819657349,7.74302022034423,0.0490686252820672,1109,1.01811996970353,1.01140696531626,0.0324616771866546,36,0.00159284987389939,1,1.00388781161709,0.452069138431338,1.00724924544852,0.9545,0.716,0.9475,0.00322994557762931,1195.22,16.8,17.6,84.4,10526.044465,0.2131708527,11,0.192,88.052383551,4,0.381,0.44201584,0.0032299456
428,"-85.5049,34.8549",13083,"Georgia, Dade",0.180094786729858,7.02576112412178,0.0390114630839394,633,1.01083623444943,1.01140696531626,0.0126382306477093,8,0.000493035868359423,1,1.00388781161709,0.452069138431338,1.00724924544852,0.6083,0.1897,0.9118,0.000801183286084063,1611.33,12.4,18.1,80.2,8513.4898019,0.1552889893,10.5,0.241,119.32976697,4.3,0.406,0.0116479724,0.0059164304
429,"-84.1696,34.4424",13085,"Georgia, Dawson",0.168933428775948,9.40876290714827,0.0556950922935853,1397,1.01508463053639,1.01140696531626,0.0078740157480315,11,0.000438544033807758,1,1.00388781161709,0.452069138431338,1.00724924544852,0.2382,0.3419,0.0907,,2333.23,11.2,19.5,107,8843.2534117,0.1459763835,10,0.164,70.061218565,5,0.281,0.0075748515,0.004863852
430,"-84.5762,30.8797",13087,"Georgia, Decatur",0.0950200343445907,6.24647224835372,0.0657384760112888,1747,1.00723752239315,1.01140696531626,0.0269032627361191,47,0.00176857949200376,1.00307703942843,1.00388781161709,0.452069138431338,1.00724924544852,0.829,0.6125,0.9806,0.00301034807149577,1136.4,19.1,15.7,41.8,10800.360571,0.1914172658,10.9,0.147,96.709618084,4,0.271,0.4195672625,0.0082408278
431,"-84.224,33.7694",13089,"Georgia, DeKalb",0.13210043791941,5.5422056207191,0.0419544833310863,31741,1.01060286084421,1.01140696531626,0.0155004568224064,492,0.00065031365737987,1.00353374509136,1.00388781161709,0.452069138431338,1.00724924544852,0.4889,0.9688,0.7208,0.00263297724695265,2336.17,14.8,11.5,2591.7,6846.8304463,0.1581843209,10.2,0.085,991.94603838,5,0.263,0.5372502835,0.0046790861
432,"-83.1695,32.1727",13091,"Georgia, Dodge",0.0816852966466036,4.58826370441922,0.0561700072446269,1163,1.00811880852336,1.01140696531626,0.0481513327601032,56,0.00270466070997344,1.00520889711624,1.00388781161709,0.452069138431338,1.00724924544852,0.8885,0.6291,0.9602,0.00453996619174113,1256.32,11.3,16.9,36.7,10338.417163,0.1920312436,11.1,0.165,35.855464021,4,0.344,0.2950978025,0.0045882637
433,"-83.7975,32.1563",13093,"Georgia, Dooly",0.130124777183601,5.32613453961769,0.0409309791332263,561,1.01257811016687,1.01140696531626,0.0409982174688057,23,0.00167809718371516,1.02766948763189,1.00388781161709,0.452069138431338,1.00724924544852,0.9701,0.872,0.8727,,968.36,16.2,18.4,31.8,9610.258035,0.1958200078,11.2,0.161,51.502779477,3,0.382,0.4893477309,0.0026995476
434,"-84.2172,31.5333",13095,"Georgia, Dougherty",0.109671226301896,5.00860339971285,0.0456692568197012,4167,1.00928318392563,1.01140696531626,0.0494360451163907,206,0.00225770744057078,1.0006954116368,1.00388781161709,0.452069138431338,1.00724924544852,0.9427,0.7096,0.9204,0.0102912004208542,1351.71,17,14.6,315,11722.427413,0.2160755319,10.7,0.15,221.82741917,5,0.373,0.7025525246,0.0027399362
435,"-84.7703,33.7029",13097,"Georgia, Douglas",0.155611489487711,7.23176748250545,0.0464732231939504,6754,1.01293291292266,1.01140696531626,0.0151021616819662,102,0.000701846130557142,1.01328364254971,1.00388781161709,0.452069138431338,1.00724924544852,0.5331,0.873,0.2267,0.000701846130557142,1908.72,13.2,11,617.3,7561.2488781,0.1663996106,11.4,0.105,206.51098983,5,0.313,0.4695419422,0.0046652125
436,"-84.9026,31.3216",13099,"Georgia, Early",0.0636856368563686,4.58670830486972,0.0720210793402947,738,1.0057433297637,1.01140696531626,0.0528455284552846,39,0.00380599199765785,1.0037176772541,1.00388781161709,0.452069138431338,1.00724924544852,0.9449,0.4486,0.8039,0.00243973846003708,1000.64,15.7,18.6,20.7,11294.925378,0.2101910991,10.8,0.194,31.412072865,3,0.435,0.5097101591,0.0056601932
437,"-82.8969,30.711",13101,"Georgia, Echols",0.136222910216718,11,0.08075,323,1.00822514884732,1.01140696531626,0.00928792569659443,3,0.00075,1,1.00388781161709,0.452069138431338,1.00724924544852,0.8303,0.8418,0.3588,,1298.66,25.6,16.2,7.1,6576.4029914,0.1909455169,9.5,0.112,1.1965785272,3,0.278,0.04775,0.03025
438,"-81.3428,32.3662",13103,"Georgia, Effingham",0.0583972719522592,2.20292651551696,0.0377231066087795,2346,1.00496881634572,1.01140696531626,0.0144927536231884,34,0.000546711689982312,1.00427381583427,1.00388781161709,0.452069138431338,1.00724924544852,0.2392,0.5377,0.1907,0.000401993889692877,2059.85,9.8,11.1,98.4,8392.2627197,0.1627983515,10.4,0.1,10.066901189,5,0.399,0.1375944686,0.0045344911
439,"-82.8394,34.113",13105,"Georgia, Elbert",0.126284875183554,8.99581589958159,0.071234309623431,1362,1.01083894378918,1.01140696531626,0.0227606461086637,31,0.00162133891213389,1.00957286878737,1.00388781161709,0.452069138431338,1.00724924544852,0.8487,0.7982,0.5234,0.00271966527196653,1344.72,14.6,19.7,51.9,10645.866587,0.1784173617,10.6,0.081,259.78092382,4,0.401,0.2816945607,0.0044979079
440,"-82.3024,32.5922",13107,"Georgia, Emanuel",0.065402223675605,4.42243056784008,0.0676189633822749,1529,1.00602900508528,1.01140696531626,0.0320470896010464,49,0.00216699097824164,1.00294995503671,1.00388781161709,0.452069138431338,1.00724924544852,0.9475,0.7889,0.8771,0.00318415000884486,1175.55,17.9,15.5,32.2,12435.986475,0.2122506496,10.7,0.174,29.767911444,4,0.277,0.3436670794,0.0046435521
441,"-81.887,32.1533",13109,"Georgia, Evans",0.0346620450606586,1.86549762149053,0.0538196063800019,577,1.00326073538506,1.01140696531626,0.0225303292894281,13,0.00121257345396885,1,1.00388781161709,0.452069138431338,1.00724924544852,0.9516,0.9102,0.886,0.0045704691726518,1324.52,16.8,16,59.5,9321.8150352,0.1926908961,10.4,0.073,53.579679884,4,0.314,0.2998787427,0.0054099431
442,"-84.317,34.8643",13111,"Georgia, Fannin",0.12637828668363,5.7387151440456,0.0454090278847635,1179,1.0103514147682,1.01140696531626,0.0322307039864292,38,0.00146356493606532,1.0038170159038,1.00388781161709,0.452069138431338,1.00724924544852,0.5322,0.2977,0.1019,0.00192574333692805,1294.32,13.4,27.9,67.1,9733.9830652,0.1571593959,9.4,0.152,50.404656749,4.3,0.263,0.0071252503,0.004621784
443,"-84.4909,33.4136",13113,"Georgia, Fayette",0.162474332648871,5.57910787156594,0.0343383953674896,3896,1.01276454177791,1.01140696531626,0.0169404517453799,66,0.000581707929736733,1.00218344770505,1.00388781161709,0.452069138431338,1.00724924544852,0.0602,0.765,0.0181,0.00248547933614786,2972.97,7.3,17.1,558.4,5110.7962897,0.1282138586,11.5,0.121,55.13221341,5,0.292,0.2366581761,0.0045126433
444,"-85.2158,34.2627",13115,"Georgia, Floyd",0.129819651741294,8.52675972918603,0.0656815791354785,6432,1.01070526775077,1.01140696531626,0.0158582089552239,102,0.00104159220643949,1.01484978368978,1.00388781161709,0.452069138431338,1.00724924544852,0.7484,0.8064,0.9389,0.00524880778539116,1604.99,13.8,16.1,200.6,9574.3774774,0.1700582991,10.9,0.144,161.65944782,5,0.377,0.1443013673,0.007699613
445,"-84.1232,34.226",13117,"Georgia, Forsyth",0.178276974548931,6.30568187581357,0.0353701418355789,8369,1.01545641663091,1.01140696531626,0.00812522404110408,68,0.000287390326779707,1.00427381583427,1.00388781161709,0.452069138431338,1.00724924544852,0.0293,0.7845,0.0159,0.00128480381383869,3543.1,8.9,11.4,903.3,3873.3443495,0.125461395,11.2,0.079,59.591436382,5,0.273,0.0379355231,0.0049617095
446,"-83.2316,34.3753",13119,"Georgia, Franklin",0.129979035639413,8.07887764409504,0.0621552360682795,1431,1.01105509534937,1.01140696531626,0.0174703004891684,25,0.00108587065108804,1.01198288474998,1.00388781161709,0.452069138431338,1.00724924544852,0.8118,0.6227,0.688,0.00243235025843721,1163.04,16.4,19.4,89.3,10541.91304,0.1835444407,10.5,0.139,42.872054183,5,0.327,0.0928202233,0.0041697433
447,"-84.4632,33.7922",13121,"Georgia, Fulton",0.133614807233026,5.96697120503107,0.0446580085590707,46896,1.01107912109438,1.01140696531626,0.0159501876492665,748,0.000712303616559726,1.00466966701276,1.00388781161709,0.452069138431338,1.00724924544852,0.3245,0.8968,0.8259,0.00391862216864074,2730.61,11,11.1,2780,6715.5876464,0.1492550946,12,0.082,1682.8585198,5,0.25,0.4361374098,0.0028092188
448,"-84.458,34.6932",13123,"Georgia, Gilmer",0.134187457855698,6.45768431983385,0.0481243509865005,1483,1.01265859798506,1.01140696531626,0.0222521915037087,33,0.0010708722741433,1,1.00388781161709,0.452069138431338,1.00724924544852,0.6427,0.7049,0.2728,,1604.69,21.4,23.4,66.5,9677.0158625,0.1563764656,9.9,0.198,24.688671432,4,0.235,0.0063278816,0.0069768951
449,"-82.613,33.2288",13125,"Georgia, Glascock",0.252336448598131,9.01502504173623,0.0357262103505843,107,1.0317038391602,1.01140696531626,0.0186915887850467,2,0.000667779632721202,1,1.00388781161709,0.452069138431338,1.00724924544852,0.7105,0.3814,0.8628,,1237.99,8.3,17,16.8,9971.4313689,0.1735144645,10.6,0.171,0.0592910015,3,0.256,0.0888146912,0.0050083472
450,"-81.5381,31.2328",13127,"Georgia, Glynn",0.0596819864953169,3.2152454264894,0.0538729626022366,4591,1.00475674742514,1.01140696531626,0.0278806360270094,128,0.00150201246200965,1.00339382124541,1.00388781161709,0.452069138431338,1.00724924544852,0.4777,0.7908,0.694,0.00352034170783511,2119.14,14.1,18.8,205.8,9176.4451674,0.163922857,8.9,0.147,174.40103904,5,0.333,0.2622771917,0.0049636818
451,"-84.873,34.5049",13129,"Georgia, Gordon",0.134280019930244,9.343850221028,0.0695848140764497,4014,1.01158732585094,1.01140696531626,0.0149476831091181,60,0.00104013175002167,1,1.00388781161709,0.452069138431338,1.00724924544852,0.7561,0.815,0.7545,0.00119615151252492,1550.72,16.2,14.1,161.4,9230.6400296,0.1800746666,11,0.149,209.9765824,5,0.296,0.038623559,0.0060500997
452,"-84.2342,30.8745",13131,"Georgia, Grady",0.0808356039963669,3.59625020203653,0.0444884435105867,1101,1.00666162857363,1.01140696531626,0.0281562216167121,31,0.00125262647486666,1,1.00388781161709,0.452069138431338,1.00724924544852,0.8567,0.8984,0.5234,0.00242443833845159,1201.22,18.3,17.2,45.6,10138.228181,0.1904889936,11.1,0.169,89.845992211,4,0.343,0.2832148052,0.0126474867
453,"-83.1714,33.5769",13133,"Georgia, Greene",0.125748502994012,5.93287377104758,0.0471804723697593,835,1.00922789241956,1.01140696531626,0.0335329341317365,28,0.00158209967227935,1,1.00388781161709,0.452069138431338,1.00724924544852,0.5328,0.7552,0.312,0.00276867442648887,2144.78,15.8,27.8,46.3,9010.9654228,0.1684801455,11.1,0.137,56.940286427,4,0.331,0.3333144988,0.0057633631
454,"-84.0214,33.9604",13135,"Georgia, Gwinnett",0.147813392301252,7.42093231053449,0.0502047358158876,46579,1.01272957579968,1.01140696531626,0.0121084608943945,564,0.00060790208034008,1.00359730816212,1.00388781161709,0.452069138431338,1.00724924544852,0.3299,0.9717,0.2337,0.000814847469392022,2372.2,17,9.2,1989.1,5201.9732707,0.1449513425,11.2,0.109,311.13882737,5,0.303,0.2755197617,0.0084890723
455,"-83.5309,34.6333",13137,"Georgia, Habersham",0.170567375886525,10.597514761611,0.0621309597250375,2820,1.01482296348347,1.01140696531626,0.0297872340425532,84,0.00185070943861814,1,1.00388781161709,0.452069138431338,1.00724924544852,0.6443,0.8112,0.7163,0.00116770952674716,1517.26,17.3,18.2,158.4,7541.6589863,0.1633135582,9.7,0.087,41.806520404,5,0.256,0.037983608,0.0103331277
456,"-83.819,34.3221",13139,"Georgia, Hall",0.145284163689072,10.6605061638008,0.0733769317529731,14833,1.01251752457654,1.01140696531626,0.0140902042742534,209,0.00103389595741734,1.00068540224706,1.00388781161709,0.452069138431338,1.00724924544852,0.5045,0.9236,0.6527,0.00325009399054158,2263.37,17.4,14.2,474.4,6611.8183422,0.1563684314,10.5,0.127,158.587697,5,0.326,0.0732186319,0.0083898926
457,"-82.9977,33.2722",13141,"Georgia, Hancock",0.100182149362477,6.5884044082415,0.065764254911356,549,1.00289559578343,1.01140696531626,0.0837887067395264,46,0.00551030186871107,,1.00388781161709,0.452069138431338,1.00724924544852,0.8322,0.5864,0.921,,919.75,9.5,21.6,15.4,9937.7376128,0.2156114069,10.9,0.189,23.679523861,3,0.315,0.7084331576,0.0057498802
458,"-85.2101,33.796",13143,"Georgia, Haralson",0.133592736705577,6.97524802763011,0.05221277892527,1542,1.01276385749024,1.01140696531626,0.0201037613488975,31,0.00104967324687638,1.01993180033091,1.00388781161709,0.452069138431338,1.00724924544852,0.6325,0.2856,0.2859,0.000846510682964819,1514.36,12.3,15.6,98.4,10801.9496,0.1750771366,10.7,0.089,20.187375982,5,0.234,0.0463887854,0.0036907866
459,"-84.9054,32.7371",13145,"Georgia, Harris",0.106437768240343,3.59680928208847,0.0337926033357505,1165,1.00889168737908,1.01140696531626,0.0240343347639485,28,0.000812182741116751,1,1.00388781161709,0.452069138431338,1.00724924544852,0.2573,0.3225,0.0519,,2350.36,7.8,17.4,53.4,5890.6277783,0.1369267077,11.3,0.139,31.037372079,5,0.359,0.1640609137,0.0050181291
460,"-82.9657,34.3463",13147,"Georgia, Hart",0.245471014492754,10.3835395992184,0.0423004712824246,1104,1.02169385462956,1.01140696531626,0.0271739130434783,30,0.00114946932832676,1.00485482547268,1.00388781161709,0.452069138431338,1.00724924544852,0.7194,0.6164,0.3897,,1331.2,11.4,21.3,90.2,6777.7445692,0.1757067175,10.6,0.083,10.982760143,4.3,0.328,0.1888961263,0.0021456761
461,"-85.1289,33.2969",13149,"Georgia, Heard",0.223340040241449,9.34422089401465,0.041838538597525,497,1.01988837541707,1.01140696531626,0.0160965794768612,8,0.000673457361730785,1,1.00388781161709,0.452069138431338,1.00724924544852,0.8146,0.5021,0.567,,1252.15,12.6,16.2,30.9,11020.925679,0.1754117313,10.8,0.201,6.3247740369,3.7,0.384,0.0964727671,0.0050509302
462,"-84.1481,33.4533",13151,"Georgia, Henry",0.166650731427479,7.57101902528017,0.045430457822952,10459,1.01401661138756,1.01140696531626,0.0139592695286356,146,0.000634176005559899,1.00397639411768,1.00388781161709,0.452069138431338,1.00724924544852,0.3768,0.8364,0.0474,0.000933889323256016,2156.1,11,11,602.2,7470.9056699,0.1581382504,11.7,0.13,201.16430582,5,0.36,0.452536704,0.0036052472
463,"-83.6688,32.458",13153,"Georgia, Houston",0.165346193592835,6.17486444242904,0.0373450655757739,5806,1.01562132360196,1.01140696531626,0.0194626248708233,113,0.000726833002077585,1.00385131918851,1.00388781161709,0.452069138431338,1.00724924544852,0.4869,0.788,0.4031,0.00177527352719835,1973.28,11.8,12.2,413.4,7537.0961916,0.1719316325,11.3,0.098,126.91393686,5,0.397,0.3168348674,0.0048241128
464,"-83.275,31.6021",13155,"Georgia, Irwin",0.11377245508982,6.06512023834858,0.0533092147265376,501,1.0097815013646,1.01140696531626,0.029940119760479,15,0.00159608427324963,1.00990485606307,1.00388781161709,0.452069138431338,1.00724924544852,0.9481,0.6154,0.3849,0.00361779101936582,1280.52,15.8,18.6,23.1,12295.673801,0.2033767541,10.6,0.178,34.298687203,3,0.404,0.2763353905,0.0019153011
465,"-83.5681,34.1379",13157,"Georgia, Jackson",0.196923076923077,11.8144897901224,0.0599954559654653,4225,1.01671944992392,1.01140696531626,0.0149112426035503,63,0.000894606799011673,1.0069943706001,1.00388781161709,0.452069138431338,1.00724924544852,0.4436,0.6784,0.1735,0.00127800971287382,2131.31,12,14.4,187.8,7199.2564822,0.1569343273,11,0.12,69.235243799,5,0.296,0.0694811281,0.0036636278
466,"-83.6884,33.3154",13159,"Georgia, Jasper",0.225283630470016,9.9002849002849,0.0439458689458689,617,1.01788421669716,1.01140696531626,0.0113452188006483,7,0.000498575498575499,1,1.00388781161709,0.452069138431338,1.00724924544852,0.8538,0.5759,0.3493,0.00121082621082621,1338.53,13.7,16.9,31.2,8944.6585452,0.1911841204,11.3,0.127,8.7190341035,4,0.382,0.1960826211,0.0048433048
467,"-82.6372,31.8041",13161,"Georgia, Jeff Davis",0.08,5.5891942244993,0.0698649278062413,1050,1.00757111498241,1.01140696531626,0.0323809523809524,34,0.00226229290039257,1,1.00388781161709,0.452069138431338,1.00724924544852,0.8717,0.7892,0.8344,0.00232883092687471,1217.24,19.7,15.3,44.1,11977.367822,0.1942554614,10.6,0.243,43.282888095,4,0.31,0.14565174,0.0082507153
468,"-82.4161,33.0587",13163,"Georgia, Jefferson",0.100810081008101,7.25858716785483,0.0720025923525599,1111,1.00837443168486,1.01140696531626,0.036003600360036,40,0.00259235255994815,1,1.00388781161709,0.452069138431338,1.00724924544852,0.9366,0.7415,0.9032,0.00239792611795204,962.5,14.4,17.4,30.9,11577.3087,0.2047611114,11,0.222,46.170048009,3.7,0.287,0.5241736876,0.0023331173
469,"-81.9604,32.7925",13165,"Georgia, Jenkins",0.0234833659491194,1.38201082575147,0.05885062766325,511,1.00254172049592,1.01140696531626,0.0665362035225049,34,0.00391569733962916,1,1.00388781161709,0.452069138431338,1.00724924544852,0.8207,0.8953,0.5301,0.00287918922031556,1020.18,16.7,16.8,21.5,10158.662117,0.2216803561,10.4,0.136,26.189145421,3,0.351,0.4186341126,0.0046067028
470,"-82.6617,32.7021",13167,"Georgia, Johnson",0.0620567375886525,3.60527400082406,0.0580964153275649,564,1.00703263608028,1.01140696531626,0.0567375886524823,32,0.00329625051503914,1.00454582940699,1.00388781161709,0.452069138431338,1.00724924544852,0.9417,0.4183,0.993,,1043.9,14.8,17.7,23.6,10997.831807,0.1835506867,10.8,0.147,19.749190878,3,0.416,0.3374536465,0.0043263288
471,"-83.5602,33.0251",13169,"Georgia, Jones",0.13019693654267,4.15851272015656,0.0319401733296058,914,1.01213427001548,1.01140696531626,0.0262582056892779,24,0.000838691641039978,1.01925902092718,1.00388781161709,0.452069138431338,1.00724924544852,0.6248,0.3206,0.134,,1754.71,11.6,16.6,54.6,7489.3466808,0.1613847592,11.6,0.202,41.993844454,4.3,0.347,0.2490914174,0.003529494
472,"-84.1426,33.0784",13171,"Georgia, Lamar",0.16295427901524,7.31578947368421,0.0448947368421053,853,1.01473160354451,1.01140696531626,0.0339976553341149,29,0.00152631578947368,1.01026070714042,1.00388781161709,0.452069138431338,1.00724924544852,0.8583,0.4034,0.3699,,1360.75,13.7,16.4,87.7,10615.286144,0.1773875728,11.2,0.207,17.754760692,4,0.322,0.3031052632,0.0037894737
473,"-83.0647,31.0383",13173,"Georgia, Lanier",0.0586854460093897,2.41779497098646,0.0411992263056093,426,1.00374425312997,1.01140696531626,0.0234741784037559,10,0.000967117988394584,1,1.00388781161709,0.452069138431338,1.00724924544852,0.9471,0.3817,0.6995,0.00241779497098646,1120.97,15.7,12.7,42,8708.6857204,0.2048389383,10.1,0.327,11.963703948,3,0.376,0.2165377176,0.0101547389
474,"-82.9222,32.4633",13175,"Georgia, Laurens",0.108043626448534,6.69836238774432,0.0619968304278922,2934,1.00887643544464,1.01140696531626,0.0408997955010225,120,0.00253565768621236,1.00485482547268,1.00388781161709,0.452069138431338,1.00724924544852,0.7659,0.4935,0.7622,0.00777601690438457,1274.06,11.2,16.8,61.1,10948.539057,0.2000320028,11.2,0.165,55.500672421,5,0.418,0.3699313259,0.0035921817
475,"-84.1432,31.7793",13177,"Georgia, Lee",0.180805484147386,7.08910092729472,0.0392084397258433,1167,1.01520677680294,1.01140696531626,0.0282776349614396,33,0.001108721945975,1,1.00388781161709,0.452069138431338,1.00724924544852,0.4586,0.4015,0.3101,,2127.55,10.9,11.9,57,7671.8746172,0.158839676,11.2,0.253,39.117745791,4.3,0.44,0.2175782825,0.0032253729
476,"-81.4925,31.8259",13179,"Georgia, Liberty",0.088785046728972,2.47166528448542,0.027838756362099,1712,1.00765572624184,1.01140696531626,0.018107476635514,31,0.000504089630388474,1.0046952487017,1.00388781161709,0.452069138431338,1.00724924544852,0.7283,0.8647,0.9195,0.00104070117241491,1435.69,12.5,8.4,143.3,9105.0080563,0.1891960083,10.2,0.13,57.04517774,4,0.376,0.4214839748,0.0071548206
477,"-82.4502,33.792",13181,"Georgia, Lincoln",0.10989010989011,5.05369551484523,0.0459886291850916,364,1.01107096848263,1.01140696531626,0.0302197802197802,11,0.00138976626658244,1,1.00388781161709,0.452069138431338,1.00724924544852,0.6296,0.4912,0.2904,,1200.94,12.4,22.6,24.6,9539.0944562,0.1711204768,10.4,0.168,6.527436463,3,0.242,0.2898294378,0.0054327227
478,"-81.7495,31.7522",13183,"Georgia, Long",0.118421052631579,2.36867038635646,0.0200021054847879,380,1.01099429463315,1.01140696531626,0.0131578947368421,5,0.000263185598484051,1,1.00388781161709,0.452069138431338,1.00724924544852,0.871,0.8612,0.2461,,1427.52,14.8,8.8,33.8,6706.4971105,0.1951650207,10.2,0.091,26.755179333,3,0.343,0.2568691441,0.0081061164
479,"-83.2706,30.8357",13185,"Georgia, Lowndes",0.114218141346689,7.05805486541553,0.0617945168972069,7188,1.00872333385467,1.01140696531626,0.0182248191430161,131,0.00112619389448165,1.00331506260373,1.00388781161709,0.452069138431338,1.00724924544852,0.8312,0.7529,0.9398,0.00283697698609881,1417.27,15.8,11.5,244.9,9540.4394941,0.1984922691,10.4,0.158,106.76887911,5,0.384,0.3637348372,0.0045821477
480,"-84.0043,34.5729",13187,"Georgia, Lumpkin",0.152431011826544,7.03990289789106,0.0461841905628888,1522,1.0149326414237,1.01140696531626,0.0131406044678055,20,0.000606888180852678,1,1.00388781161709,0.452069138431338,1.00724924544852,0.6067,0.489,0.4358,0.00157790927021696,1666.12,11.7,16.7,102.6,7799.2486852,0.1730128659,9.6,0.113,44.623691043,5,0.347,0.0152935822,0.0074040358
481,"-82.4825,33.4785",13189,"Georgia, McDuffie",0.150136487716106,7.66336909572245,0.0510426826436301,1099,1.01591532910968,1.01140696531626,0.0209281164695177,23,0.00106822720728252,1.00637045739233,1.00388781161709,0.452069138431338,1.00724924544852,0.9025,0.7036,0.8854,0.00218289907575124,1275.19,13.4,16.7,79.8,11433.966363,0.1920284561,10.9,0.193,57.573424,4,0.241,0.4115925874,0.0043193535
482,"-81.4016,31.4968",13191,"Georgia, McIntosh",0.118451025056948,3.62622036262204,0.0306136680613668,439,1.01265762734313,1.01140696531626,0.020501138952164,9,0.000627615062761506,,1.00388781161709,0.452069138431338,1.00724924544852,0.7073,0.4728,0.2085,,1406.67,15.9,24.5,25.7,10011.498416,0.1719340815,9.4,0.157,37.387719217,3.7,0.303,0.3357740586,0.0063458856
483,"-84.0423,32.3521",13193,"Georgia, Macon",0.14030612244898,4.18473712242258,0.0298257627634482,392,1.01183865458112,1.01140696531626,0.0408163265306122,16,0.00121737807197748,1,1.00388781161709,0.452069138431338,1.00724924544852,0.9892,0.737,0.9201,0.00372822034543103,913.44,20.1,16,30.3,11453.088419,0.2156139653,11.4,0.173,3.9433478648,3,0.318,0.5982652362,0.0057064597
484,"-83.2122,34.1292",13195,"Georgia, Madison",0.203883495145631,9.91568296795953,0.0486340640809444,1442,1.01637797383451,1.01140696531626,0.0152565880721221,22,0.000741989881956155,1.02116420457606,1.00388781161709,0.452069138431338,1.00724924544852,0.785,0.6259,0.2168,,1542.96,13.7,15.8,78.6,8451.7576897,0.1727169958,10.9,0.159,23.622413717,4,0.335,0.0898145025,0.0042495784
485,"-84.5273,32.3483",13197,"Georgia, Marion",0.0498084291187739,1.55669979643157,0.0312537420668183,261,1.0027671017845,1.01140696531626,0.0383141762452107,10,0.00119746138187043,1,1.00388781161709,0.452069138431338,1.00724924544852,0.9201,0.8914,0.5938,,1227.9,14.2,20.3,22.7,9664.3749719,0.1860120943,11,0.235,17.597983579,3,0.334,0.3058316369,0.0100586756
486,"-84.6886,33.0416",13199,"Georgia, Meriwether",0.110236220472441,4.65160432883995,0.0421966964116195,889,1.00916514984939,1.01140696531626,0.0213723284589426,19,0.000901841655591418,1,1.00388781161709,0.452069138431338,1.00724924544852,0.857,0.454,0.7794,0.00118663375735713,1162.02,14.3,19.3,39.8,11323.419636,0.1821030701,11,0.208,22.103860334,3,0.333,0.3874596545,0.0052211885
487,"-84.7315,31.1657",13201,"Georgia, Miller",0.07847533632287,6.15546957439325,0.0784382694336968,446,1.00759250269214,1.01140696531626,0.00672645739910314,3,0.000527611677805135,1,1.00388781161709,0.452069138431338,1.00724924544852,0.7726,0.3387,0.8819,0.00439676398170946,1367.01,14.7,21.3,18.4,17027.987849,0.1801135382,10.6,0.189,27.522859284,3,0.237,0.2769961308,0.0042208934
488,"-84.1938,31.2248",13205,"Georgia, Mitchell",0.121076233183857,6.08327325162221,0.0502433309300649,1115,1.01167321173408,1.01140696531626,0.0466367713004484,52,0.00234318673395818,1.00277786339753,1.00388781161709,0.452069138431338,1.00724924544852,0.9777,0.8497,0.9592,0.00103640951694304,1175.85,17.7,15.7,43.8,11754.366148,0.2040028861,11.1,0.113,41.213910828,4,0.345,0.4768385004,0.0062635184
489,"-83.921,33.0143",13207,"Georgia, Monroe",0.155519742143433,7.01308139534884,0.045094476744186,1241,1.01476346491688,1.01140696531626,0.0491539081385979,61,0.00221656976744186,,1.00388781161709,0.452069138431338,1.00724924544852,0.5162,0.5632,0.6762,0.00090843023255814,1685.51,11.8,17.5,62.4,8452.8756734,0.1555574062,11.5,0.109,182.19355077,4,0.359,0.2253270349,0.0039244186
490,"-82.5353,32.172",13209,"Georgia, Montgomery",0.0720524017467249,3.5896878059393,0.049820515609703,458,1.00639899719327,1.01140696531626,0.0218340611353712,10,0.00108778418361797,1,1.00388781161709,0.452069138431338,1.00724924544852,0.8443,0.8551,0.8532,,1205.01,15,16,30.3,9118.4578068,0.1709451473,10.7,0.091,31.024244333,3,0.4,0.2474709018,0.001305341
491,"-83.4913,33.5923",13211,"Georgia, Morgan",0.111471861471861,5.46332148729645,0.049010767517106,924,1.0091376521613,1.01140696531626,0.00865800865800866,8,0.000424335649498754,1,1.00388781161709,0.452069138431338,1.00724924544852,0.3688,0.6797,0.0538,0.00265209780936721,1968.77,11.8,18.9,59.2,8958.9779024,0.1520223466,11.3,0.137,50.530951204,4.3,0.347,0.2199649923,0.0065772026
492,"-84.7499,34.789",13213,"Georgia, Murray",0.187308533916849,10.7211743192806,0.0572380451391498,2285,1.01449717268847,1.01140696531626,0.0140043763676149,32,0.000801583126675183,1.04195362743721,1.00388781161709,0.452069138431338,1.00724924544852,0.8662,0.7281,0.305,0.00105207785376118,1177.42,16.9,14.1,97.8,9332.6732039,0.1783613636,10.5,0.205,42.406464943,4,0.343,0.0075649408,0.0099195912
493,"-84.8714,32.5093",13215,"Georgia, Muscogee",0.101792730844794,4.26967449526164,0.0419447878038731,8144,1.00928130745356,1.01140696531626,0.024803536345776,202,0.00104037906880923,1.00286132389617,1.00388781161709,0.452069138431338,1.00724924544852,0.7599,0.8335,0.8596,0.00633498145859085,1628.44,12.9,12.6,976.6,11063.830768,0.2005814291,11.9,0.131,473.28947692,5,0.385,0.4642202307,0.0050988875
494,"-83.8455,33.5551",13217,"Georgia, Newton",0.173708920187793,7.4310075679426,0.0427785030262641,4686,1.0156269705058,1.01140696531626,0.0239009816474605,112,0.00102244821573657,1.00128205970575,1.00388781161709,0.452069138431338,1.00724924544852,0.7379,0.7514,0.2792,0.00092202919454816,1906.29,12.3,12.3,332.1,8500.9948803,0.1709154095,11.5,0.178,67.316023372,5,0.386,0.4554641641,0.004610146
495,"-83.4368,33.8375",13219,"Georgia, Oconee",0.144533662754787,5.95844367488287,0.0412253004685272,1619,1.01096591345585,1.01140696531626,0.0228536133415689,37,0.000942147076797719,1,1.00388781161709,0.452069138431338,1.00724924544852,0.0182,0.5785,0.0096,,2860.65,6.8,14.5,190.2,4413.8750663,0.1374412128,11.1,0.06,45.801098835,5,0.242,0.0502393563,0.0027500509
496,"-83.0828,33.8786",13221,"Georgia, Oglethorpe",0.139356814701378,6.04490500863558,0.0433771755015278,653,1.01264881015269,1.01140696531626,0.0214395099540582,14,0.000929985385943935,1,1.00388781161709,0.452069138431338,1.00724924544852,0.6596,0.7354,0.2012,,1386.88,12.1,18.1,25.9,7167.8277292,0.1689302241,10.9,0.12,18.259182207,3,0.347,0.167463797,0.0038527966
497,"-84.8685,33.9197",13223,"Georgia, Paulding",0.19047619047619,7.3394942820219,0.038532344980615,6321,1.01564806945825,1.01140696531626,0.0143964562569214,91,0.000554729218990027,1.00644228968911,1.00388781161709,0.452069138431338,1.00724924544852,0.2538,0.5899,0.0194,0.00182268171953866,2038.85,10.9,10.1,378,6375.0201892,0.1550594831,10.7,0.122,72.347517381,5,0.34,0.2000621784,0.0042244764
498,"-83.8294,32.5693",13225,"Georgia, Peach",0.1408,6.44759497380665,0.0457925779389677,1250,1.0117317099835,1.01140696531626,0.0232,29,0.00106238780818405,1.00502563202403,1.00388781161709,0.452069138431338,1.00724924544852,0.8602,0.8774,0.9513,0.000915851558779353,1521.94,13.5,15.1,169.6,11601.416499,0.178564164,11.5,0.151,117.50284533,4.3,0.374,0.4399384548,0.0050555006
499,"-84.4641,34.4659",13227,"Georgia, Pickens",0.176169590643275,7.53595997498437,0.0427767354596623,1368,1.0141330025574,1.01140696531626,0.0131578947368421,18,0.000562851782363977,1,1.00388781161709,0.452069138431338,1.00724924544852,0.4038,0.304,0.319,0.0016260162601626,2093.8,11.2,20.8,129.7,8239.7000568,0.1457754774,10.2,0.14,39.31743274,5,0.293,0.0103189493,0.0052845528
500,"-82.216,31.3593",13229,"Georgia, Pierce",0.0773353751914242,5.20913920264067,0.0673577801846408,1306,1.00628042245718,1.01140696531626,0.0237366003062787,31,0.001598844705761,1.0046952487017,1.00388781161709,0.452069138431338,1.00724924544852,0.7771,0.5145,0.156,,1476.91,16.5,16.6,48.9,8978.7390902,0.1824851222,10.1,0.207,55.572979492,4,0.362,0.0847387694,0.0086647068
501,"-84.3879,33.0931",13231,"Georgia, Pike",0.145723336853221,7.4058173231727,0.0508210797466996,947,1.01070174343179,1.01140696531626,0.0179514255543823,17,0.000912310829666202,1,1.00388781161709,0.452069138431338,1.00724924544852,0.5283,0.2324,0.0726,,1856.68,13.1,15.3,65.4,7607.9352969,0.1495148163,11.1,0.056,19.35944333,5,0.343,0.091392079,0.0031125899
502,"-85.1868,34.0027",13233,"Georgia, Polk",0.126518942101501,8.33529550270779,0.0658817989168825,2798,1.01104064220736,1.01140696531626,0.0135811293781272,38,0.000894749234753944,1.0118175820723,1.00388781161709,0.452069138431338,1.00724924544852,0.7682,0.8249,0.4511,0.000588650812338121,1397.34,15.3,15.1,125.5,10411.142715,0.1785788786,10.9,0.16,94.237071859,5,0.378,0.1229573817,0.0080291971
503,"-83.4755,32.2333",13235,"Georgia, Pulaski",0.0998003992015968,4.51711988436173,0.0452615412413045,501,1.00947364103629,1.01140696531626,0.0598802395209581,30,0.00271027193061704,1.00990485606307,1.00388781161709,0.452069138431338,1.00724924544852,0.8252,0.3948,0.8701,0.0044267774866745,1289.92,15.2,18.9,44.9,9670.7810903,0.1831613943,11,0.216,49.791169124,3.7,0.419,0.3124040112,0.0044267775
504,"-83.3755,33.3206",13237,"Georgia, Putnam",0.10840108401084,5.50231555779724,0.0507588610206795,1107,1.00909755368378,1.01140696531626,0.028003613369467,31,0.00142143151909762,1,1.00388781161709,0.452069138431338,1.00724924544852,0.4761,0.7574,0.2719,0.00114631574120776,1836.91,13.8,23,54.9,6993.1690873,0.1600573479,11.3,0.223,40.320841489,4,0.343,0.2614058416,0.004952084
505,"-85.0177,31.8673",13239,"Georgia, Quitman",0.0909090909090909,3.51031154014919,0.0386134269416411,88,1.00496737642204,1.01140696531626,0.0113636363636364,1,0.000438788942518649,1,1.00388781161709,0.452069138431338,1.00724924544852,0.9723,0.7794,0.6065,,852.18,21.8,26.7,12.6,12544.34882,0.1810709192,10.9,0.172,33.182201066,3,0.29,0.4699429574,0.0070206231
506,"-83.403,34.8839",13241,"Georgia, Rabun",0.266583229036295,12.6282089286773,0.0473706053240055,799,1.02723504457564,1.01140696531626,0.0175219023779725,14,0.000830023122072686,1.02226578920968,1.00388781161709,0.452069138431338,1.00724924544852,0.5389,0.567,0.462,0.00296436829311674,1690.42,18.4,26.9,47.4,7607.9405295,0.1701657557,8.8,0.176,65.168470158,4,0.321,0.0128653584,0.005513725
507,"-84.7573,31.7662",13243,"Georgia, Randolph",0.0186666666666667,1.02444021659593,0.0548807258890678,375,1.00153316886962,1.01140696531626,0.0826666666666667,31,0.00453680667349627,1,1.00388781161709,0.452069138431338,1.00724924544852,0.9637,0.4849,0.8873,0.00365871505927118,1027.17,16.2,21.2,18.2,11212.778936,0.2136822422,10.7,0.123,30.586069125,3,0.361,0.6105663691,0.0011707888
508,"-82.0703,33.3578",13245,"Georgia, Richmond",0.149575817477967,9.00999235936771,0.0602369588298917,12141,1.01291457380899,1.01140696531626,0.0192735359525575,234,0.00116097919168064,1.00434815417676,1.00388781161709,0.452069138431338,1.00724924544852,0.8955,0.7584,0.9261,0.0106869623029064,1371.83,13.6,13.2,781.3,11360.725067,0.1990442764,11.3,0.12,395.84031361,5,0.356,0.5600484237,0.0043759985
509,"-84.022,33.6515",13247,"Georgia, Rockdale",0.153280196198651,5.51912930216129,0.0360067995673003,3262,1.01353583510471,1.01140696531626,0.0199264255058246,65,0.000717486809280968,1.00447463046663,1.00388781161709,0.452069138431338,1.00724924544852,0.6006,0.9185,0.1627,0.00152327968739652,2152.12,13.6,13.4,688.6,7963.3371714,0.1832833079,11.6,0.146,178.3585058,5,0.422,0.5540874672,0.0055853589
510,"-84.3126,32.2654",13249,"Georgia, Schley",0.15625,5.72956455309397,0.0366692131398014,192,1.0076705094895,1.01140696531626,0.0104166666666667,2,0.000381970970206264,1,1.00388781161709,0.452069138431338,1.00724924544852,0.901,0.5355,0.4569,,1288.55,16.7,16.6,28.1,9369.6026048,0.182946485,11.1,0.064,10.871204197,3.3,0.269,0.1980519481,0.0011459129
511,"-81.6078,32.7498",13251,"Georgia, Screven",0.0366088631984586,1.36317979624049,0.0372363323288851,519,1.003914133704,1.01140696531626,0.0289017341040462,15,0.00107619457597934,1,1.00388781161709,0.452069138431338,1.00724924544852,0.8166,0.6329,0.8959,0.00179365762663223,1171.01,14.1,17.7,19.7,9848.8005383,0.1989608087,10.4,0.125,22.686397468,3,0.295,0.4090256852,0.0046635098
512,"-84.8682,30.9346",13253,"Georgia, Seminole",0.0865874363327674,6.13349368610944,0.07083583884546,589,1.00698215927915,1.01140696531626,0.0203735144312394,12,0.00144317498496693,1,1.00388781161709,0.452069138431338,1.00724924544852,0.7611,0.6291,0.7791,0.00781719783523752,1332.09,16.2,22.1,34.2,11384.451132,0.1792539035,10.4,0.096,53.047482051,3.3,0.307,0.3233914612,0.0031268791
513,"-84.2801,33.2631",13255,"Georgia, Spalding",0.12721358872425,5.32526475037822,0.0418608169440242,2767,1.0108318780861,1.01140696531626,0.0325262016624503,90,0.00136157337367625,1.0065157606758,1.00388781161709,0.452069138431338,1.00724924544852,0.842,0.5731,0.724,0.00242057488653555,1534.67,15.5,17.1,327.1,11618.242482,0.1869156861,11.3,0.155,142.57107063,5,0.393,0.3411043873,0.0049167927
514,"-83.2941,34.5515",13257,"Georgia, Stephens",0.152270210409745,10.5627040522374,0.0693681582485116,1806,1.01228953155957,1.01140696531626,0.0271317829457364,49,0.00188208181294411,1.00597099810744,1.00388781161709,0.452069138431338,1.00724924544852,0.8108,0.5291,0.7781,0.00368734396005377,1259.48,15.5,19.1,145,11066.090464,0.1724790237,9.8,0.114,62.181462768,5,0.372,0.1068177453,0.0050700979
515,"-84.8321,32.08",13259,"Georgia, Stewart",0.0325581395348837,3.38764316825294,0.104049040167769,645,1.00268644413445,1.01140696531626,0.0263565891472868,17,0.00274237780287143,1,1.00388781161709,0.452069138431338,1.00724924544852,0.9844,0.9908,0.7759,,856.07,16.4,15.1,10.1,12236.425152,0.2387768159,11,0.139,21.302872174,3,0.316,0.4039361187,0.0108081949
516,"-84.1982,32.0365",13261,"Georgia, Sumter",0.146795313576844,7.16375744122692,0.0488009955268557,1451,1.01175782553572,1.01140696531626,0.0496209510682288,72,0.00242155181111896,1,1.00388781161709,0.452069138431338,1.00724924544852,0.9484,0.8571,0.979,0.00255608246729223,1204.6,12.4,15.9,64.6,11944.754185,0.2079132037,11.4,0.15,79.703006768,4,0.367,0.5240305385,0.0054821242
517,"-84.5335,32.6964",13263,"Georgia, Talbot",0.1015625,4.14540816326531,0.0408163265306122,256,1.00866309658414,1.01140696531626,0.03125,8,0.00127551020408163,1,1.00388781161709,0.452069138431338,1.00724924544852,0.8783,0.6399,0.7453,,1176.72,15.8,22.6,12.8,7419.3544691,0.1795276215,11,0.224,13.54545865,3,0.373,0.5428890306,0.0066964286
518,"-82.8814,33.5654",13265,"Georgia, Taliaferro",0.108695652173913,3.10945273631841,0.0286069651741294,46,1.00968102958822,1.01140696531626,0,0,0,,1.00388781161709,0.452069138431338,1.00724924544852,0.9745,0.4884,0.6934,,818.15,13.2,24.7,6.9,13117.378482,0.2071215209,10.5,0.16,12.222640423,,0.356,0.5348258706,0.0018656716
519,"-82.0554,32.0479",13267,"Georgia, Tattnall",0.0883054892601432,4.37162774211335,0.0495057303769052,1257,1.00858368653453,1.01140696531626,0.0270485282418457,34,0.00133905714623292,1.01804126125684,1.00388781161709,0.452069138431338,1.00724924544852,0.8022,0.8475,0.9608,0.000984600842818321,1389.22,13.5,13.5,41.8,9276.4370382,0.2043579877,10.6,0.228,37.406675045,4,0.433,0.2878185184,0.0067740538
520,"-84.2508,32.5579",13269,"Georgia, Taylor",0.195067264573991,10.8222415723349,0.0554795372558776,446,1.00930553251569,1.01140696531626,0.0291479820627803,13,0.00161711655678567,1,1.00388781161709,0.452069138431338,1.00724924544852,0.9707,0.4957,0.9,,1127.77,19,18.7,19.9,10188.242739,0.2163112724,11.2,0.091,30.027700133,3,0.387,0.3821370817,0.002985446
521,"-82.9349,31.9283",13271,"Georgia, Telfair",0.0609579100145138,2.64550264550265,0.0433988410178886,689,1.00464665165913,1.01140696531626,0.0478955007256894,33,0.00207860922146636,1.01370885629547,1.00388781161709,0.452069138431338,1.00724924544852,0.8086,0.9567,0.8672,,940.1,11.4,16.9,33.8,8918.0051556,0.2096950642,10.8,0.161,48.067309201,3,0.251,0.3432224742,0.003590325
522,"-84.4407,31.7753",13273,"Georgia, Terrell",0.191836734693878,10.9162698873534,0.0569039600510974,490,1.01816003868266,1.01140696531626,0.0693877551020408,34,0.00394843804436186,1.00427381583427,1.00388781161709,0.452069138431338,1.00724924544852,0.9672,0.5199,0.9433,,1030.22,18.3,18.3,24.1,9642.6734014,0.2125589768,10.9,0.14,193.66317733,3,0.331,0.6003948438,0.005690396
523,"-83.9185,30.8639",13275,"Georgia, Thomas",0.126855600539811,6.34449244060475,0.0500134989200864,2223,1.01270312441504,1.01140696531626,0.0373369320737742,83,0.00186735061195104,1,1.00388781161709,0.452069138431338,1.00724924544852,0.7975,0.7338,0.8093,0.00593952483801296,1324.8,15.8,17.2,86.7,9550.7085402,0.1788825378,11.2,0.144,78.583990396,5,0.325,0.3582838373,0.0060520158
524,"-83.5236,31.4574",13277,"Georgia, Tift",0.139519133084998,10.1550368489808,0.072785980133593,2953,1.01012140449393,1.01140696531626,0.0267524551303759,79,0.00194720366764438,1.00182151777705,1.00388781161709,0.452069138431338,1.00724924544852,0.6981,0.7459,0.9561,0.00594020359369993,1499.18,19.3,14.3,175.6,8926.2145423,0.1882640513,10.9,0.121,147.85241252,5,0.36,0.2979221611,0.0046831481
525,"-82.3296,32.1206",13279,"Georgia, Toombs",0.072905331882481,4.98382117752074,0.0683601740618143,1838,1.00645937446032,1.01140696531626,0.0380848748639826,70,0.00260348867482426,1,1.00388781161709,0.452069138431338,1.00724924544852,0.8975,0.851,0.9223,0.00211998363521404,1211.95,16.6,16.2,80.7,10721.759461,0.192793079,10.7,0.16,60.977680604,5,0.483,0.2587123889,0.0083683565
526,"-83.7411,34.9137",13281,"Georgia, Towns",0.134848484848485,7.50928113398583,0.0556868039149511,660,1.01274707972237,1.01140696531626,0.053030303030303,35,0.00295308808639892,1.00844121353096,1.00388781161709,0.452069138431338,1.00724924544852,0.5538,0.0449,0.3639,0.00210934863314209,1534.42,10.9,34,69.1,10076.017863,0.1386498291,8.7,0.064,60.693525979,4,0.261,0.0118123523,0.0039655754
527,"-82.569,32.4042",13283,"Georgia, Treutlen",0.0302267002518892,1.76237332941695,0.0583051843148774,397,1.00254459508097,1.01140696531626,0.0377833753148615,15,0.00220296666177119,1,1.00388781161709,0.452069138431338,1.00724924544852,0.801,0.8262,0.9401,,1250.47,19.9,19.2,28.1,7480.0180109,0.1828048509,10.6,0.093,31.527447937,3,0.357,0.3144367749,0.0032310178
528,"-85.0281,33.0335",13285,"Georgia, Troup",0.0933456561922366,5.76862666704743,0.0617985549875775,4328,1.00786657201432,1.01140696531626,0.0291127541589649,126,0.00179912613873262,1,1.00388781161709,0.452069138431338,1.00724924544852,0.8494,0.7577,0.7838,0.00394094297055716,1446.76,12.7,14.2,179.4,9917.6465547,0.1804317082,11.2,0.11,89.634992372,5,0.404,0.3631950196,0.0039837793
529,"-83.6207,31.7161",13287,"Georgia, Turner",0.116600790513834,7.45702730030334,0.063953488372093,506,1.00937644998124,1.01140696531626,0.0494071146245059,25,0.00315975733063701,1,1.00388781161709,0.452069138431338,1.00724924544852,0.8815,0.73,0.9666,,1122.68,15,18,28.6,10279.45103,0.1856569517,10.7,0.182,93.193045573,3,0.387,0.3992669363,0.005182002
530,"-83.4308,32.6744",13289,"Georgia, Twiggs",0.125423728813559,4.51880801172447,0.036028334147533,295,1.01007964058662,1.01140696531626,0.0644067796610169,19,0.00232046897899365,1,1.00388781161709,0.452069138431338,1.00724924544852,0.943,0.4199,0.2757,,1060.37,14.1,21.2,21.6,16162.046278,0.2013755623,11.2,0.165,13.618555787,3,0.361,0.3983878847,0.0037860283
531,"-83.9897,34.83",13291,"Georgia, Union",0.113300492610837,5.74976042664889,0.0507478855047706,1218,1.00962596078274,1.01140696531626,0.0328407224958949,40,0.00166659722511562,1.00735452613864,1.00388781161709,0.452069138431338,1.00724924544852,0.3596,0.3578,0.3005,0.00187492187825507,1683.05,12.5,32.1,73.4,7382.8463421,0.1366682293,9,0.155,35.833659346,4.3,0.27,0.0076663472,0.0049581267
532,"-84.3002,32.8792",13293,"Georgia, Upson",0.0969084423305589,6.21781422849514,0.06416173946214,1682,1.00725549845947,1.01140696531626,0.0475624256837099,80,0.00305168796490559,1,1.00388781161709,0.452069138431338,1.00724924544852,0.9099,0.5912,0.7644,0.00438680144955178,1223.31,13.3,18,77.8,10536.69477,0.1817284267,11.2,0.119,94.471181821,5,0.266,0.2800305169,0.0048064085
533,"-85.3017,34.7338",13295,"Georgia, Walker",0.1647461849891,7.62138020458147,0.0462613456274312,3211,1.01667475306465,1.01140696531626,0.0174400498287138,56,0.000806800172885751,1.00520889711624,1.00388781161709,0.452069138431338,1.00724924544852,0.7608,0.2856,0.4989,,1569.74,13.2,18.1,127.4,10284.591817,0.1719338686,11,0.189,50.467827658,4.3,0.366,0.044129088,0.0038034865
534,"-83.7355,33.7802",13297,"Georgia, Walton",0.182020251914053,7.88210003957092,0.0433034234195694,4049,1.01628859229819,1.01140696531626,0.020992837737713,85,0.000909061741334503,1.00514634133102,1.00388781161709,0.452069138431338,1.00724924544852,0.5003,0.5651,0.0328,0.00176464926259051,1875.11,11.2,15,239.8,8535.957542,0.1728746189,11.4,0.105,68.020424321,5,0.284,0.1804113237,0.0040747356
535,"-82.4222,31.0545",13299,"Georgia, Ware",0.0593952483801296,4.62443946188341,0.0778587443946188,2778,1.0058961747806,1.01140696531626,0.0291576673866091,81,0.00227017937219731,,1.00388781161709,0.452069138431338,1.00724924544852,0.7242,0.4565,0.9029,0.00647421524663677,1336.36,15.4,16.6,43.1,10582.73518,0.1904435871,10.1,0.126,137.84890577,4,0.363,0.2964686099,0.0048766816
536,"-82.678,33.4115",13301,"Georgia, Warren",0.107883817427386,4.95143782136736,0.0458960198057513,241,1.00922254429844,1.01140696531626,0.033195020746888,8,0.00152351932965149,1,1.00388781161709,0.452069138431338,1.00724924544852,0.9236,0.6905,0.8217,,1104.55,13.6,20.9,17.6,13059.17134,0.1967016172,10.8,0.241,14.197338124,3,0.577,0.586364502,0.0034279185
537,"-82.7936,32.9671",13303,"Georgia, Washington",0.088597210828548,5.29775336014912,0.0597959383890906,1219,1.00773411300686,1.01140696531626,0.0328137817883511,40,0.0019621308741293,1.01925902092718,1.00388781161709,0.452069138431338,1.00724924544852,0.9239,0.738,0.9252,0.00569017953497498,1174.55,12,16.7,29.5,9219.0853539,0.2002729765,10.8,0.191,4.4287692177,3.7,0.364,0.5327185323,0.0018149711
538,"-81.9189,31.5522",13305,"Georgia, Wayne",0.0693124650642817,4.15995705850778,0.0600174449812131,1789,1.00513459592566,1.01140696531626,0.0273896031302404,49,0.00164385399892646,1,1.00388781161709,0.452069138431338,1.00724924544852,0.8621,0.745,0.9752,0.00295222758990875,1394.28,17.8,15,44.1,11070.399974,0.1854656549,10.2,0.116,52.266563692,4,0.409,0.1952495974,0.006541868
539,"-84.5474,32.0407",13307,"Georgia, Webster",0.0606060606060606,1.5319800842589,0.0252776713902719,66,1.00897148424402,1.01140696531626,0.0303030303030303,2,0.000765990042129452,1,1.00388781161709,0.452069138431338,1.00724924544852,0.7299,0.8621,0.2171,,1270.28,11.6,20.9,10.1,12650.882488,0.1710783407,10.9,0.114,8.4547834511,3,0.258,0.4147836078,0.0049789353
540,"-82.7257,32.1201",13309,"Georgia, Wheeler",0.0208333333333333,1.1422769386978,0.0548292930574946,432,1.00200003196896,1.01140696531626,0.0439814814814815,19,0.00241147353725092,1,1.00388781161709,0.452069138431338,1.00724924544852,0.9783,0.5065,0.9911,0.00317299149638279,935.27,16.7,13.9,20.8,5428.2066573,0.2350614313,10.7,0.103,17.693292661,3,0.32,0.3684477726,0.0010153573
541,"-83.7491,34.6462",13311,"Georgia, White",0.181308411214953,9.70970970970971,0.0535535535535536,1605,1.01744461416514,1.01140696531626,0.0174454828660436,28,0.000934267600934268,1,1.00388781161709,0.452069138431338,1.00724924544852,0.4793,0.3782,0.0876,,1621.46,12.5,21.5,112.4,7793.0987755,0.1605311662,9.4,0.147,44.653870011,5,0.288,0.0193193193,0.0057057057
542,"-84.9609,34.8099",13313,"Georgia, Whitfield",0.175618967687789,16.0865637792854,0.0915992389152621,9532,1.01514506231571,1.01140696531626,0.0104909777591272,100,0.000960965578212988,1.01516534655549,1.00388781161709,0.452069138431338,1.00724924544852,0.8124,0.9341,0.8577,0.00270992293056063,1545.02,17.5,13.5,405.8,6965.878623,0.1774828459,10.9,0.124,225.68103414,5,0.345,0.0354500202,0.0143952644
543,"-83.4344,31.975",13315,"Georgia, Wilcox",0.147392290249433,7.37630503858375,0.0500453926463913,441,1.01011534064655,1.01140696531626,0.0657596371882086,29,0.00329096686336813,1.00502563202403,1.00388781161709,0.452069138431338,1.00724924544852,0.8927,0.8233,0.7628,,1167.97,16.6,16.4,18.6,9778.345116,0.2017208921,10.9,0.229,20.788097273,3,0.405,0.3415796641,0.0031774852
544,"-82.7429,33.7829",13317,"Georgia, Wilkes",0.153550863723608,8.10044552450385,0.0527541514783313,521,1.00998399911239,1.01140696531626,0.0191938579654511,10,0.00101255569056298,1,1.00388781161709,0.452069138431338,1.00724924544852,0.7354,0.8822,0.2455,0.00253138922640745,1082.73,15.6,22.8,20.3,10094.036624,0.1917724705,10.6,0.206,17.756397299,3,0.3,0.4078574322,0.0024301337
545,"-83.1714,32.8029",13319,"Georgia, Wilkinson",0.132411067193676,7.41478530323152,0.0559982293050022,506,1.01183390671345,1.01140696531626,0.0355731225296443,18,0.00199203187250996,1,1.00388781161709,0.452069138431338,1.00724924544852,0.8596,0.6192,0.532,,1115.23,9.9,18.2,20.8,10208.419477,0.181903495,11.3,0.139,11.222534046,3,0.354,0.3824701195,0.0052014166
546,"-83.8509,31.5516",13321,"Georgia, Worth",0.165345413363533,7.19247253559289,0.0434996797871816,883,1.01565902444816,1.01140696531626,0.044167610419026,39,0.00192127691019262,1.0037176772541,1.00388781161709,0.452069138431338,1.00724924544852,0.8003,0.5536,0.2407,0.00123158776294399,1323.95,17.6,18.1,29.1,10313.359091,0.1826639967,11,0.31,100.40570081,3,0.51,0.2788314695,0.0035962363
547,"-155.521,19.6012",15001,"Hawaii, Hawaii",0.0731988472622478,0.631894239811327,0.0086325709139579,1735,1.0065061244276,1.00556237189275,0.0247838616714697,43,0.000213948443400686,1,1.0064181662416,0.521679475617938,1.00650354608223,0.4029,0.9389,0.5466,0.00250767477846385,2034.81,5.2,19.3,50.2,7186.4187732,0.1432765567,,0.103,83.347371173,3,0.255,0.0067120105,0.0056422683
548,"-157.9712,21.458",15003,"Hawaii, Honolulu",0.0619890176937157,1.03665006938209,0.0167231246428863,16390,1.00440863700646,1.00556237189275,0.0128737034777303,211,0.000215288547873643,1.00839984073478,1.0064181662416,0.521679475617938,1.00650354608223,0.1137,0.9752,0.965,0.00206615786466411,2904.39,3.6,16.9,1665,5585.1254309,0.1099952128,,0.104,1370.9615502,4,0.234,0.0255366909,0.0032752428
549,"-156.9584,21.1788",15005,"Hawaii, Kalawao",,0,0,0,,1.00556237189275,,0,0,,1.0064181662416,0.521679475617938,1.00650354608223,0.1347,0.9421,0.4963,,1832.94,2.9,16,7.3,,0.1219511319,,0.102,0,,0.178,0,0
550,"-159.5967,22.0394",15007,"Hawaii, Kauai",0.162962962962963,0.304992167246614,0.00187154284446786,135,1.01696850489722,1.00556237189275,0.00740740740740741,1,1.38632803293915e-05,1,1.0064181662416,0.521679475617938,1.00650354608223,0.1229,0.9503,0.397,0.00227357797402021,2560.5,4.9,18.8,113.8,6332.8019575,0.127378115,,0.097,154.23418976,2,0.215,0.0059057574,0.0048382848
551,"-156.5689,20.864",15009,"Hawaii, Maui",0.203454894433781,1.26788950223376,0.00623179651569611,1042,1.01953880663349,1.00556237189275,0.0163147792706334,17,0.000101670384613084,1,1.0064181662416,0.521679475617938,1.00650354608223,0.1376,0.9472,0.6622,0.00139946294114481,2782.12,5.1,16.9,140.8,5343.1654977,0.1234343383,,0.099,168.61834418,3,0.24,0.0067640709,0.0055978518
552,"-116.2416,43.4527",16001,"Idaho, Ada",0.187754187081692,12.4753705587213,0.0664452322082874,31227,1.01531663035882,1.01325316583383,0.00912671726390623,285,0.000606426847899635,1.01044840074871,1.01828905035322,0.288425317864244,1.0037932408839,0.0939,0.5874,0.2429,0.00284701446487618,2222.6,8.3,13.5,470.7,5088.3779692,0.1199070066,10.6,0.079,277.25357103,4.3,0.256,0.0124030249,0.0080048344
553,"-116.4545,44.8933",16003,"Idaho, Adams",0.227941176470588,7.29411764705882,0.032,136,1.01804126125684,1.01325316583383,0.0220588235294118,3,0.000705882352941177,1.05963402266705,1.01828905035322,0.288425317864244,1.0037932408839,0.5694,0.1328,0.1137,,1498.4,16.6,28.1,2.8,7227.7124623,0.1435193203,6.6,0.079,42.144859882,3,0.305,0.0023529412,0.0150588235
554,"-112.2233,42.67",16005,"Idaho, Bannock",0.201623083859333,12.830223323923,0.0636346943928022,5545,1.01347663309389,1.01325316583383,0.00793507664562669,44,0.000504946177327917,1.02908210240756,1.01828905035322,0.288425317864244,1.0037932408839,0.5395,0.462,0.6753,0.0023525901443687,1665.5,8.9,13.4,75.6,8050.1298661,0.1442402058,6.7,0.094,251.48825169,3.7,0.32,0.0096169295,0.0371594482
555,"-111.3289,42.2827",16007,"Idaho, Bear Lake",0.18695652173913,7.10743801652893,0.0380165289256198,230,1.01239348126782,1.01325316583383,0.00869565217391304,2,0.000330578512396694,1.10408951367381,1.01828905035322,0.288425317864244,1.0037932408839,0.3385,0.1971,0.1226,0.00347107438016529,1577.88,6.3,20.5,5.4,7515.9409961,0.1316587242,5.4,0.077,64.8833309,3,0.264,0.0033057851,0.0092561983
556,"-116.6587,47.2175",16009,"Idaho, Benewah",0.169184290030211,6.06980273141123,0.0358768697160199,331,1.01609369068963,1.01325316583383,0.0120845921450151,4,0.000433557337957945,1.04195362743721,1.01828905035322,0.288425317864244,1.0037932408839,0.721,0.3365,0.5581,0.00205939735530024,1445.72,12.7,21.9,13.2,9613.2607227,0.1532512536,9.5,0.087,67.539931071,2.3,0.319,0.0041187947,0.0848688489
557,"-112.3978,43.2167",16011,"Idaho, Bingham",0.159433671899046,11.203391296825,0.0702699195432131,3249,1.00982875600249,1.01325316583383,0.0101569713758079,33,0.000713729561380742,1.01370885629547,1.01828905035322,0.288425317864244,1.0037932408839,0.5115,0.7918,0.1961,0.00330910978458344,1675.77,11,13.7,20.9,8487.0603401,0.1423834346,7.4,0.121,66.538675491,3.7,0.312,0.0033956225,0.0738601955
558,"-113.9753,43.4086",16013,"Idaho, Blaine",0.129228687415426,8.45095349763285,0.0653953364895359,1478,1.00943162367971,1.01325316583383,0.0060893098782138,9,0.000398212468474846,1.03655432261531,1.01828905035322,0.288425317864244,1.0037932408839,0.2306,0.845,0.2518,0.00110614574576346,2159.66,14.1,17.3,8.9,3929.1404687,0.1290267483,6.2,0.043,41.30367308,3,0.151,0.0043360913,0.017432857
559,"-115.7309,43.9883",16015,"Idaho, Boise",0.313725490196078,8.38354728844642,0.026722556981923,204,1.03531589938405,1.01325316583383,0.00980392156862745,2,0.000261985852763951,1,1.01828905035322,0.288425317864244,1.0037932408839,0.3061,0.1203,0.0401,,1573.06,10.1,24.5,3.4,6622.3165932,0.1294663315,5.9,0.13,22.814561728,2.3,0.306,0.0040607807,0.012444328
560,"-116.6018,48.3",16017,"Idaho, Bonner",0.300648882480173,9.32322758065598,0.0310103516891363,1387,1.02261724046709,1.01325316583383,0.00720980533525595,10,0.000223578599056498,1.03239118471,1.01828905035322,0.288425317864244,1.0037932408839,0.3188,0.1576,0.3512,0.000558946497641246,1654.95,11.6,23,23.5,6378.181969,0.1365392262,10,0.092,65.082571204,3.3,0.258,0.0026829432,0.0093232276
561,"-111.6162,43.3871",16019,"Idaho, Bonneville",0.185770320331227,14.5908569668133,0.0785424546870454,9178,1.01471318483612,1.01325316583383,0.00969710176509043,89,0.000761634175980283,1.02671801863582,1.01828905035322,0.288425317864244,1.0037932408839,0.2586,0.645,0.377,0.00284115220702757,1796.8,8.7,12.7,65.8,7227.0332943,0.1356030486,7.8,0.091,156.00969086,3.7,0.29,0.0058106697,0.0129905694
562,"-116.463,48.7668",16021,"Idaho, Boundary",0.183294663573086,6.61198526950117,0.0360729829260127,431,1.01253828554924,1.01325316583383,0.0116009280742459,5,0.000418480080348175,1.03239118471,1.01828905035322,0.288425317864244,1.0037932408839,0.3978,0.3903,0.2604,0.0016739203213927,1512.15,19.2,21.1,9.9,7105.2386866,0.1487052291,7.1,0.091,76.67309717,2.3,0.288,0.005440241,0.0195011717
563,"-113.1735,43.7259",16023,"Idaho, Butte",0.145833333333333,8.04289544235925,0.0551512830333206,144,1.00819891621082,1.01325316583383,0,0,0,,1.01828905035322,0.288425317864244,1.0037932408839,0.4178,0.0092,0.3365,0.00536193029490617,1602.86,12.4,21.8,2.3,9857.8845176,0.1316503865,5.8,0.092,35.588570305,3,0.288,0.0045959403,0.0130218307
564,"-114.8066,43.4667",16025,"Idaho, Camas",0.0535714285714286,2.66193433895297,0.0496894409937888,56,1,1.01325316583383,0,0,0,,1.01828905035322,0.288425317864244,1.0037932408839,0.2981,0.276,0.0127,,1884.54,12.9,23.5,0.9,,0.1522234683,5.4,0.053,7.7513285213,,0.248,0.0044365572,0.0141969831
565,"-116.7095,43.6197",16027,"Idaho, Canyon",0.149590617393229,12.0984881364122,0.0808773193616079,18076,1.01112447200627,1.01325316583383,0.0099579552998451,180,0.000805372730974188,1.02253651645437,1.01828905035322,0.288425317864244,1.0037932408839,0.736,0.8462,0.4082,0.00135123647085669,1620.45,14.7,13.2,337.5,6388.3502209,0.1412930959,10.7,0.098,197.82582223,4.3,0.349,0.0057047235,0.0174542168
566,"-111.5598,42.7715",16029,"Idaho, Caribou",0.0677966101694915,4.53257790368272,0.0668555240793201,472,1.00306384035164,1.01325316583383,0.0233050847457627,11,0.00155807365439093,1.01370885629547,1.01828905035322,0.288425317864244,1.0037932408839,0.1373,0.4425,0.3378,0.00354107648725212,1742.22,7.8,16.5,4.4,6707.3626999,0.1288786973,5.9,0.133,28.06168084,3,0.3,0.0012747875,0.0067988669
567,"-113.6012,42.2835",16031,"Idaho, Cassia",0.0886449978894048,8.79986590680523,0.0992708682534361,2369,1.00726184234729,1.01325316583383,0.00844238075137189,20,0.000838082467314784,1.01516534655549,1.01828905035322,0.288425317864244,1.0037932408839,0.5745,0.8714,0.4658,0.00104760308414348,1567.21,15.7,13.6,10,8278.684498,0.1355494608,7.1,0.115,104.09952314,3,0.376,0.0045675494,0.0157559504
568,"-112.3506,44.285",16033,"Idaho, Clark",0.0769230769230769,4.69483568075117,0.0610328638497653,52,1.00277786339753,1.01325316583383,0,0,0,,1.01828905035322,0.288425317864244,1.0037932408839,0.9459,0.9748,0.5224,,1130.89,27.4,10.3,0.5,,0.1711610943,6.2,0.034,12.328138945,,0.284,0.0070422535,0.0328638498
569,"-115.6622,46.6746",16035,"Idaho, Clearwater",0.276333789329685,23.0646266270838,0.0834665448732587,731,1.02910444995266,1.01325316583383,0.00410396716826265,3,0.000342543959808175,,1.01828905035322,0.288425317864244,1.0037932408839,0.5242,0.1309,0.6409,0.00947704955469285,1412.87,11.1,26.1,3.5,9394.26573,0.1348517567,8.8,0.121,31.695809077,3,0.323,0.0065083352,0.0243206211
570,"-114.2855,44.2419",16037,"Idaho, Custer",0.194444444444444,8.17757009345794,0.0420560747663551,180,1.01427328286174,1.01325316583383,0.00555555555555556,1,0.000233644859813084,1,1.01828905035322,0.288425317864244,1.0037932408839,0.5685,0.455,0.226,,1384.39,11.8,30,0.9,5322.621001,0.1422916532,5.9,0.079,11.11988625,3,0.279,0.0042056075,0.0086448598
571,"-115.4702,43.3507",16039,"Idaho, Elmore",0.176795580110497,7.04354525110972,0.0398400528265894,1086,1.01389568065854,1.01325316583383,0.00644567219152855,7,0.000256795920613375,1,1.01828905035322,0.288425317864244,1.0037932408839,0.5866,0.8007,0.3738,0.000917128287904912,1602.35,11.8,12.9,8.8,6581.2825319,0.1560428068,7.3,0.109,67.631458719,3.7,0.352,0.0298250119,0.0168017902
572,"-111.815,42.1833",16041,"Idaho, Franklin",0.158476658476658,9.39822235174122,0.0593035115838555,814,1.01195972123953,1.01325316583383,0.0085995085995086,7,0.000509981057846423,1,1.01828905035322,0.288425317864244,1.0037932408839,0.3083,0.3136,0.0583,0.00145708873670407,1511.68,10.4,13.6,18.5,9111.0071283,0.1321666176,5.9,0.077,48.238446832,2.3,0.335,0.0026227597,0.009835349
573,"-111.481,44.228",16043,"Idaho, Fremont",0.13680387409201,8.58140947752126,0.0627278250303767,826,1.0108314693013,1.01325316583383,0.0145278450363196,12,0.000911300121506683,1.02638809625704,1.01828905035322,0.288425317864244,1.0037932408839,0.6172,0.6845,0.3983,,1526.64,10.7,16.5,6.2,5324.4109558,0.1397382645,6.7,0.114,73.252834032,2.7,0.297,0.0031895504,0.0104040097
574,"-116.3984,44.0648",16045,"Idaho, Gem",0.221061093247588,15.5948735397528,0.0705455370307361,1244,1.01707073333972,1.01325316583383,0.00964630225080386,12,0.000680503572643756,1.10408951367381,1.01828905035322,0.288425317864244,1.0037932408839,0.6424,0.5294,0.2471,0.000907338096858342,1359.17,17,21.3,27.9,7216.4259802,0.1407110376,9.4,0.115,56.411968007,3.7,0.376,0.0023817625,0.0120222298
575,"-114.8108,42.9693",16047,"Idaho, Gooding",0.118959107806691,8.42326928138984,0.0708081073966833,1076,1.00668057771148,1.01325316583383,0.0130111524163569,14,0.000921295077652014,1.04924143725562,1.01828905035322,0.288425317864244,1.0037932408839,0.6669,0.8835,0.4588,0.00118452224269545,1397.89,16.6,16.7,21.1,9296.5555111,0.1463518419,7.5,0.107,25.253110304,3,0.337,0.0030929192,0.0209923664
576,"-115.4634,45.8472",16049,"Idaho, Idaho",0.166666666666667,8.84151880336704,0.0530491128202023,876,1.01286854529763,1.01325316583383,0.0171232876712329,15,0.000908375219524011,1.03239118471,1.01828905035322,0.288425317864244,1.0037932408839,0.5146,0.4276,0.5966,0.00248289226669896,1269.49,10.9,26.1,1.9,8022.0068842,0.1408857112,8.9,0.102,32.016102447,3,0.319,0.0049052262,0.0314903409
577,"-112.3132,43.8208",16051,"Idaho, Jefferson",0.191729323308271,12.1267706104148,0.0632494310268691,1862,1.01291803306947,1.01325316583383,0.00590762620837809,11,0.000373653996399334,1,1.01828905035322,0.288425317864244,1.0037932408839,0.3752,0.6422,0.1729,,1838.35,9.6,10.8,22.8,5704.2217194,0.1306883939,7.8,0.109,50.296584656,3.7,0.319,0.0028193892,0.0133836068
578,"-114.2655,42.6889",16053,"Idaho, Jerome",0.0979923518164436,8.53633145950448,0.0871122215282115,2092,1.00601485368817,1.01325316583383,0.00717017208413002,15,0.000624609618988132,1.00990485606307,1.01828905035322,0.288425317864244,1.0037932408839,0.7325,0.9261,0.2588,0.00104101603164689,1532.98,19.7,12.5,39.4,7214.4693614,0.1484588855,7.9,0.069,22.938965947,3.7,0.318,0.0036227358,0.022402665
579,"-116.7021,47.6728",16055,"Idaho, Kootenai",0.261021693491952,16.1666821460636,0.0619361629670908,10003,1.02408411897075,1.01325316583383,0.00999700089973008,100,0.000619175876907836,1.02177992100002,1.01828905035322,0.288425317864244,1.0037932408839,0.2688,0.2585,0.2572,0.00245193647255503,2008.03,10.3,18,121.6,6042.9536669,0.1421916987,11.8,0.078,151.35943919,3.7,0.264,0.0037645893,0.0134732671
580,"-116.7114,46.8159",16057,"Idaho, Latah",0.140010219724067,6.82712911745652,0.0487616484776,1957,1.01026343854183,1.01325316583383,0.00153295861011753,3,7.47495888772612e-05,1,1.01828905035322,0.288425317864244,1.0037932408839,0.4414,0.2445,0.8179,0.000622913240643843,1637.97,6.9,12.6,34.5,5497.8719283,0.135649026,9.3,0.055,110.4530968,2.7,0.238,0.0107390243,0.0088204515
581,"-113.931,44.9438",16059,"Idaho, Lemhi",0.0493273542600897,2.76347192563748,0.0560231126742871,446,1.00456659006236,1.01325316583383,0.0179372197309417,8,0.00100489888204999,1,1.01828905035322,0.288425317864244,1.0037932408839,0.3411,0.2079,0.4779,0.00226102248461249,1293.64,12.5,28.7,1.9,8348.7420163,0.1523569569,9,0.105,35.609625756,2,0.24,0.0028890843,0.012561236
582,"-116.4341,46.2332",16061,"Idaho, Lewis",0.337883959044369,25.6410256410256,0.0758870758870759,293,1.02891496220762,1.01325316583383,0.0136518771331058,4,0.00103600103600104,1,1.01828905035322,0.288425317864244,1.0037932408839,0.5452,0.4559,0.3709,,1377.24,14.5,24.3,8.6,7572.150678,0.149408015,8.5,0.125,37.830227029,2.3,0.28,0.0051800052,0.0642320642
583,"-114.1359,43.0012",16063,"Idaho, Lincoln",0.128395061728395,9.70149253731343,0.0755597014925373,405,1.01067051730426,1.01325316583383,0.0197530864197531,8,0.00149253731343284,1,1.01828905035322,0.288425317864244,1.0037932408839,0.6048,0.8927,0.2856,,1498.85,22.2,12.4,3.5,6292.7983037,0.1477717141,6.6,0.121,66.640220379,2.3,0.288,0.0029850746,0.0171641791
584,"-111.6538,43.7814",16065,"Idaho, Madison",0.154786150712831,19.3364543049054,0.124923671890902,4910,1.0129531191477,1.01325316583383,0.00203665987780041,10,0.000254427030327702,1.01516534655549,1.01828905035322,0.288425317864244,1.0037932408839,0.7115,0.3263,0.5349,0.00175554650926114,1319.17,7.2,6.4,94.8,3599.5811311,0.154911746,7.4,0.072,205.34377073,3.7,0.271,0.0060299206,0.0050630979
585,"-113.6357,42.8552",16067,"Idaho, Minidoka",0.0704822469528352,6.38655462184874,0.0906122448979592,1887,1.00525682125956,1.01325316583383,0.0111287758346582,21,0.00100840336134454,1.02226578920968,1.01828905035322,0.288425317864244,1.0037932408839,0.6752,0.9188,0.1761,0.00120048019207683,1438.87,19.6,15.6,27.2,7450.0409118,0.1383832598,7.4,0.132,40.082042747,3.7,0.34,0.0033613445,0.0228091236
586,"-116.7501,46.3264",16069,"Idaho, Nez Perce",0.162729658792651,10.7404474361513,0.0660017818253811,2667,1.01038101853126,1.01325316583383,0.0149981252343457,40,0.000989902989507028,1.01119961438567,1.01828905035322,0.288425317864244,1.0037932408839,0.3268,0.347,0.709,0.00358839833696298,1666.76,10.3,19.4,52,7175.6466977,0.1499724576,9,0.102,39.717638619,3.3,0.309,0.0045040586,0.0600376163
587,"-112.5408,42.1949",16071,"Idaho, Oneida",0.36986301369863,18.048128342246,0.0487967914438503,219,1.03005541016875,1.01325316583383,0,0,0,,1.01828905035322,0.288425317864244,1.0037932408839,0.4796,0.5072,0.0618,0.00245098039215686,1315.14,7.4,19.2,3.4,6877.9591753,0.1296024348,6,0.082,14.383207454,3,0.294,0.0040106952,0.0053475936
588,"-116.1694,42.5802",16073,"Idaho, Owyhee",0.142678347934919,9.74942273154879,0.0683314803728727,799,1.00660786689173,1.01325316583383,0.0225281602002503,18,0.00153938253656034,1.04758646582496,1.01828905035322,0.288425317864244,1.0037932408839,0.7847,0.8857,0.3731,,1323.17,23.9,17.5,1.5,10278.140119,0.1551551414,8,0.135,41.05498891,3,0.393,0.0047036689,0.0443855298
589,"-116.7648,44.0055",16075,"Idaho, Payette",0.11863488624052,9.29896819667955,0.0783830835208696,1846,1.0075762819945,1.01325316583383,0.0108342361863489,20,0.000849220839879411,1.03239118471,1.01828905035322,0.288425317864244,1.0037932408839,0.5611,0.7596,0.3196,,1611.5,12.9,17.3,52.1,8672.0211461,0.1465187943,9.2,0.108,121.41652033,3,0.346,0.0036516496,0.0176637935
590,"-112.8396,42.6925",16077,"Idaho, Power",0.0964566929133858,6.30792996910402,0.0653964984552008,508,1.0072353055241,1.01325316583383,0.0078740157480315,4,0.000514933058702369,1,1.01828905035322,0.288425317864244,1.0037932408839,0.5127,0.8984,0.22,0.00128733264675592,1536.35,15.3,15.7,6,7675.1880708,0.1450659927,6.5,0.138,88.298903327,3,0.356,0.0036045314,0.03746138
591,"-115.8917,47.3536",16079,"Idaho, Shoshone",0.229709035222052,11.7224132541419,0.0510315723663645,653,1.02429457353298,1.01325316583383,0.0352220520673813,23,0.00179743669896843,1,1.01828905035322,0.288425317864244,1.0037932408839,0.7532,0.4371,0.7749,0.00195373554235699,1227.75,16.6,22.3,5.1,9640.4108343,0.148220532,9.7,0.096,128.36143368,2.3,0.354,0.0048452641,0.0181306658
592,"-111.2057,43.753",16081,"Idaho, Teton",0.112179487179487,6.01374570446735,0.0536082474226804,624,1.0075488835911,1.01325316583383,0.00320512820512821,2,0.000171821305841924,1,1.01828905035322,0.288425317864244,1.0037932408839,0.1968,0.6504,0.1452,0.00111683848797251,1856.04,9.4,10.2,19.7,3897.5699334,0.1347640387,5.4,0.044,34.549122626,3,0.214,0.0020618557,0.0088487973
593,"-114.6685,42.3544",16083,"Idaho, Twin Falls",0.0819981149858624,7.07473193852302,0.0862792021468152,7427,1.0050035408175,1.01325316583383,0.0141376060320452,105,0.00121978136871087,1.00844121353096,1.01828905035322,0.288425317864244,1.0037932408839,0.4535,0.7456,0.3203,0.00260220025324985,1697.79,11.7,14.9,45.8,7321.2638065,0.1387111182,7.6,0.084,135.43172759,3.3,0.328,0.0060175881,0.0133362763
594,"-115.5677,44.7673",16085,"Idaho, Valley",0.242236024844721,7.06457748392356,0.0291640249977357,322,1.01759040117707,1.01325316583383,0.0031055900621118,1,9.05715062041482e-05,1,1.01828905035322,0.288425317864244,1.0037932408839,0.1226,0.0092,0.2448,0.0022642876551037,1767.15,14.7,23.4,3,4659.6248761,0.1184552497,6.6,0.064,40.502886131,2,0.278,0.0033511457,0.0120460103
595,"-116.7848,44.4528",16087,"Idaho, Washington",0.114485981308411,9.64472000787324,0.0842436768034642,856,1.00792209050508,1.01325316583383,0.0163551401869159,14,0.00137781714398189,1.02226578920968,1.01828905035322,0.288425317864244,1.0037932408839,0.6608,0.7829,0.4336,0.00246038775711052,1378.89,15.1,24,6.7,5897.9992559,0.1509507337,7.5,0.114,45.726510051,3,0.351,0.0027556343,0.0169274678
596,"-91.1879,39.9882",17001,"Illinois, Adams",0.126706012541498,10.4580536146504,0.0825379427927722,5422,1.01003416429814,1.01077045116296,0.0116193286610107,63,0.00095903548431292,1.01440033702014,1.01194068449991,0.931560589840108,1.0085967079339,0.2411,0.1936,0.3782,0.00509963313087029,1844.74,4.7,19.5,80,7087.0936201,0.1545718712,10.7,0.11,98.741377982,4.3,0.366,0.0376307257,0.0028466609
597,"-89.3291,37.1805",17003,"Illinois, Alexander",0.163398692810458,8.25082508250825,0.0504950495049505,306,1.01484978368978,1.01077045116296,0.0163398692810458,5,0.000825082508250825,1.03239118471,1.01194068449991,0.931560589840108,1.0085967079339,0.9188,0.4209,0.8488,,1023.84,6.8,20.3,24.6,9900.3563799,0.2155191863,11.3,0.079,66.108530698,3,0.262,0.3196369637,0.004620462
598,"-89.4353,38.8883",17005,"Illinois, Bond",0.215568862275449,17.3180998196031,0.0803367408298256,1336,1.01642594745855,1.01077045116296,0.0112275449101796,15,0.00090198436560433,1.03239118471,1.01194068449991,0.931560589840108,1.0085967079339,0.3761,0.2607,0.9265,0.0090198436560433,1725.59,6.1,17.5,38.9,7288.1013403,0.1657100852,11.3,0.043,34.318511644,3,0.255,0.0599518942,0.0067949489
599,"-88.8235,42.3236",17007,"Illinois, Boone",0.130812013348165,10.9748586147041,0.0838979412807735,4495,1.01019175442391,1.01077045116296,0.0117908787541713,53,0.000989230453366183,1.04102081009667,1.01194068449991,0.931560589840108,1.0085967079339,0.4398,0.8176,0.2203,,2171.43,6.3,14.8,165,6016.1864055,0.1513581948,11.4,0.096,93.613679915,4,0.334,0.0240961607,0.0077645258
600,"-90.7507,39.9621",17009,"Illinois, Brown",0.154855643044619,8.99938987187309,0.0581147040878585,381,1.01344306994647,1.01077045116296,0.020997375328084,8,0.0012202562538133,1.04195362743721,1.01194068449991,0.931560589840108,1.0085967079339,0.4933,0.5759,0.9185,,1736.82,5.9,14.2,21.3,5628.0617043,0.1696256909,10.3,0.046,60.173422298,3,0.234,0.1848688225,0.0128126907
601,"-89.5283,41.4039",17011,"Illinois, Bureau",0.150200803212851,11.3357378837935,0.0754705543600158,2490,1.01034016020377,1.01077045116296,0.0248995983935743,62,0.00187918649410481,1.01726174850825,1.01194068449991,0.931560589840108,1.0085967079339,0.3032,0.5454,0.1273,0.00284908920073955,1836.28,4.9,21,35.6,7205.6709591,0.1471160473,11.5,0.111,69.918944719,3.7,0.274,0.0078804595,0.0047282757
602,"-90.6633,39.1684",17013,"Illinois, Calhoun",0.267062314540059,18.7421907538526,0.0701790920449813,337,1.02068665269854,1.01077045116296,0.0029673590504451,1,0.000208246563931695,1,1.01194068449991,0.931560589840108,1.0085967079339,0.3541,0.0105,0.2378,,1656.15,2.9,22.9,13.5,2792.4671326,0.1482506582,10.8,0.082,4.2839031109,3,0.362,0.0039566847,0.0027072053
603,"-89.934,42.0682",17015,"Illinois, Carroll",0.121510673234811,10.3409726103969,0.085103409726104,1218,1.00749140680527,1.01077045116296,0.0229885057471264,28,0.0019564002235886,1.00520889711624,1.01194068449991,0.931560589840108,1.0085967079339,0.3653,0.2436,0.1334,,1578.9,6.1,24.3,28.2,6472.7895525,0.1434995941,10.7,0.083,59.027074692,3,0.251,0.010410844,0.0044717719
604,"-90.2473,39.9699",17017,"Illinois, Cass",0.263559969442322,28.1402936378467,0.106769983686786,1309,1.02331132238722,1.01077045116296,0.0198624904507257,26,0.00212071778140294,1.01150029829051,1.01194068449991,0.931560589840108,1.0085967079339,0.5869,0.8392,0.5272,,1543.26,7.1,16.7,33.5,7231.5257754,0.159206666,10.8,0.068,31.347975173,3,0.347,0.0367862969,0.0069331158
605,"-88.2005,40.1392",17019,"Illinois, Champaign",0.128350016144656,7.57204154622041,0.0589952519965902,12388,1.00822080318663,1.01077045116296,0.00597352276396513,74,0.000352409480767491,1.01004419173263,1.01194068449991,0.931560589840108,1.0085967079339,0.3522,0.7902,0.9936,0.00239543201116281,1922.32,4.8,11.9,226.1,5919.5112493,0.1576518125,11.8,0.093,213.93183672,5,0.308,0.131377302,0.0036336275
606,"-89.2778,39.5458",17021,"Illinois, Christian",0.160460992907801,11.0835553106151,0.0690732065766511,2256,1.0145525640643,1.01077045116296,0.0230496453900709,52,0.00159211291754692,1.01454709634044,1.01194068449991,0.931560589840108,1.0085967079339,0.3446,0.1016,0.4094,0.00205137625914699,1679.02,4.9,19.1,41.1,7327.3768236,0.1565915609,11.5,0.136,82.605487096,4,0.292,0.0161660696,0.0026637274
607,"-87.7871,39.3343",17023,"Illinois, Clark",0.181538461538462,11.3490638625289,0.0625160297512183,975,1.01657796376629,1.01077045116296,0.0225641025641026,22,0.00141061810720698,1.0066678482933,1.01194068449991,0.931560589840108,1.0085967079339,0.3573,0.0627,0.0891,,1679.68,5.5,19.1,27,7532.3294977,0.1605771988,11.4,0.067,44.212383336,3.7,0.368,0.0043600923,0.0026288792
608,"-88.4891,38.7539",17025,"Illinois, Clay",0.220055710306407,17.8827435297668,0.0812646193314721,1077,1.01225163608983,1.01077045116296,0.0250696378830084,27,0.00203727457934053,1.02317045203282,1.01194068449991,0.931560589840108,1.0085967079339,0.501,0.3286,0.511,0.00135818305289368,1517.4,7.9,19.7,27.4,7557.2849224,0.1583194353,11.6,0.089,55.839055085,3.7,0.235,0.0047536407,0.0024900023
609,"-89.4239,38.607",17027,"Illinois, Clinton",0.15353121801433,15.9409123515503,0.103828475783097,3908,1.01111572293005,1.01077045116296,0.0184237461617195,72,0.00191290948218603,1.01471853047566,1.01194068449991,0.931560589840108,1.0085967079339,0.157,0.2426,0.5358,0.00185977310768086,2073.84,4.8,16.2,61,6112.7061718,0.1502120629,11.6,0.132,49.443899314,3.7,0.389,0.0355482345,0.003692978
610,"-88.2236,39.5195",17029,"Illinois, Coles",0.123105557032704,9.09894860960991,0.0739117618158593,3761,1.00885162234206,1.01077045116296,0.0178144110608881,67,0.00131669450722217,1.0065656796249,1.01194068449991,0.931560589840108,1.0085967079339,0.5519,0.3187,0.7631,0.00231895450525695,1583.83,6.3,16.1,107.5,6782.1213222,0.1878808605,11.6,0.096,173.64859811,4,0.366,0.0385378795,0.0025351282
611,"-87.8166,41.8414",17031,"Illinois, Cook",0.136741683668692,9.30201044572399,0.068026151179048,352409,1.00986629172773,1.01077045116296,0.0208280719277885,7340,0.00141685356972782,1.00780937944497,1.01194068449991,0.931560589840108,1.0085967079339,0.5057,0.9618,0.8758,0.00332014732960743,2365.48,9.5,13.9,5631,7012.1419751,0.1377618316,15,0.095,947.14271413,4.3,0.28,0.2304108895,0.0073840463
612,"-87.7595,39.0032",17033,"Illinois, Crawford",0.170118343195266,12.2294890200457,0.0718881267613123,1352,1.01395545388836,1.01077045116296,0.0155325443786982,21,0.00111660551922157,1.03961211126014,1.01194068449991,0.931560589840108,1.0085967079339,0.4462,0.4839,0.3865,0.0033498165576647,1648.08,6.3,18.4,41.7,6747.5951688,0.1597957443,11.7,0.115,42.976384517,3.7,0.275,0.0506726219,0.0037220184
613,"-88.2401,39.2743",17035,"Illinois, Cumberland",0.216836734693878,15.7290895632865,0.0725388601036269,784,1.01143887611944,1.01077045116296,0.0267857142857143,21,0.00194300518134715,1,1.01194068449991,0.931560589840108,1.0085967079339,0.3643,0.0306,0.1095,,1676.83,4.7,18.8,24.6,6408.9356941,0.1586359285,11.6,0.213,45.213790241,3,0.325,0.0046262028,0.0018504811
614,"-88.7696,41.8937",17037,"Illinois, DeKalb",0.152081563296517,8.59395254601846,0.0565088388081772,5885,1.0100274917541,1.01077045116296,0.0101954120645709,60,0.000576130896939785,1.02348860217202,1.01194068449991,0.931560589840108,1.0085967079339,0.4876,0.6864,0.6848,0.00183401668859165,1991.85,5.9,11.9,151,5669.1522196,0.1589541067,12.1,0.056,114.82800331,4,0.317,0.0773743795,0.004599445
615,"-88.9096,40.1751",17039,"Illinois, De Witt",0.187002652519894,8.94159426723318,0.0478153338829349,754,1.01465347645379,1.01077045116296,0.026525198938992,20,0.00126831124357917,1.01516534655549,1.01194068449991,0.931560589840108,1.0085967079339,0.2917,0.2327,0.1318,0.00158538905447397,1776.08,4.8,18.3,36.8,8207.0808754,0.1547872977,11.5,0.102,123.75711065,3.7,0.275,0.0078635297,0.002600038
616,"-88.2185,39.7677",17041,"Illinois, Douglas",0.152690863579474,12.5263103855434,0.0820370655577802,1598,1.0097566211771,1.01077045116296,0.0131414267834793,21,0.00107808409055906,1.01440033702014,1.01194068449991,0.931560589840108,1.0085967079339,0.4169,0.4919,0.5447,,1697.36,14.5,17.3,44.6,6829.6754456,0.1571502859,11.5,0.087,46.191698207,4,0.309,0.0047743724,0.0035422763
617,"-88.0864,41.8512",17043,"Illinois, DuPage",0.173216217703042,10.1724228910745,0.0587267348633249,54533,1.01108232595452,1.01077045116296,0.0165771184420443,904,0.000973520039543867,1.00917738842187,1.01194068449991,0.931560589840108,1.0085967079339,0.0678,0.8526,0.3079,0.00188673352796555,3184.82,5.9,14.5,3090.8,4285.5627729,0.1225749625,13.2,0.087,509.66947724,5,0.269,0.049307067,0.003961925
618,"-87.7476,39.6809",17045,"Illinois, Edgar",0.259395050412466,16.3018433179723,0.0628456221198157,1091,1.0196600411181,1.01077045116296,0.0219981668194317,24,0.00138248847926267,1.05049651792412,1.01194068449991,0.931560589840108,1.0085967079339,0.4217,0.1652,0.2649,0.00144009216589862,1484.28,5.5,21,28.4,8341.9541081,0.153602903,11.3,0.09,114.66873106,3.7,0.309,0.0063364055,0.0024769585
619,"-88.0572,38.4135",17047,"Illinois, Edwards",0.266233766233766,12.828535669587,0.0481852315394243,308,1.02282016393388,1.01077045116296,0.012987012987013,4,0.000625782227784731,1,1.01194068449991,0.931560589840108,1.0085967079339,0.3468,0.1366,0.1878,,1347.64,5.6,20.5,28.1,6571.3980272,0.1498696235,11.7,0.053,57.902673449,3,0.302,0.0053191489,0.0051627034
620,"-88.5897,39.0594",17049,"Illinois, Effingham",0.181683899556869,17.9782507015903,0.0989534611786717,3385,1.01088282781545,1.01077045116296,0.0127031019202363,43,0.00125701590271282,1.04785445936295,1.01194068449991,0.931560589840108,1.0085967079339,0.1768,0.2757,0.3932,0.00426800748362956,2001.12,5.4,16.8,82.4,6421.3367039,0.1511828271,11.8,0.122,139.86479069,4,0.272,0.005261927,0.0026894294
621,"-89.0245,39.0007",17051,"Illinois, Fayette",0.252078774617068,26.8957788569294,0.106695928277923,2285,1.01783775218272,1.01077045116296,0.0175054704595186,40,0.0018677624206201,1.00362337833333,1.01194068449991,0.931560589840108,1.0085967079339,0.7962,0.2677,0.4623,0.00513634665670527,1451.58,8.1,18.3,26,7409.7963725,0.1743324282,11.5,0.108,56.607609303,3.7,0.242,0.0437523347,0.0028950318
622,"-88.2235,40.5971",17053,"Illinois, Ford",0.24269889224572,18.1694813027744,0.0748642943305187,993,1.02177650249825,1.01077045116296,0.0281973816717019,28,0.00211097708082027,1.01632157731989,1.01194068449991,0.931560589840108,1.0085967079339,0.435,0.1897,0.1585,0.00505126658624849,1665.09,6.3,18.6,26.7,7920.2442309,0.1644193842,11.5,0.049,38.800454192,3,0.252,0.0094240048,0.0037696019
623,"-88.9257,37.9919",17055,"Illinois, Franklin",0.220403502093643,14.96085372471,0.0678793829616806,2627,1.01860349701295,1.01077045116296,0.0144651693947469,38,0.000981886772951603,1.02485387013382,1.01194068449991,0.931560589840108,1.0085967079339,0.7643,0.0408,0.4053,0.000645978140099739,1270.86,6.5,19.8,79.2,9524.3328824,0.1777305101,11.7,0.072,130.32566659,4,0.266,0.0055812511,0.0041342601
624,"-90.2086,40.4729",17057,"Illinois, Fulton",0.218833600856073,11.7380323728619,0.0536390770290437,1869,1.01405800991335,1.01077045116296,0.0112359550561798,21,0.0006026862587533,1.04924143725562,1.01194068449991,0.931560589840108,1.0085967079339,0.6232,0.4085,0.5126,0.00266903914590747,1460.2,6.1,19.6,33.1,8015.369587,0.1678484671,11.2,0.081,90.542523378,3.7,0.288,0.0378257376,0.0066869475
625,"-88.2295,37.7643",17059,"Illinois, Gallatin",0.213991769547325,10.2807433768288,0.0480427046263345,243,1.01430621060537,1.01077045116296,0.0164609053497942,4,0.000790826413602214,1.04195362743721,1.01194068449991,0.931560589840108,1.0085967079339,0.5557,0.1229,0.1608,,1277.05,3.6,23.5,15.3,10592.794228,0.1702715663,11.4,0.141,22.510850275,2.3,0.23,0.0065243179,0.0045472519
626,"-90.3889,39.3591",17061,"Illinois, Greene",0.165322580645161,12.5728304201165,0.0760502913216805,992,1.00941754986978,1.01077045116296,0.0383064516129032,38,0.00291321680466115,1.01601628385513,1.01194068449991,0.931560589840108,1.0085967079339,0.4742,0.0146,0.1223,0.0219257896350813,1393.65,6.4,18.8,19.8,9478.3375679,0.1687536568,10.8,0.114,8.9468357937,3,0.282,0.013032812,0.0028365532
627,"-88.4191,41.2857",17063,"Illinois, Grundy",0.186639320246118,12.4970572078788,0.0669583300635643,3413,1.01285885982724,1.01077045116296,0.00966891297978318,33,0.000647414266656203,1.03464535687297,1.01194068449991,0.931560589840108,1.0085967079339,0.1392,0.5037,0.0602,0.00174605665855764,2357.67,4.2,13.3,107.5,6220.7923645,0.1451444213,12,0.049,154.48369246,5,0.349,0.015812603,0.0034921133
628,"-88.5388,38.0816",17065,"Illinois, Hamilton",0.173076923076923,9.92282249173098,0.0573318632855568,468,1.0111662491691,1.01077045116296,0.0170940170940171,8,0.000980031851035159,1.10408951367381,1.01194068449991,0.931560589840108,1.0085967079339,0.2494,0.07,0.1114,0.00306259953448487,1390.84,6.2,21,15.5,6870.0768063,0.1602956893,11.3,0.193,38.047121711,3,0.254,0.006860223,0.0044101433
629,"-91.1631,40.4042",17067,"Illinois, Hancock",0.162138475021911,10.367630576104,0.063943062093701,1141,1.01180672399059,1.01077045116296,0.0175284837861525,20,0.00112082492714638,1.02348860217202,1.01194068449991,0.931560589840108,1.0085967079339,0.3462,0.07,0.0949,0.00100874243443174,1697.43,3,22.4,18.1,7116.411931,0.1465254166,10.8,0.074,47.170940787,3,0.311,0.0057722484,0.003866846
630,"-88.2687,37.5181",17069,"Illinois, Hardin",0.114285714285714,5.1150895140665,0.0447570332480818,175,1.00757111498241,1.01077045116296,0.0228571428571429,4,0.0010230179028133,1.10408951367381,1.01194068449991,0.931560589840108,1.0085967079339,0.792,0.0449,0.4553,0.00639386189258312,1200.77,8.6,21.3,21.1,12782.388916,0.1795819251,11.1,0.049,7.6809454634,2.3,0.245,0.0051150895,0.0074168798
631,"-90.9249,40.8191",17071,"Illinois, Henderson",0.188202247191011,9.98658518408108,0.0530630496348189,356,1.01310014313365,1.01077045116296,0.0140449438202247,5,0.000745267551050827,1.07570373984278,1.01194068449991,0.931560589840108,1.0085967079339,0.2911,0.0382,0.0188,,1476.82,6.7,24.7,12.7,7736.2685501,0.1431435269,10.7,0.135,17.600451003,3,0.265,0.0034282307,0.0029810702
632,"-90.133,41.3534",17073,"Illinois, Henry",0.173047473200613,11.509472397637,0.0665104909350173,3265,1.01342530871757,1.01077045116296,0.0116385911179173,38,0.000774088409044612,1.06785020757899,1.01194068449991,0.931560589840108,1.0085967079339,0.315,0.4132,0.1289,0.0017518842941536,1838.57,4.4,19.9,50.2,6187.2575413,0.146948895,11.3,0.137,67.683432345,3.7,0.366,0.0182318191,0.0031982074
633,"-87.8247,40.7472",17075,"Illinois, Iroquois",0.178155339805825,13.295174612375,0.0746268656716418,2060,1.01176947625888,1.01077045116296,0.0203883495145631,42,0.00152151862048978,1.02638809625704,1.01194068449991,0.931560589840108,1.0085967079339,0.4516,0.4963,0.1566,0.00304303724097957,1634.54,6,20.9,22.6,9909.0662356,0.1564665916,11.7,0.085,64.548336437,3.7,0.29,0.0106506303,0.0036951166
634,"-89.3823,37.786",17077,"Illinois, Jackson",0.158307210031348,8.79499817133701,0.0555565231021091,3190,1.01104060725774,1.01077045116296,0.0137931034482759,44,0.000766296870373918,1.01738190700167,1.01194068449991,0.931560589840108,1.0085967079339,0.7159,0.6008,0.9366,0.00320451418520002,1272.95,7.4,14.3,103.7,8309.3282412,0.1882257236,11.5,0.048,152.48715191,4,0.237,0.1482784444,0.0053989098
635,"-88.1544,39.0105",17079,"Illinois, Jasper",0.185840707964602,15.2949745083758,0.0823015294974508,791,1.01212600100154,1.01077045116296,0.0164348925410872,13,0.00135261679325773,1.01150029829051,1.01194068449991,0.931560589840108,1.0085967079339,0.3857,0.1983,0.163,,1645.27,7.3,18.7,16.5,5670.3988414,0.1492507132,11.6,0.1,30.116017627,3,0.249,0.0029133285,0.0020809489
636,"-88.924,38.2998",17081,"Illinois, Jefferson",0.206925675675676,12.9561078794289,0.0626123744050767,2368,1.01579293602583,1.01077045116296,0.0278716216216216,66,0.0017451084082496,1.0066678482933,1.01194068449991,0.931560589840108,1.0085967079339,0.7096,0.3254,0.928,0.00462718138551031,1680.95,5.7,18.3,71.6,9464.9891802,0.171556194,11.6,0.099,94.09151159,4,0.333,0.0856425172,0.0034637758
637,"-90.3539,39.0887",17083,"Illinois, Jersey",0.216266173752311,16.0662791229917,0.0742893761157138,1623,1.01404837359544,1.01077045116296,0.0172520024645718,28,0.00128164049983979,1.01632157731989,1.01194068449991,0.931560589840108,1.0085967079339,0.1818,0.2264,0.2639,0.00224287087471964,1819.89,5.3,18.6,46.8,8043.8275331,0.1459159421,11,0.144,42.443405203,4,0.338,0.0072321142,0.00366183
638,"-90.2109,42.3654",17085,"Illinois, Jo Daviess",0.132957292506044,7.722549845549,0.058082935505008,1241,1.00783760571853,1.01077045116296,0.0185334407735697,23,0.00107647664513713,1.01308078292908,1.01194068449991,0.931560589840108,1.0085967079339,0.1331,0.2633,0.0427,0.00117008330993167,1854.47,4.7,26.4,33.6,7051.1527239,0.1321204477,10.3,0.103,66.361878278,2.3,0.287,0.0064588599,0.0032762333
639,"-88.8817,37.4594",17087,"Illinois, Johnson",0.17762399077278,12.3635195889531,0.0696050096339114,867,1.01119511129909,1.01077045116296,0.013840830449827,12,0.000963391136801541,1.02638809625704,1.01194068449991,0.931560589840108,1.0085967079339,0.6299,0.2248,0.5762,,1462.3,3.6,20.4,28.3,7033.3097141,0.1653065971,11.2,0.082,27.486233707,3,0.246,0.0688021837,0.003773282
640,"-88.4286,41.9384",17089,"Illinois, Kane",0.136296900489396,9.38384473696033,0.0688485556404151,36780,1.00955650864319,1.01077045116296,0.0146003262642741,537,0.00100521137517409,1.00967478314685,1.01194068449991,0.931560589840108,1.0085967079339,0.3398,0.9309,0.2958,0.00206096410440721,2711.64,8.8,12.6,973.9,4935.4307905,0.1314262051,12.8,0.095,200.32417795,5,0.288,0.0530946284,0.0103366429
641,"-87.8621,41.1375",17091,"Illinois, Kankakee",0.122803453529711,10.9885115974696,0.0894804769868392,9845,1.0071815448444,1.01077045116296,0.0135093956323007,133,0.00120882716498219,1.0112289730251,1.01194068449991,0.931560589840108,1.0085967079339,0.5175,0.7039,0.7596,0.00425361739256889,1903.84,5.9,15.9,157.6,8898.7883088,0.1602343514,12.3,0.108,230.99635477,5,0.412,0.1461590199,0.0043354177
642,"-88.4287,41.5908",17093,"Illinois, Kendall",0.150081344902386,8.65418441934097,0.0576632920298636,7376,1.00942933527442,1.01077045116296,0.00881236442516269,65,0.000508149943321737,1.01893940367353,1.01194068449991,0.931560589840108,1.0085967079339,0.1118,0.8239,0.0478,,2910.33,4.4,9.6,300.2,4474.6015169,0.1387534135,12.4,0.076,152.60797045,5,0.314,0.072055662,0.0054020248
643,"-90.2133,40.9315",17095,"Illinois, Knox",0.183061699650757,12.5518837803321,0.068566411238825,3436,1.01378474280657,1.01077045116296,0.0285215366705471,98,0.00195561941251596,1.02226578920968,1.01194068449991,0.931560589840108,1.0085967079339,0.5987,0.4358,0.8294,0.00417065772669221,1517.7,5.6,20.4,69.1,7711.5445309,0.177575838,11.1,0.175,93.215250688,4,0.292,0.0785640166,0.0042105683
644,"-88.0037,42.3225",17097,"Illinois, Lake",0.134352952098032,8.26018218346194,0.0614812109036117,43088,1.00962701290751,1.01077045116296,0.0166635722242852,718,0.00102449659832884,1.00758681555742,1.01194068449991,0.931560589840108,1.0085967079339,0.1815,0.8949,0.5365,0.00141831423222684,3355.43,7,13.2,1542.2,4856.1713627,0.1375903326,12.6,0.087,203.23131163,5,0.254,0.0683730195,0.0086468654
645,"-88.8863,41.3443",17099,"Illinois, LaSalle",0.17792732166891,12.0807822352189,0.0678972859362149,7430,1.01280189733945,1.01077045116296,0.0238223418573351,177,0.00161747235675774,1.02103413652475,1.01194068449991,0.931560589840108,1.0085967079339,0.4675,0.5479,0.3741,0.00245819245179567,1967.68,4.9,18.1,93.1,8209.3082735,0.1606501748,12,0.133,122.30685701,4,0.281,0.0261262908,0.0039203144
646,"-87.7288,38.7199",17101,"Illinois, Lawrence",0.252793296089385,22.9622581668252,0.0908341262289883,1432,1.01856367521776,1.01077045116296,0.0146648044692737,21,0.00133206470028544,1.05963402266705,1.01194068449991,0.931560589840108,1.0085967079339,0.7347,0.4823,0.8777,0.00158579130986362,1456.95,7.8,17.1,37,8310.3060754,0.1781350613,11.8,0.172,38.082894044,3,0.226,0.0971772915,0.0042499207
647,"-89.2998,41.7458",17103,"Illinois, Lee",0.157585917854149,10.9867632878474,0.0697191946936271,2386,1.01166189918544,1.01077045116296,0.0226320201173512,54,0.00157788621687169,1.03655432261531,1.01194068449991,0.931560589840108,1.0085967079339,0.2854,0.4524,0.5266,0.00233760921018029,1954.52,4.5,18.5,44.6,6753.8702061,0.1601859513,11.4,0.084,133.68257536,3.7,0.371,0.0536189113,0.0036525144
648,"-88.5578,40.8919",17105,"Illinois, Livingston",0.179459064327485,13.730041106233,0.0765079276306591,2736,1.01389954647601,1.01077045116296,0.0179093567251462,49,0.00137020776823914,1.02579101104119,1.01194068449991,0.931560589840108,1.0085967079339,0.407,0.2795,0.6724,0.00117446380134784,1808.98,5.1,18.3,33.9,8321.5801732,0.1597755374,11.6,0.103,69.779400884,3.7,0.343,0.0402393669,0.002768379
649,"-89.3664,40.1258",17107,"Illinois, Logan",0.282581189371573,23.1633535004322,0.0819706136560069,2371,1.02534107133639,1.01077045116296,0.0164487557992408,39,0.00134831460674157,1.05963402266705,1.01194068449991,0.931560589840108,1.0085967079339,0.3427,0.2763,0.4228,0.000864304235090752,1899.7,5,17.7,41.3,7928.1534642,0.1493606939,11.5,0.182,75.209389911,3.7,0.361,0.0800691443,0.0036992221
650,"-90.6778,40.4567",17109,"Illinois, McDonough",0.104697226938314,6.17593056251043,0.0589884827240861,1767,1.0083572411808,1.01077045116296,0.0254668930390492,45,0.00150225338007011,1.00321556685779,1.01194068449991,0.931560589840108,1.0085967079339,0.6532,0.3664,0.8953,0.00317142380237022,1611.01,5.1,16.6,56.3,6624.9151495,0.1674929171,10.8,0.094,104.84666431,3.7,0.348,0.0533800701,0.0038724754
651,"-88.4525,42.3245",17111,"Illinois, McHenry",0.13839743976813,7.42781216579706,0.0536701558803513,16561,1.00961521816733,1.01077045116296,0.0110500573636858,183,0.000593058301195839,1.00723042184058,1.01194068449991,0.931560589840108,1.0085967079339,0.071,0.7202,0.0408,0.00111157922027417,2860.82,5.4,13.5,430.5,5319.7585802,0.1361180006,12.1,0.101,150.99605192,4.3,0.33,0.0152283112,0.0050490974
652,"-88.8462,40.49",17113,"Illinois, McLean",0.158671952428147,9.26354525887009,0.0583817436989377,10090,1.01128089835238,1.01077045116296,0.00753221010901883,76,0.000439743560071285,1.03434649907336,1.01194068449991,0.931560589840108,1.0085967079339,0.142,0.582,0.6393,0.00201934871664314,2257.2,3.8,12.3,149.5,5514.6079745,0.1497377371,11.7,0.11,202.15152312,4,0.335,0.0791538408,0.0029451246
653,"-88.9634,39.8606",17115,"Illinois, Macon",0.112125340599455,7.85965314386126,0.0700970280388112,7340,1.00727200175228,1.01077045116296,0.0215258855585831,158,0.00150890060356024,1.0064945984925,1.01194068449991,0.931560589840108,1.0085967079339,0.5344,0.4164,0.6425,0.00412560165024066,1781.84,4.9,18.9,191.5,8084.8688678,0.1643921804,11.8,0.144,188.69786797,4.3,0.315,0.1727786691,0.0026549011
654,"-89.9242,39.2612",17117,"Illinois, Macoupin",0.196833393306945,12.071590934169,0.0613289784388586,2779,1.01418918354032,1.01077045116296,0.016552716804606,46,0.00101516121201421,1.07908658961,1.01194068449991,0.931560589840108,1.0085967079339,0.4446,0.0729,0.149,0.00110343610001545,1616.24,4.4,19.2,43.6,8521.5324205,0.1581453097,11.5,0.152,38.620131133,3.7,0.28,0.0096440315,0.0037075453
655,"-89.9042,38.8304",17119,"Illinois, Madison",0.19064505234718,12.8071813991477,0.0671781472504452,17766,1.01356466080836,1.01077045116296,0.0185185185185185,329,0.00124403976389713,1.02072156696349,1.01194068449991,0.931560589840108,1.0085967079339,0.3646,0.3712,0.3725,0.00366027505000737,1874.5,5.2,16.5,341.2,8583.3797377,0.1647696423,12.6,0.108,155.84471318,5,0.369,0.0866706244,0.0033464292
656,"-88.919,38.6496",17121,"Illinois, Marion",0.180949241924852,14.5933014354067,0.080648591174907,3034,1.01272465999502,1.01077045116296,0.0286750164798945,87,0.00231259968102073,1.0402538481091,1.01194068449991,0.931560589840108,1.0085967079339,0.7124,0.2821,0.6517,0.00358851674641148,1507.51,6.5,19.1,64.9,11020.310499,0.1738311296,11.6,0.173,126.89271803,4,0.296,0.0417597023,0.0035619351
657,"-89.3451,41.0328",17123,"Illinois, Marshall",0.188,8.14981792959945,0.0433500953702098,500,1.01292925609332,1.01077045116296,0.014,7,0.000606901335182937,1,1.01194068449991,0.931560589840108,1.0085967079339,0.2803,0.1111,0.0274,,1801.77,3.7,22.7,26.4,8022.25368,0.1447747257,11.5,0.135,37.961809151,3,0.265,0.007282816,0.0039882088
658,"-89.9182,40.2392",17125,"Illinois, Mason",0.164542294322132,10.4681164762256,0.0636196092886104,863,1.01234027760234,1.01077045116296,0.0347624565469293,30,0.00221157390342794,1.02065336654354,1.01194068449991,0.931560589840108,1.0085967079339,0.5822,0.0131,0.1047,0.00147438260228529,1517.84,4.8,21.7,21.3,7534.7004087,0.1624035993,11.2,0.128,37.850542032,3,0.298,0.0068558791,0.003980833
659,"-88.7104,37.2208",17127,"Illinois, Massac",0.210803689064559,11.3636363636364,0.05390625,759,1.01121504712861,1.01077045116296,0.0184453227931489,14,0.000994318181818182,1.06515354727199,1.01194068449991,0.931560589840108,1.0085967079339,0.6627,0.2509,0.8064,0.00177556818181818,1473.39,4.5,21.1,54.9,11413.566975,0.1624992842,11.2,0.26,37.172001142,3.7,0.334,0.05703125,0.0051846591
660,"-89.8025,40.0274",17129,"Illinois, Menard",0.248387096774194,12.5325520833333,0.0504557291666667,620,1.0180569003324,1.01077045116296,0.00645161290322581,4,0.000325520833333333,1.10408951367381,1.01194068449991,0.931560589840108,1.0085967079339,0.1271,0.0201,0.0519,,2114.6,2.4,18.8,28.1,7038.7460252,0.1461642518,11.1,0.098,16.214571699,3.7,0.301,0.0086263021,0.0033365885
661,"-90.7429,41.206",17131,"Illinois, Mercer",0.207446808510638,12.4991987693097,0.0602525479135953,940,1.01654418911261,1.01077045116296,0.0212765957446809,20,0.00128196910454458,1.06347347762604,1.01194068449991,0.931560589840108,1.0085967079339,0.2978,0.0544,0.1175,0.00141016601499904,1760.58,2.4,20.8,20.8,7129.2038665,0.1515456537,10.8,0.122,30.751700552,3,0.326,0.0074995193,0.0024998398
662,"-90.1776,38.2759",17133,"Illinois, Monroe",0.187866927592955,13.9799038881608,0.0744138634046891,2555,1.01282210261095,1.01077045116296,0.0211350293542074,54,0.00157273918741809,1.01696850489722,1.01194068449991,0.931560589840108,1.0085967079339,0.007,0.1764,0.0121,,2645.99,2.9,16.7,66.7,4016.0307753,0.1296732071,11.3,0.089,118.88966484,3.7,0.363,0.0036697248,0.0023591088
663,"-89.4781,39.232",17135,"Illinois, Montgomery",0.215885947046843,11.118492360407,0.051501695744904,1473,1.01678370902586,1.01077045116296,0.0128988458927359,19,0.00066431243662809,,1.01194068449991,0.931560589840108,1.0085967079339,0.5548,0.2343,0.5689,0.0017481906227055,1552.08,4.1,19.6,37.7,8391.5997787,0.1611002039,11.4,0.124,61.976503807,3.7,0.31,0.0350337401,0.0022027202
664,"-90.2026,39.7165",17137,"Illinois, Morgan",0.168611215656756,13.1857781963739,0.0782022604191194,2657,1.01301854721101,1.01077045116296,0.0255927738050433,68,0.00200141276194961,1.04490543205253,1.01194068449991,0.931560589840108,1.0085967079339,0.4373,0.3263,0.7358,0.00317871438662585,1719.27,4.2,19.3,60.1,7844.6188618,0.1613652531,10.9,0.146,81.551340016,4,0.321,0.0687249823,0.0042677184
665,"-88.621,39.6419",17139,"Illinois, Moultrie",0.166202414113278,12.1628049194809,0.0731806754093905,1077,1.00950362225543,1.01077045116296,0.0157845868152275,17,0.00115512672419651,1.06416270333165,1.01194068449991,0.931560589840108,1.0085967079339,0.286,0.1299,0.7354,,1686.17,14.9,18.4,39.2,5782.6410478,0.1569626036,11.5,0.049,86.742087119,3,0.248,0.0054358905,0.002582048
666,"-89.3218,42.0417",17141,"Illinois, Ogle",0.181739879414298,12.4305323724054,0.068397384286079,3483,1.01236062067048,1.01077045116296,0.0152167671547517,53,0.00104078707067533,1.01127330087083,1.01194068449991,0.931560589840108,1.0085967079339,0.3016,0.6441,0.1936,0.000314199870392553,2012.5,5.5,17.8,60,6952.7208178,0.1502807548,11.5,0.073,83.207204117,3.7,0.371,0.010898808,0.003711486
667,"-89.7608,40.787",17143,"Illinois, Peoria",0.185122494432071,11.5047530464342,0.0621467049789338,11225,1.01353223352627,1.01077045116296,0.0146993318485523,165,0.000913515039779428,1.01763059488975,1.01194068449991,0.931560589840108,1.0085967079339,0.4959,0.7287,0.6444,0.00621190227050011,1985.41,5.8,16,326.8,8427.180931,0.1659556525,11.9,0.107,238.52190058,4.3,0.359,0.1831791431,0.0039751745
668,"-89.3686,38.0851",17145,"Illinois, Perry",0.230983949755757,15.6323793331444,0.0676773401341268,1433,1.01924450590999,1.01077045116296,0.0272156315422191,39,0.00184188155284783,1.02415191411056,1.01194068449991,0.931560589840108,1.0085967079339,0.7032,0.2423,0.7854,0.00316425805232833,1318.58,3.8,18,40.3,6607.7393181,0.1614586717,11.4,0.115,94.407312147,4,0.321,0.087796354,0.0042032682
669,"-88.5932,40.0136",17147,"Illinois, Piatt",0.132890365448505,7.31885825811173,0.0550744083922908,903,1.00833973005965,1.01077045116296,0.00553709856035437,5,0.000304952427421322,1,1.01194068449991,0.931560589840108,1.0085967079339,0.0589,0.0357,0.0041,0.000975847767748231,2178.81,3.7,18.9,29.1,6214.2898267,0.134295471,11.6,0.19,42.458409797,3.7,0.252,0.0067089534,0.0020736765
670,"-90.8877,39.6227",17149,"Illinois, Pike",0.142131979695431,10.7616424316187,0.0757158413938889,1182,1.01045531357898,1.01077045116296,0.0296108291032149,35,0.00224200883992057,1.01288402997981,1.01194068449991,0.931560589840108,1.0085967079339,0.515,0.0812,0.2563,0.00134520530395234,1422.84,5,20.3,16.8,8706.5888378,0.1671050823,10.6,0.087,54.416932589,3,0.298,0.0139645122,0.0022420088
671,"-88.5615,37.4139",17151,"Illinois, Pope",0.308219178082192,10.6837606837607,0.0346628679962013,146,1.02011674483198,1.01077045116296,0.00684931506849315,1,0.000237416904083571,1,1.01194068449991,0.931560589840108,1.0085967079339,0.7408,0.1242,0.304,,1431.92,3.5,29.2,10.3,7537.5593535,0.1457587561,11.1,0.095,2.9359982092,3,0.266,0.0531813865,0.0075973409
672,"-89.1309,37.2263",17153,"Illinois, Pulaski",0.162271805273834,14.6439685154677,0.0902434559765696,493,1.00932092648402,1.01077045116296,0.00405679513184584,2,0.000366099212886692,1,1.01194068449991,0.931560589840108,1.0085967079339,0.8522,0.4546,0.3337,,1117.58,3.4,21.2,31.6,9381.5110035,0.1937142409,11.1,0.196,8.3495759738,3,0.346,0.3029470987,0.0075050339
673,"-89.2869,41.2014",17155,"Illinois, Putnam",0.167808219178082,8.53658536585366,0.0508710801393728,292,1.01450486050083,1.01077045116296,0,0,0,,1.01194068449991,0.931560589840108,1.0085967079339,0.0844,0.4374,0.0038,,2184.73,2.5,22.2,28.6,7205.5809387,0.1363129888,11.3,0.057,10.560313349,3,0.26,0.0067944251,0.0031358885
674,"-89.8251,38.051",17157,"Illinois, Randolph",0.190289182434845,16.601258331776,0.0872422600137046,2801,1.01614132076036,1.01077045116296,0.0107104605498036,30,0.000934404784152495,1.00990485606307,1.01194068449991,0.931560589840108,1.0085967079339,0.5411,0.3741,0.5635,0.00591789696629913,1483.49,5.5,18,50.9,8307.7432648,0.1719819368,11,0.136,85.134696065,4,0.272,0.1027845263,0.0031458294
675,"-88.0848,38.7124",17159,"Illinois, Richland",0.265536723163842,17.889995559221,0.0673729619996194,1062,1.0202421441304,1.01077045116296,0.0207156308851224,22,0.00139567341242149,1.0066678482933,1.01194068449991,0.931560589840108,1.0085967079339,0.5385,0.2101,0.3454,0.0057095730508152,1571.5,4.5,19.8,44.2,8519.2688292,0.1686683598,11.7,0.133,39.002799659,4,0.281,0.0077396435,0.0034891835
676,"-90.5704,41.4661",17161,"Illinois, Rock Island",0.128604674693919,8.85856269646006,0.0688821204792406,9883,1.01042415182775,1.01077045116296,0.020439137913589,202,0.00140789116025565,1.02494450100596,1.01194068449991,0.931560589840108,1.0085967079339,0.4873,0.7972,0.7816,0.0030945726492748,1709.29,5.9,18.3,347.9,7061.0031437,0.165978529,11,0.141,204.83303349,4.3,0.337,0.1044906152,0.006140357
677,"-89.9306,38.47",17163,"Illinois, St. Clair",0.179364787956673,11.2273470747992,0.0625950455644126,16341,1.01340171405999,1.01077045116296,0.0189094914631907,309,0.0011836404797383,1.01469688037576,1.01194068449991,0.931560589840108,1.0085967079339,0.4844,0.6539,0.4499,0.00268904730348312,1866.46,6.6,14.8,374.3,9331.410027,0.1763409496,11.9,0.098,182.52537976,5,0.371,0.3028510796,0.0037845851
678,"-88.5412,37.7533",17165,"Illinois, Saline",0.187181354697742,10.7504392202794,0.0574332803480298,1373,1.01702142239726,1.01077045116296,0.023306627822287,32,0.0013385760896846,1.01416221482281,1.01194068449991,0.931560589840108,1.0085967079339,0.8191,0.3687,0.7934,0.00409938927465908,1330.3,5.1,19.7,62.9,10438.29097,0.1873181196,11.5,0.112,111.72079999,4.3,0.271,0.037856605,0.0047686773
679,"-89.6587,39.7584",17167,"Illinois, Sangamon",0.146614014451353,8.93277637856543,0.06092716587833,11902,1.01039326382514,1.01077045116296,0.0120147874306839,143,0.000732026946782153,1.02415191411056,1.01194068449991,0.931560589840108,1.0085967079339,0.3328,0.4234,0.6361,0.00534942768802343,2134.52,4.2,16.7,243.1,7606.7490617,0.1690159599,11.5,0.112,216.48548531,4.3,0.306,0.1277975715,0.0026926306
680,"-90.6111,40.1572",17169,"Illinois, Schuyler",0.435416666666667,30.2591573765745,0.0694947155060084,480,1.04071907828807,1.01077045116296,0.00833333333333333,4,0.000579122629216737,1.10408951367381,1.01194068449991,0.931560589840108,1.0085967079339,0.6433,0.5014,0.2257,0.00665991023599247,1476.6,13.9,21.3,13.9,9365.2944615,0.1645989113,10.6,0.147,47.122703323,3,0.259,0.0357608224,0.0018821485
681,"-90.4781,39.6429",17171,"Illinois, Scott",0.172043010752688,9.7442143727162,0.0566382460414129,279,1.0079259134456,1.01077045116296,0.003584229390681,1,0.000203004466098254,,1.01194068449991,0.931560589840108,1.0085967079339,0.4019,0.0586,0.0777,,1697.84,4,19.4,17.1,9694.9129411,0.1601112478,10.6,0.137,18.538793473,3,0.282,0.0052781161,0.0022330491
682,"-88.8061,39.3913",17173,"Illinois, Shelby",0.146583850931677,10.8550664642841,0.0740536313877007,1610,1.00787307691451,1.01077045116296,0.0192546583850932,31,0.00142587737454579,1.01993180033091,1.01194068449991,0.931560589840108,1.0085967079339,0.3118,0.0232,0.113,0.0013798813302056,1524.76,4.3,21.5,23.8,6284.4437889,0.1560828073,11.6,0.113,54.685945241,3.7,0.323,0.0034037073,0.0022078101
683,"-89.7975,41.0931",17175,"Illinois, Stark",0.300261096605744,21.1903445734292,0.0705730606228119,383,1.02373585970506,1.01077045116296,0.0182767624020888,7,0.00128984706099134,1,1.01194068449991,0.931560589840108,1.0085967079339,0.2895,0.043,0.014,,1660.87,6.6,21.5,17.7,8831.504967,0.1585907311,11,0.063,18.803560209,3,0.255,0.008291874,0.0023954303
684,"-89.6626,42.3513",17177,"Illinois, Stephenson",0.142857142857143,9.18374187205327,0.0642861931043729,2877,1.01067011689472,1.01077045116296,0.0156412930135558,45,0.00100551918307153,1.00990485606307,1.01194068449991,0.931560589840108,1.0085967079339,0.4354,0.3617,0.4301,0.00223448707349228,1653.66,5.5,21.4,79.2,6968.4383364,0.1616315354,10.7,0.107,107.02735429,4,0.34,0.0994570196,0.0028824883
685,"-89.514,40.5072",17179,"Illinois, Tazewell",0.201984821949796,13.0735747536425,0.0647255304999698,8565,1.01392038059077,1.01077045116296,0.0170461179217747,146,0.00110331902545191,1.01671997881025,1.01194068449991,0.931560589840108,1.0085967079339,0.1092,0.1789,0.2617,0.00113354694395744,2161.86,3.7,17.8,191.3,6842.0137428,0.1530132726,12.1,0.124,149.32462448,4.3,0.325,0.0125748141,0.0032646152
686,"-89.2555,37.4712",17181,"Illinois, Union",0.164073550212164,13.7759040437029,0.0839617599904994,1414,1.01252637301116,1.01077045116296,0.0205091937765205,29,0.00172198800546286,1,1.01194068449991,0.931560589840108,1.0085967079339,0.6557,0.3187,0.7609,0.00279080814678463,1584.56,5.7,20,36.7,9277.4154206,0.1692343091,11.2,0.102,76.291917022,3.7,0.372,0.0123508105,0.0071254676
687,"-87.7338,40.1842",17183,"Illinois, Vermilion",0.207970867893991,13.3843710126813,0.0643569512798479,4943,1.01597310915972,1.01077045116296,0.0151729718794254,75,0.000976486212014686,1.02522041319334,1.01194068449991,0.931560589840108,1.0085967079339,0.7197,0.539,0.7587,0.00581985782360753,1486.35,6.1,18.3,84.3,10669.510821,0.1767373955,11.6,0.165,160.25176817,4,0.409,0.1353279692,0.0039059448
688,"-87.8492,38.4427",17185,"Illinois, Wabash",0.311594202898551,22.3395965018616,0.0716945190059745,828,1.02511937638906,1.01077045116296,0.0108695652173913,9,0.000779288250064941,1,1.01194068449991,0.931560589840108,1.0085967079339,0.3965,0.2773,0.3209,0.00216468958351372,1544,6.2,19.8,44.1,5283.2314942,0.158928839,11.8,0.124,123.43036387,3.7,0.354,0.0083989956,0.0028573903
689,"-90.6147,40.8493",17187,"Illinois, Warren",0.170471841704718,13.1517144199155,0.0771488961953969,1314,1.01341163897581,1.01077045116296,0.0213089802130898,28,0.00164396430248943,1.02850004164983,1.01194068449991,0.931560589840108,1.0085967079339,0.5306,0.6415,0.6756,0.00135039924847346,1626.29,3.4,18.3,29.8,6819.7853654,0.1512656684,10.9,0.175,24.08248151,3.7,0.261,0.0245420385,0.0043447628
690,"-89.4098,38.3531",17189,"Illinois, Washington",0.274611398963731,18.9353340478742,0.0689531975705609,965,1.02018930097458,1.01077045116296,0.0103626943005181,10,0.000714540907466952,1.18767321898012,1.01194068449991,0.931560589840108,1.0085967079339,0.1153,0.1474,0.1716,0.00357270453733476,1783.58,3.6,19.3,25.6,7377.6687999,0.1489822675,11.3,0.107,50.467983485,3.7,0.284,0.008645945,0.0019292605
691,"-88.4259,38.4296",17191,"Illinois, Wayne",0.189285714285714,12.9806514817536,0.0685770266960568,1120,1.01459115727608,1.01077045116296,0.0339285714285714,38,0.00232672054861621,1.0118175820723,1.01194068449991,0.931560589840108,1.0085967079339,0.3809,0.2658,0.5259,0.00336762184668136,1495.16,7.6,20.8,21.3,7328.785175,0.1605691583,11.6,0.14,72.333462982,3.7,0.311,0.0057555719,0.0032451629
692,"-88.1766,38.0871",17193,"Illinois, White",0.268176400476758,16.4654226125137,0.0613977314306623,839,1.02747623188695,1.01077045116296,0.0154946364719905,13,0.000951335528723015,1.01150029829051,1.01194068449991,0.931560589840108,1.0085967079339,0.5025,0.1398,0.5817,,1529.03,5.5,21.5,27.3,9076.972385,0.1598955568,11.6,0.048,110.92211384,3.7,0.294,0.0055616539,0.0038785218
693,"-89.9156,41.7551",17195,"Illinois, Whiteside",0.121361502347418,9.29421493546183,0.0765828928918132,4260,1.00714135193345,1.01077045116296,0.0352112676056338,150,0.00269658073562722,1.00786048070537,1.01194068449991,0.931560589840108,1.0085967079339,0.2962,0.5457,0.2439,0.0024269226620645,1594.11,4.9,19.9,76.3,7402.6533124,0.1523500527,11.2,0.103,106.59008947,4,0.335,0.0146334448,0.0047100277
694,"-87.9786,41.4462",17197,"Illinois, Will",0.163860369609856,10.9502968323439,0.0668269994655573,46265,1.01118991005172,1.01077045116296,0.014525018912785,672,0.000970663431121896,1.01203901870256,1.01194068449991,0.931560589840108,1.0085967079339,0.1557,0.8609,0.1465,0.00132455114038509,2729.85,5.6,12.1,728.2,5835.1399619,0.1307046548,13.3,0.097,236.94176767,5,0.318,0.1164088342,0.0046828733
695,"-88.9299,37.7303",17199,"Illinois, Williamson",0.180290644868302,11.8408494392746,0.0656764495347173,4404,1.01340669575035,1.01077045116296,0.0227066303360581,100,0.0014912908613696,1.01356412343725,1.01194068449991,0.931560589840108,1.0085967079339,0.4459,0.4002,0.4741,0.00642746361250298,1617.96,5.7,18.1,151.9,7656.8957857,0.1609802579,11.6,0.126,101.76732017,5,0.269,0.0448431162,0.0049063469
696,"-89.1609,42.3364",17201,"Illinois, Winnebago",0.133964075140546,10.317479873698,0.0770167663448101,21879,1.00959014535579,1.01077045116296,0.014671602906897,321,0.00112995941298432,1.00971238322091,1.01194068449991,0.931560589840108,1.0085967079339,0.6115,0.7982,0.554,0.00301674522407342,1773.42,6.6,16.6,567.4,9265.1188451,0.1702951657,11.5,0.105,271.14620898,5,0.333,0.1302163819,0.0054667507
697,"-89.2097,40.7858",17203,"Illinois, Woodford",0.238301559792028,14.2994566206484,0.0600057197826483,2308,1.01828935483927,1.01077045116296,0.0155979202772964,36,0.000935964433351533,1.02159147023276,1.01194068449991,0.931560589840108,1.0085967079339,0.0452,0.049,0.0936,0.000467982216675766,2408.75,3.7,16.9,57.7,5981.2743855,0.1356310834,11.9,0.118,39.549952422,4,0.271,0.006499753,0.0027818943
698,"-84.9367,40.7458",18001,"Indiana, Adams",0.222418358340688,14.1430014591986,0.0635873835447301,2266,1.01391992841486,1.0156486542904,0.0123565754633716,28,0.000785722303288809,1.01064309218431,1.01241312432278,0.74140144216616,1.01040653539916,0.6032,0.3865,0.8134,0.000982152879111011,1548.66,18.9,14.9,103.9,7299.5123142,0.2045444489,12.5,0.097,84.129103983,4,0.348,0.0052475025,0.0032270737
699,"-85.068,41.0919",18003,"Indiana, Allen",0.195395120326422,12.5029638924633,0.0639881071317247,24018,1.01384519539153,1.0156486542904,0.0163627279540345,393,0.00104701998929002,1.01669155260783,1.01241312432278,0.74140144216616,1.01040653539916,0.4303,0.7603,0.3878,0.00397494611710106,1793.02,9.4,13.9,593,8340.3839174,0.1977459802,12.6,0.104,162.46093847,5,0.323,0.1157476602,0.004712922
700,"-85.8956,39.2074",18005,"Indiana, Bartholomew",0.237373737373737,13.0629705267483,0.0550312375382161,4554,1.01621704869517,1.0156486542904,0.0153711023276241,70,0.000845890783415707,1.0041496628021,1.01241312432278,0.74140144216616,1.01040653539916,0.2828,0.6632,0.4107,0.00239266250166157,2108.15,9.1,15.6,228,7585.693678,0.1858875406,11.2,0.117,144.49777063,5,0.323,0.0211472696,0.0045315578
701,"-87.3109,40.6063",18007,"Indiana, Benton",0.376623376623377,26.8115104588004,0.0711891829423321,616,1.03143703063078,1.0156486542904,0.00487012987012987,3,0.000346700566277592,1,1.01241312432278,0.74140144216616,1.01040653539916,0.4971,0.2572,0.0541,,1552.22,10.4,17.1,17.9,6742.4090547,0.20870573,11,0.154,28.833108873,3,0.332,0.007165145,0.0030047382
702,"-85.325,40.4739",18009,"Indiana, Blackford",0.257772020725389,16.6806370494552,0.0647108130762783,772,1.01533243822804,1.0156486542904,0.0259067357512953,20,0.00167644593461861,1.01516534655549,1.01241312432278,0.74140144216616,1.01040653539916,0.515,0.043,0.2795,0.00125733445096396,1312.71,7,20.7,64.7,10341.783989,0.1970892534,11.7,0.233,20.853095327,2.3,0.342,0.0066219614,0.0028499581
703,"-86.4684,40.0509",18011,"Indiana, Boone",0.25,13.0300452245556,0.0521201808982224,3492,1.0199998151594,1.0156486542904,0.0160366552119129,56,0.000835833370647323,1,1.01241312432278,0.74140144216616,1.01040653539916,0.0073,0.4046,0.1242,0.000776130987029657,3096.58,5.4,12.6,142.1,6094.4753114,0.1608657187,12,0.098,192.2406878,4.3,0.276,0.0193137211,0.002806012
704,"-86.2287,39.1961",18013,"Indiana, Brown",0.305816135084428,10.6997505579625,0.0349875278981226,533,1.02094831054221,1.0156486542904,0.0150093808630394,8,0.000525141131679139,1.04195362743721,1.01241312432278,0.74140144216616,1.01040653539916,0.165,0.1611,0.1044,,2018.03,11.2,23.2,37.9,8071.8632231,0.1872041058,10.8,0.078,17.733728768,3,0.312,0.0057765524,0.0065642641
705,"-86.562,40.5808",18015,"Indiana, Carroll",0.291346153846154,15.0544045312267,0.051671883539524,1040,1.02616271454992,1.0156486542904,0.0134615384615385,14,0.000695583047647439,1.01064309218431,1.01241312432278,0.74140144216616,1.01040653539916,0.2745,0.2814,0.05,,1840.46,10.3,18.8,44.8,6706.142507,0.1834135342,11.6,0.109,55.826785273,3.7,0.372,0.0063596164,0.0037263378
706,"-86.3483,40.7614",18017,"Indiana, Cass",0.151089054314861,14.4381504413121,0.0955605322091951,3627,1.0100413089577,1.0156486542904,0.00992555831265509,36,0.000948491634830721,1.01696850489722,1.01241312432278,0.74140144216616,1.01040653539916,0.6484,0.7943,0.5088,0.00666578843367145,1491.46,10.5,17.1,89.9,9918.8885725,0.2063817315,12,0.183,61.439475468,4,0.321,0.015544724,0.0110920827
707,"-85.7051,38.4802",18019,"Indiana, Clark",0.207856933450601,12.0824812542604,0.0581288343558282,6822,1.01610893101381,1.0156486542904,0.0134857812958077,92,0.000783912747102931,1.00801487111213,1.01241312432278,0.74140144216616,1.01040653539916,0.3175,0.5202,0.2541,0.00236877982276755,1730.83,8.5,15,295.7,9764.5106296,0.2222607816,12,0.115,319.88413636,5,0.368,0.0786468984,0.0041411043
708,"-87.1172,39.3956",18021,"Indiana, Clay",0.168546365914787,10.2789453572793,0.0609858616736721,1596,1.0107405505382,1.0156486542904,0.0169172932330827,27,0.00103171570500573,1.00540603558491,1.01241312432278,0.74140144216616,1.01040653539916,0.4188,0.1802,0.2477,0.000955292319449752,1641.72,5.4,17.3,60.4,9548.0871411,0.1998800344,11.2,0.166,138.86281595,4,0.357,0.0068016813,0.002865877
709,"-86.4728,40.3032",18023,"Indiana, Clinton",0.269215913480108,21.6124031007752,0.0802790697674419,2589,1.02168424147877,1.0156486542904,0.0108149864812669,28,0.000868217054263566,1.01632157731989,1.01241312432278,0.74140144216616,1.01040653539916,0.4949,0.752,0.453,0.000775193798449612,1665.94,10.6,16,74,9043.1517661,0.197675187,11.5,0.166,54.357164561,4,0.384,0.0064496124,0.0052093023
710,"-86.4452,38.2881",18025,"Indiana, Crawford",0.322105263157895,14.4913809433605,0.0449895813601061,475,1.0270690135074,1.0156486542904,0.0126315789473684,6,0.000568289448759235,1.16993081275869,1.01241312432278,0.74140144216616,1.01040653539916,0.6395,0.07,0.27,,1197.67,7.2,18.9,28.8,11508.084954,0.2276394582,11.6,0.141,4.1940931985,3,0.295,0.0050198901,0.0054934647
711,"-87.0719,38.7019",18027,"Indiana, Daviess",0.168922305764411,10.1668325942016,0.0601864422119649,1995,1.01021516647554,1.0156486542904,0.0300751879699248,60,0.00181011856276586,1.01250777270301,1.01241312432278,0.74140144216616,1.01040653539916,0.622,0.4846,0.8586,0.00241349141702115,1613.46,23.3,15,70.9,8047.8724292,0.2004238084,12.1,0.096,50.162750759,4,0.366,0.0203940025,0.0037710803
712,"-84.9733,39.1465",18029,"Indiana, Dearborn",0.229624838292367,14.3237572627502,0.0623789541639768,3092,1.01848102022917,1.0156486542904,0.0119663648124191,37,0.000746449322143318,1.01647863522043,1.01241312432278,0.74140144216616,1.01040653539916,0.2516,0.0357,0.1226,0.00177533892834087,2167.86,5.9,16.5,134,8278.8080153,0.2008738212,11.8,0.084,121.70561423,5,0.337,0.0064154293,0.0023402195
713,"-85.5009,39.3071",18031,"Indiana, Decatur",0.231932773109244,15.4512204224826,0.0666193924012839,1785,1.01767243894153,1.0156486542904,0.0280112044817927,50,0.00186608942300515,1.01198288474998,1.01241312432278,0.74140144216616,1.01040653539916,0.3306,0.1493,0.1706,0.000933044711502575,1545.14,6.9,16,78.6,7815.5365582,0.1844140507,11.4,0.12,125.00499777,4,0.335,0.0055982683,0.0025378816
714,"-84.9991,41.398",18033,"Indiana, DeKalb",0.243737574552684,14.1812797853144,0.0581825753019016,2515,1.0168097478774,1.0156486542904,0.0159045725646123,40,0.000925368990885115,1.00735452613864,1.01241312432278,0.74140144216616,1.01040653539916,0.3096,0.1414,0.1971,0.00129551658723916,1694.01,9,15.5,124.7,7249.1464764,0.197943243,12.4,0.071,72.120805677,4,0.303,0.0042566974,0.0030537177
715,"-85.3973,40.2279",18035,"Indiana, Delaware",0.196901626646011,11.0741295786429,0.0562419405429896,6455,1.01403457669535,1.0156486542904,0.018280402788536,118,0.00102812532673474,1.01139829139868,1.01241312432278,0.74140144216616,1.01040653539916,0.6866,0.347,0.7011,0.00344160596661207,1608.51,9,16.6,298.5,10784.622144,0.2096442658,11.5,0.108,124.54240954,5,0.341,0.0695204405,0.0029188304
716,"-86.8792,38.366",18037,"Indiana, Dubois",0.261319917135247,20.7447433337249,0.0793844708093504,3379,1.02012998968323,1.0156486542904,0.0100621485646641,34,0.000798778339010924,1,1.01241312432278,0.74140144216616,1.01040653539916,0.1863,0.4982,0.3047,0.00288969810877482,1871.97,5.8,16.5,113.2,5950.9838178,0.1695628578,11.9,0.121,143.02069752,4,0.295,0.0063667332,0.0026312698
717,"-85.8588,41.5976",18039,"Indiana, Elkhart",0.134805457788921,13.6018680677175,0.100899980540961,20741,1.00895646533416,1.0156486542904,0.0134034038860229,278,0.00135240319128235,1.0141262783847,1.01241312432278,0.74140144216616,1.01040653539916,0.5567,0.8077,0.7966,0.00189725627553999,1899.54,15.2,14,497.3,7468.4360681,0.1988599883,13.1,0.126,179.02883955,5,0.336,0.0567425569,0.0064214828
718,"-85.178,39.6368",18041,"Indiana, Fayette",0.161702127659574,13.1904369332234,0.0815724389291448,1880,1.01211669183123,1.0156486542904,0.0218085106382979,41,0.00177897340217816,1.00353374509136,1.01241312432278,0.74140144216616,1.01040653539916,0.6933,0.1229,0.5883,0.00429556992233262,1385.63,10.5,19.2,100.4,13591.764933,0.2289565248,11.2,0.119,204.86720148,3.7,0.373,0.0137978913,0.0037748948
719,"-85.9039,38.3212",18043,"Indiana, Floyd",0.20337773549001,10.9924017433563,0.0540491893907252,4204,1.01370196706549,1.0156486542904,0.0195052331113225,82,0.00105424203854412,1.00353374509136,1.01241312432278,0.74140144216616,1.01040653539916,0.2022,0.333,0.205,0.00304701662359702,2135.17,5.6,15.2,484.6,8183.746377,0.2165764105,12,0.143,343.89890515,5,0.347,0.0535606382,0.0036384207
720,"-87.2422,40.1236",18045,"Indiana, Fountain",0.308681672025723,23.4848021527735,0.0760809736407559,1244,1.02203121692778,1.0156486542904,0.0120578778135048,15,0.000917375084092716,1.07570373984278,1.01241312432278,0.74140144216616,1.01040653539916,0.4341,0.2101,0.0818,,1548.19,9.2,19.3,37.8,8543.2814204,0.2056895026,11.1,0.144,17.086575436,3.7,0.323,0.0049538255,0.0036695003
721,"-85.0606,39.4142",18047,"Indiana, Franklin",0.224385245901639,9.6323011963406,0.0429275158339198,976,1.01891847315701,1.0156486542904,0.0286885245901639,28,0.00123152709359606,1,1.01241312432278,0.74140144216616,1.01040653539916,0.2682,0.12,0.099,,1804.62,5.6,17.1,43.3,6212.8329938,0.1942151505,11.4,0.112,54.873374556,4,0.372,0.0030788177,0.0027269529
722,"-86.2625,41.047",18049,"Indiana, Fulton",0.232900432900433,13.3884132988254,0.0574855663945849,1155,1.01412329191848,1.0156486542904,0.019047619047619,22,0.00109496316942067,1.01370885629547,1.01241312432278,0.74140144216616,1.01040653539916,0.4787,0.4082,0.1933,0.00124427632888712,1441.61,11.6,18.6,47.8,9435.9847909,0.1951865567,12,0.085,83.614754209,3.7,0.383,0.0077642843,0.0090085606
723,"-87.5805,38.3039",18051,"Indiana, Gibson",0.215900233826968,16.5610426880306,0.0767069233528638,2566,1.01214956557087,1.0156486542904,0.0175370226032736,45,0.00134521104866675,1.04085567353022,1.01241312432278,0.74140144216616,1.01040653539916,0.2178,0.1318,0.6667,0.000747339471481526,1764.81,7,16.9,78.1,8673.0796127,0.192230856,12.2,0.109,120.17661532,4.3,0.291,0.0204173144,0.0032882937
724,"-85.6547,40.5159",18053,"Indiana, Grant",0.266451452694313,16.2733559815579,0.0610743751516622,4027,1.02003100414487,1.0156486542904,0.0153960764837348,62,0.000940305751031303,1.01464661052734,1.01241312432278,0.74140144216616,1.01040653539916,0.7774,0.2541,0.6673,0.00488352341664644,1428.32,9,18.3,168.7,11126.088231,0.2154469652,12,0.163,132.79354864,4,0.373,0.0700527785,0.0042617083
725,"-86.9622,39.0363",18055,"Indiana, Greene",0.28005284015852,13.247516090733,0.0473036305692683,1514,1.02167234303793,1.0156486542904,0.035667107001321,54,0.00168718365306505,1,1.01241312432278,0.74140144216616,1.01040653539916,0.543,0.2066,0.4378,0.000781103543085671,1470.68,8.5,18.9,48.4,8254.5255365,0.2094773882,10.9,0.124,66.009777815,3.7,0.383,0.0026245079,0.0038742736
726,"-86.0524,40.0731",18057,"Indiana, Hamilton",0.260336664913204,14.9930624140376,0.0575910520288652,19010,1.0193181227467,1.0156486542904,0.0110994213571804,211,0.000639227352871676,1.01896361197246,1.01241312432278,0.74140144216616,1.01040653539916,0.0032,0.5511,0.035,0.0018813278963664,3408.9,5,11.4,769.8,4147.8708181,0.1330763399,11.6,0.081,186.23677177,5,0.26,0.0426010191,0.002229722
727,"-85.7757,39.823",18059,"Indiana, Hancock",0.291779807454949,15.4811331875156,0.0530575892915613,4051,1.02089724435896,1.0156486542904,0.0175265366576154,71,0.000929915783683252,1.00831830034021,1.01241312432278,0.74140144216616,1.01040653539916,0.0312,0.2544,0.0271,0.000890623567471284,2283.89,7.1,15.6,204.3,6289.5470654,0.1677372943,11.9,0.132,95.980262346,5,0.376,0.028107032,0.0030778903
728,"-86.1095,38.1947",18061,"Indiana, Harrison",0.242751842751843,12.2428748451053,0.0504337050805452,2035,1.01679906363534,1.0156486542904,0.0137592137592138,28,0.000693928128872367,1.01064309218431,1.01241312432278,0.74140144216616,1.01040653539916,0.4121,0.0933,0.1356,0.000619578686493185,1660.87,7.1,16.9,70.7,8113.7258677,0.2009713257,12.3,0.118,20.706104996,4,0.381,0.006394052,0.0032218092
729,"-86.5104,39.7672",18063,"Indiana, Hendricks",0.257867230067831,13.8854792256705,0.0538473974456466,8993,1.01879494542985,1.0156486542904,0.0203491604581341,183,0.00109574933087438,1.01402578899911,1.01241312432278,0.74140144216616,1.01040653539916,0.0414,0.5403,0.0802,0.00171847026208168,2447.97,6.4,13,358.3,5515.9817485,0.1605219198,12.2,0.105,88.989026867,5,0.315,0.0722236526,0.0030836661
730,"-85.3963,39.9303",18065,"Indiana, Henry",0.219483219483219,15.309399018044,0.0697520250253776,3367,1.01759570347445,1.0156486542904,0.0136620136620137,46,0.000952953118849827,1.01308078292908,1.01241312432278,0.74140144216616,1.01040653539916,0.5729,0.1057,0.3457,0.00186447349340184,1492.73,7.7,18.3,103,9012.3088878,0.2061776335,11,0.156,79.872969094,4,0.295,0.0268484183,0.0020716372
731,"-86.1135,40.4853",18067,"Indiana, Howard",0.289912034437582,18.8063035718622,0.0648689993443897,5343,1.02286394806896,1.0156486542904,0.0164701478570092,88,0.00106840201053833,1.01013928156764,1.01241312432278,0.74140144216616,1.01040653539916,0.5086,0.4046,0.2509,0.00271956875409756,1600.77,7.7,18.6,304.7,10929.886245,0.2119177525,11.6,0.159,59.409732008,5,0.351,0.0747759998,0.0040186485
732,"-85.4882,40.8291",18069,"Indiana, Huntington",0.269791666666667,14.2935982339956,0.0529801324503311,1920,1.02126821886141,1.0156486542904,0.009375,18,0.000496688741721854,1.05963402266705,1.01241312432278,0.74140144216616,1.01040653539916,0.265,0.1455,0.2512,0.000993377483443709,1598.13,7.8,16.5,90.6,7548.9592121,0.1879551025,12.3,0.141,105.95163691,4,0.374,0.0068984547,0.0056567329
733,"-86.0385,38.9092",18071,"Indiana, Jackson",0.259201006605851,18.6801478089365,0.0720681916075355,3179,1.01675161367608,1.0156486542904,0.0128971374646115,41,0.000929473373988348,1.01091426025064,1.01241312432278,0.74140144216616,1.01040653539916,0.5484,0.5514,0.3722,0.00210831765319308,1573.23,9.7,15.7,89.5,9738.0258854,0.2195535614,11.3,0.142,153.97853722,4,0.305,0.0105415883,0.0037405636
734,"-87.1155,41.0208",18073,"Indiana, Jasper",0.240623477837311,14.8037159124963,0.0615223254420138,2053,1.0163244061638,1.0156486542904,0.011690209449586,24,0.000719208870242733,1.05049651792412,1.01241312432278,0.74140144216616,1.01040653539916,0.3162,0.3658,0.2241,0.00137848366796524,1851.61,7.2,16.9,56.4,8596.3068166,0.1949197312,12,0.116,33.371456038,4,0.357,0.0079112976,0.0034462092
735,"-85.0058,40.4378",18075,"Indiana, Jay",0.227810650887574,14.8333654401849,0.0651126950491235,1352,1.01466575682604,1.0156486542904,0.014792899408284,20,0.000963205548063957,1.01516534655549,1.01241312432278,0.74140144216616,1.01040653539916,0.6844,0.2232,0.6348,0.00168560970911192,1359.97,10.8,17.1,52.4,11131.2175,0.2197681384,12.1,0.187,69.925218872,3.7,0.348,0.0047197072,0.0019745714
736,"-85.4363,38.7858",18077,"Indiana, Jefferson",0.233060747663551,12.3882265275708,0.0531544957774466,1712,1.01829069231,1.0156486542904,0.0134345794392523,23,0.000714108296075509,1.02016664537273,1.01241312432278,0.74140144216616,1.01040653539916,0.493,0.2165,0.5645,0.0022354694485842,1456.23,7.3,16.8,87,9335.7225393,0.2305765877,11.3,0.109,149.86053472,4,0.35,0.0189393939,0.0033842524
737,"-85.6271,38.9959",18079,"Indiana, Jennings",0.298924731182796,15.102676469523,0.0505233421462461,1395,1.02469653915949,1.0156486542904,0.0164874551971326,23,0.000833001340045634,1.03563782609416,1.01241312432278,0.74140144216616,1.01040653539916,0.5404,0.1375,0.3734,0.000615696642642425,1477.39,10,15.7,62.4,12633.401948,0.2176623884,11.3,0.165,102.51412789,3.7,0.395,0.0080402738,0.0024265691
738,"-86.1015,39.4899",18081,"Indiana, Johnson",0.266617585191418,16.2265962554009,0.06086093775004,9508,1.01900549341667,1.0156486542904,0.0205090450147244,195,0.00124819971195391,1.01070005870847,1.01241312432278,0.74140144216616,1.01040653539916,0.1232,0.3773,0.1891,0.00113298127700432,2384.82,7.2,14.2,413.2,6775.2697038,0.1825089554,12.1,0.1,191.64043903,5,0.314,0.0226212194,0.0030596896
739,"-87.4195,38.6886",18083,"Indiana, Knox",0.219531560142914,14.9884808239599,0.0682748339883453,2519,1.01600611599861,1.0156486542904,0.0127034537514887,32,0.000867326195961512,1.02456823630199,1.01241312432278,0.74140144216616,1.01040653539916,0.5672,0.1684,0.7638,0.00474319013416452,1520.06,7.9,17.1,75.3,9719.5892727,0.2039625825,12.2,0.178,117.77949665,4,0.344,0.0286759724,0.003387993
740,"-85.8631,41.2452",18085,"Indiana, Kosciusko",0.189922480620155,14.2039725751159,0.0747882637628554,5934,1.01383093694905,1.0156486542904,0.0096056622851365,57,0.000718390804597701,1.01601628385513,1.01241312432278,0.74140144216616,1.01040653539916,0.3255,0.596,0.6202,0.000907441016333938,2023.6,10.7,15.8,145.2,6926.0951619,0.1903508964,12.8,0.133,95.954801091,4,0.344,0.0099692478,0.004209518
741,"-85.4267,41.6423",18087,"Indiana, LaGrange",0.167035398230089,7.67861683193491,0.0459699974574116,1808,1.01080290293594,1.0156486542904,0.0221238938053097,40,0.00101703534197813,1.01925902092718,1.01241312432278,0.74140144216616,1.01040653539916,0.4541,0.5256,0.44,0.000635647088736334,1953.9,39.2,13.2,99.9,6289.7499829,0.1886517448,12.7,0.103,43.797076591,4,0.37,0.0044749555,0.0030002543
742,"-87.3828,41.4187",18089,"Indiana, Lake",0.173657862938029,12.4604932588236,0.0717531187359494,34758,1.0119573889961,1.0156486542904,0.0151619770987974,527,0.00108791914304176,1.00898913116421,1.01241312432278,0.74140144216616,1.01040653539916,0.6162,0.8742,0.504,0.00532812012939425,1790.97,8.6,15.7,956.6,9257.3033485,0.186478692,14.3,0.131,416.56700247,5,0.355,0.2337477886,0.0055139128
743,"-86.7407,41.5437",18091,"Indiana, LaPorte",0.195691202872531,10.8993064077741,0.0556964556800931,6127,1.01389098151774,1.0156486542904,0.0189325934388771,116,0.00105447835137764,1.01026070714042,1.01241312432278,0.74140144216616,1.01040653539916,0.649,0.5285,0.9051,0.00454516530766224,1621,8.7,16.8,167.5,9594.928881,0.2268348124,12.4,0.129,219.52068056,4,0.369,0.1124928414,0.0046542493
744,"-86.4836,38.8411",18093,"Indiana, Lawrence",0.25701858442072,14.233161075589,0.0553779451694841,2529,1.02077316623321,1.0156486542904,0.0217477263740609,55,0.00120434439870369,1.00804496919444,1.01241312432278,0.74140144216616,1.01040653539916,0.4182,0.0834,0.1917,0.00109485854427608,1559.65,8.4,19.2,91.1,8066.7963101,0.1917238145,11.1,0.159,107.05109655,4,0.322,0.0049268634,0.0044670229
745,"-85.7196,40.1614",18095,"Indiana, Madison",0.244835287548855,13.5296703974823,0.0552602957397737,7164,1.02039061621862,1.0156486542904,0.0195421552205472,140,0.00107990527688,1.01175859771904,1.01241312432278,0.74140144216616,1.01040653539916,0.6264,0.4744,0.5877,0.00292345785669657,1484.84,8.8,17.6,254.6,9495.0940385,0.2163869554,11.4,0.173,146.03148224,5,0.388,0.0838392175,0.0041113537
746,"-86.1383,39.7816",18097,"Indiana, Marion",0.218966793479196,13.3239758241068,0.0608492987105492,58091,1.01630188409643,1.0156486542904,0.0165602244753921,962,0.00100767804581688,1.00718143303686,1.01241312432278,0.74140144216616,1.01040653539916,0.6793,0.908,0.6839,0.00396367331119654,1736.63,11.3,12,2725.3,9933.4945078,0.1924161998,12.8,0.118,688.84851342,5,0.325,0.2816533462,0.0045324562
747,"-86.2619,41.3247",18099,"Indiana, Marshall",0.199848980619179,17.1683099809722,0.085906417574814,3973,1.01274298004825,1.0156486542904,0.0153536370500881,61,0.001318975955717,1.02306631254229,1.01241312432278,0.74140144216616,1.01040653539916,0.5197,0.6358,0.6886,0.00155682407887909,1671.48,13,17,102.4,6876.5981312,0.207959188,12.7,0.121,87.14048745,4,0.414,0.0063354091,0.00380557
748,"-86.8037,38.71",18101,"Indiana, Martin",0.210743801652893,9.98336106489185,0.0473720270138005,484,1.01874432976704,1.0156486542904,0.0165289256198347,8,0.00078300871097191,1.04195362743721,1.01241312432278,0.74140144216616,1.01040653539916,0.3997,0.0092,0.2178,,1573.14,9.2,18.5,40.8,6864.4437328,0.204381285,11.4,0.086,103.14697074,3,0.425,0.0029362827,0.0038171675
749,"-86.0453,40.7694",18103,"Indiana, Miami",0.222173339199296,14.1985548401608,0.063907554755813,2273,1.01471951162799,1.0156486542904,0.00967883853937528,22,0.000618550903927798,1.02116420457606,1.01241312432278,0.74140144216616,1.01040653539916,0.7146,0.283,0.5377,0.000702898754463407,1379.75,9.5,16.9,78.3,7544.5877059,0.2402131255,12.1,0.101,63.780092495,4,0.367,0.0483875503,0.0095594231
750,"-86.5241,39.1613",18105,"Indiana, Monroe",0.190998268897865,9.01189106774573,0.0471831033849044,6932,1.0137276594787,1.0156486542904,0.00980957876514714,68,0.000462846369038301,1.02298367390423,1.01241312432278,0.74140144216616,1.01040653539916,0.5573,0.5756,0.8921,0.00223935963843531,1773.83,7.7,12.2,380.4,5849.6801599,0.1992325154,10.4,0.065,251.79444146,4.3,0.253,0.0347475105,0.0031582458
751,"-86.8934,40.0403",18107,"Indiana, Montgomery",0.297910990009083,17.1073906013665,0.0574245032076357,2202,1.02214425924775,1.0156486542904,0.0154405086285195,34,0.000886663537265947,1.01804126125684,1.01241312432278,0.74140144216616,1.01040653539916,0.3054,0.4826,0.4234,0.00268606895112919,1716.31,9.5,17.5,75.1,8838.6181819,0.1959130503,11.3,0.152,150.00567704,4,0.254,0.0096229072,0.004381161
752,"-86.4457,39.479",18109,"Indiana, Morgan",0.315064390536089,15.0037081407953,0.047621085059045,3339,1.02578351821042,1.0156486542904,0.0164719976040731,55,0.00078441439899595,1.02270909647681,1.01241312432278,0.74140144216616,1.01040653539916,0.4076,0.1105,0.2149,0.00295225055622112,1880.39,8.1,15.9,132.2,8017.8688888,0.1947825611,11.8,0.113,126.29691042,4.3,0.359,0.0048348451,0.0033088026
753,"-87.3964,40.9561",18111,"Indiana, Newton",0.194520547945205,10.1348940118478,0.0521019199200628,730,1.01428546061971,1.0156486542904,0.0232876712328767,17,0.00121333238170009,1.00869827228079,1.01241312432278,0.74140144216616,1.01040653539916,0.5994,0.4741,0.042,,1665.08,8.7,18.3,28.4,10826.707433,0.2073030858,11.7,0.168,46.405758289,3,0.306,0.0074227393,0.005495682
754,"-85.4197,41.3967",18113,"Indiana, Noble",0.207474985285462,14.8321131027518,0.0714886813094336,3398,1.01273241814043,1.0156486542904,0.0150088287227781,51,0.00107296137339056,1.00283295200246,1.01241312432278,0.74140144216616,1.01040653539916,0.3959,0.6278,0.4371,0.000652192207355045,1677.54,8,15,111.3,7802.7397121,0.1893576881,12.8,0.113,67.698316328,4,0.382,0.0088782294,0.0039762686
755,"-84.9652,38.9553",18115,"Indiana, Ohio",0.170648464163823,8.55578370978782,0.0501368925393566,293,1.01390671108433,1.0156486542904,0.0238907849829352,7,0.00119780971937029,1,1.01241312432278,0.74140144216616,1.01040653539916,0.1678,0.0118,0.1207,,1549.55,5.8,20.6,53.8,7025.5488277,0.1673697631,11.4,0.064,75.129576363,3,0.356,0.0053045859,0.0025667351
756,"-86.4952,38.5412",18117,"Indiana, Orange",0.246589716684155,12.0580840474114,0.048899379136949,953,1.01888849997098,1.0156486542904,0.0293809024134313,28,0.00143670788650008,1,1.01241312432278,0.74140144216616,1.01040653539916,0.6226,0.0933,0.7039,0.00123146390271435,1232.04,8.7,18.6,46.1,9168.2251632,0.2119653928,11.4,0.131,126.54059204,3.7,0.355,0.0141618349,0.0044127457
757,"-86.839,39.3115",18119,"Indiana, Owen",0.34493041749503,16.6466778603982,0.0482609738546414,1006,1.03180609402627,1.0156486542904,0.0149105367793241,15,0.000719597025665627,1.03239118471,1.01241312432278,0.74140144216616,1.01040653539916,0.636,0.1082,0.242,,1439.2,11.4,18.4,45.6,9405.2810717,0.2049193059,10.8,0.154,77.718140214,3,0.316,0.0048932598,0.0039817702
758,"-87.2038,39.772",18121,"Indiana, Parke",0.379241516966068,22.4493412890648,0.0591953683464288,1002,1.03250162450803,1.0156486542904,0.00698602794411178,7,0.000413540497430141,1.02226578920968,1.01241312432278,0.74140144216616,1.01040653539916,0.601,0.291,0.8698,,1468.13,15.1,18.3,30.3,7527.0820314,0.2204881295,11.1,0.081,46.189592892,3,0.297,0.0256395108,0.0047852543
759,"-86.6374,38.0781",18123,"Indiana, Perry",0.142005958291956,7.4861271071092,0.0527169929850277,1007,1.01049979951829,1.0156486542904,0.0208540218470705,21,0.00109936132342163,1,1.01241312432278,0.74140144216616,1.01040653539916,0.3717,0.0926,0.5205,0.00130876348026385,1449.06,5.9,17.8,46.2,8223.5916724,0.2074492461,12.1,0.101,166.42849952,4,0.357,0.0282169406,0.0036121872
760,"-87.2357,38.4011",18125,"Indiana, Pike",0.236209335219236,13.4568896051571,0.0569701853344077,707,1.01455145812659,1.0156486542904,0.0311173974540311,22,0.00177276390008058,1.0066678482933,1.01241312432278,0.74140144216616,1.01040653539916,0.3732,0.0334,0.1601,,1598.87,3.7,19.6,31.5,8294.0985381,0.1978015551,12.3,0.191,89.366728082,3,0.384,0.0051571313,0.0042707494
761,"-87.0685,41.4599",18127,"Indiana, Porter",0.183679192372406,11.5864948052408,0.063080061794639,10698,1.01186777737431,1.0156486542904,0.0106561974200785,114,0.000672193591754425,1.02035855033694,1.01241312432278,0.74140144216616,1.01040653539916,0.1462,0.4677,0.2273,0.0017748269396323,2205.44,6.3,15.5,372.2,7029.6704868,0.1878441902,12.7,0.106,128.36949169,5,0.335,0.0389872283,0.0036852719
762,"-87.8648,38.021",18129,"Indiana, Posey",0.179833012202954,10.9631949882537,0.0609631949882537,1557,1.01142298301229,1.0156486542904,0.0141297366730893,22,0.000861393891934221,1,1.01241312432278,0.74140144216616,1.01040653539916,0.1417,0.0175,0.0404,,2042.7,4.5,17.4,54.8,6897.1456849,0.1870113333,12.1,0.131,9.9192073725,4,0.313,0.0096319499,0.0028582616
763,"-86.6989,41.0417",18131,"Indiana, Pulaski",0.310452418096724,15.9595797577993,0.05140749057663,641,1.02318036676341,1.0156486542904,0.0374414976599064,24,0.00192477343812655,1.01925902092718,1.01241312432278,0.74140144216616,1.01040653539916,0.529,0.0471,0.0856,0.00200497233138183,1481.48,7.7,18.6,28.2,10219.654077,0.1897450889,11.7,0.093,69.588006582,3,0.312,0.0090624749,0.0049723314
764,"-86.8452,39.6644",18133,"Indiana, Putnam",0.289778714436249,14.5583525238889,0.0502395510733476,1898,1.02324413611548,1.0156486542904,0.0173867228661749,33,0.000873501151433336,1,1.01241312432278,0.74140144216616,1.01040653539916,0.3968,0.3362,0.7186,0.000661743296540406,1855.57,8,15.8,71.4,7269.1000269,0.190136371,11.2,0.12,75.529560361,4,0.305,0.0370046851,0.0035734138
765,"-85.0114,40.1573",18135,"Indiana, Randolph",0.197336561743341,13.1181843788982,0.0664761981409199,1652,1.01543875502332,1.0156486542904,0.0169491525423729,28,0.00112671522272746,1.01632157731989,1.01241312432278,0.74140144216616,1.01040653539916,0.586,0.3521,0.1067,0.00100599573457809,1401.67,11,19.3,49.7,10621.410664,0.2136272386,11.8,0.137,74.963388871,3.7,0.36,0.0069614905,0.0045068609
766,"-85.2621,39.1024",18137,"Indiana, Ripley",0.253694581280788,18.0556042492024,0.0711706342250114,2030,1.01684332412832,1.0156486542904,0.0157635467980296,32,0.00112190162325141,1.02456823630199,1.01241312432278,0.74140144216616,1.01040653539916,0.3815,0.2044,0.6937,0.000876485643165165,1743.33,7.3,17,62.7,8525.4632157,0.1848240646,11.4,0.133,74.484238757,3.7,0.316,0.0045577253,0.0035059426
767,"-85.4656,39.62",18139,"Indiana, Rush",0.298932384341637,15.123327131969,0.0505911300486107,843,1.02380527258627,1.0156486542904,0.0118623962040332,10,0.00060013202904639,1.03239118471,1.01241312432278,0.74140144216616,1.01040653539916,0.6194,0.1579,0.0799,0.00150033007261598,1609.43,12.1,17.5,35.6,8574.2667427,0.2135309306,11.3,0.116,80.248884297,3.7,0.297,0.0097221389,0.003540779
768,"-86.2904,41.6176",18141,"Indiana, St. Joseph",0.186511971896089,14.9018912660514,0.0798977733952307,21634,1.01143407921225,1.0156486542904,0.0131737080521401,285,0.00105254994072482,1.01432007747726,1.01241312432278,0.74140144216616,1.01040653539916,0.4825,0.7071,0.7157,0.00287696983798117,1842.94,9.1,15.1,603.6,8247.3543194,0.1904198845,12.8,0.097,263.5114514,5,0.33,0.1321448752,0.0056542244
769,"-85.7463,38.6867",18143,"Indiana, Scott",0.259190031152648,17.4218946310411,0.0672166848144736,1605,1.02075823178649,1.0156486542904,0.0186915887850467,30,0.00125638663204623,1.01516534655549,1.01241312432278,0.74140144216616,1.01040653539916,0.6653,0.049,0.3894,0.00104698886003853,1343.63,8.9,16.2,110.5,13106.266455,0.2083091615,11.4,0.141,113.16162957,4,0.328,0.0046486305,0.0032666052
770,"-85.7916,39.5231",18145,"Indiana, Shelby",0.278439869989166,17.2897091471756,0.0620949476375216,2769,1.02340476539987,1.0156486542904,0.0241964608161791,67,0.00150247796739399,1.00883276539333,1.01241312432278,0.74140144216616,1.01040653539916,0.3146,0.3782,0.1929,0.000897001771578499,1693.62,7.1,16.2,102.7,9407.7754482,0.2058748183,11.8,0.171,196.79424116,4.3,0.366,0.0122216491,0.003543157
771,"-87.008,38.0152",18147,"Indiana, Spencer",0.195208518189885,10.8230432429773,0.0554434987947066,1127,1.01421098605119,1.0156486542904,0.00887311446317657,10,0.000491956511044424,1.01516534655549,1.01241312432278,0.74140144216616,1.01040653539916,0.2041,0.1888,0.1073,,1800.93,5.1,18.6,45.9,7132.7316191,0.1758056757,12.1,0.079,36.925829347,3,0.354,0.0075761303,0.0026565652
772,"-86.6469,41.2789",18149,"Indiana, Starke",0.253477588871716,14.3012862437323,0.0564203182908219,1294,1.01813870442992,1.0156486542904,0.0224111282843895,29,0.0012644429910617,1.00502563202403,1.01241312432278,0.74140144216616,1.01040653539916,0.6959,0.2954,0.0971,0.00231087856987138,1385.94,6.5,17.4,60.1,10358.105667,0.2277491652,12.3,0.096,36.930064192,3.7,0.326,0.0040985394,0.004883366
773,"-85.001,41.6442",18151,"Indiana, Steuben",0.24188075618032,14.4278031573469,0.0596484126525184,2063,1.02064792993079,1.0156486542904,0.00775569558894813,16,0.000462614930896895,1,1.01241312432278,0.74140144216616,1.01040653539916,0.2519,0.3728,0.467,0.000722835829526398,1769.32,8.8,18.8,103.9,5660.674836,0.1925401472,12,0.084,70.373382304,4,0.296,0.0067657434,0.0036430926
774,"-87.4141,39.0895",18153,"Indiana, Sullivan",0.252136752136752,17.109714838086,0.0678588690188497,1404,1.02171224000784,1.0156486542904,0.014957264957265,21,0.00101498308361527,1.02226578920968,1.01241312432278,0.74140144216616,1.01040653539916,0.5669,0.1913,0.9357,0.00120831319478009,1520.85,11.6,16.8,40.6,9866.0219528,0.2106520015,11.5,0.198,51.491160914,4,0.306,0.0465442243,0.0034316095
775,"-85.0302,38.8277",18155,"Indiana, Switzerland",0.291666666666667,10.4506858262573,0.0358309228328823,384,1.03057961523168,1.0156486542904,0.0130208333333333,5,0.000466548474386489,1,1.01241312432278,0.74140144216616,1.01040653539916,0.7455,0.1643,0.454,,1353.23,11.4,17.5,40.7,8918.9903158,0.2401962089,11.3,0.222,41.945522021,3,0.344,0.0118503312,0.0028926005
776,"-86.8941,40.3887",18157,"Indiana, Tippecanoe",0.249000244837999,15.8043595375243,0.0634712610335253,12253,1.01761783712176,1.0156486542904,0.00408063331429038,50,0.000259002942273424,1.04395356787392,1.01241312432278,0.74140144216616,1.01040653539916,0.4815,0.7106,0.8424,0.0035172599560731,1862.94,9,10.9,403.2,6289.8563669,0.1911701405,10.9,0.075,277.20844785,4.3,0.325,0.0540798143,0.003957565
777,"-86.0523,40.3112",18159,"Indiana, Tipton",0.255344418052257,14.2120571126388,0.0556583818085669,842,1.0232232962877,1.0156486542904,0.0344418052256532,29,0.0019169751454257,1.01026070714042,1.01241312432278,0.74140144216616,1.01040653539916,0.1904,0.2194,0.0452,0.0016525647805394,1617.91,6.1,19.8,53.6,7865.5189989,0.18771038,11.7,0.17,83.824657809,4,0.345,0.0057509254,0.0040322581
778,"-84.925,39.6255",18161,"Indiana, Union",0.209944751381215,10.8000568424044,0.0514423760125053,362,1.02006603721838,1.0156486542904,0.00552486187845304,2,0.000284212022168538,1,1.01241312432278,0.74140144216616,1.01040653539916,0.2994,0.2009,0.1869,,1353.22,8.6,18.1,34.3,10648.19463,0.2019506082,11.2,0.19,131.30183661,3,0.247,0.0082421486,0.0029842262
779,"-87.5876,38.0266",18163,"Indiana, Vanderburgh",0.183803096466852,12.7918927580757,0.0695956325217987,12595,1.0124378425815,1.0156486542904,0.0124652639936483,157,0.000867527932189154,1.01754817306078,1.01241312432278,0.74140144216616,1.01040653539916,0.4471,0.4626,0.7096,0.005498027340944,1733.16,8.2,16.1,873.8,9070.9912216,0.2139977125,12.5,0.109,217.57561798,5,0.342,0.0955662139,0.0030059567
780,"-87.4616,39.8523",18165,"Indiana, Vermillion",0.273305084745763,16.6677433942761,0.0609858517992118,944,1.01961207236812,1.0156486542904,0.0201271186440678,19,0.00122746947477227,1.04459155226603,1.01241312432278,0.74140144216616,1.01040653539916,0.4672,0.0627,0.4817,0.00161509141417404,1467.71,7,19.2,56.1,8722.0179078,0.1893321448,11.4,0.165,68.84236572,4,0.405,0.004328445,0.0038116157
781,"-87.3917,39.4294",18167,"Indiana, Vigo",0.188979384067193,13.8286182556385,0.0731752742443149,7858,1.01455573013587,1.0156486542904,0.0159073555612115,125,0.00116402510569348,1.01452242890144,1.01241312432278,0.74140144216616,1.01040653539916,0.7207,0.4021,0.8421,0.00455366621347289,1428.97,8.5,15.5,283.4,9159.6235931,0.2207908895,11.3,0.116,252.78821057,5,0.346,0.0717225709,0.0038831878
782,"-85.7933,40.847",18169,"Indiana, Wabash",0.20604997807979,15.0255754475703,0.0729219948849105,2281,1.01382318580048,1.0156486542904,0.0127137220517317,29,0.000927109974424552,1.01026070714042,1.01241312432278,0.74140144216616,1.01040653539916,0.4143,0.1633,0.3543,0.000575447570332481,1526.49,7.7,20,74.8,9726.6167727,0.1964795149,12.3,0.131,80.614312114,4,0.345,0.0070332481,0.0072890026
783,"-87.356,40.3473",18171,"Indiana, Warren",0.297082228116711,13.5543991286458,0.045625075638388,377,1.02646590598487,1.0156486542904,0.0159151193633952,6,0.000726128524748881,1.10408951367381,1.01241312432278,0.74140144216616,1.01040653539916,0.1895,0.0729,0.0204,0.00193634273266368,1932.53,4.4,19.7,17.7,6404.0084702,0.1856516311,10.9,0.13,6.779489502,3,0.342,0.0031465569,0.0030255355
784,"-87.2716,38.0892",18173,"Indiana, Warrick",0.194457491780178,13.2338133520866,0.0680550449917688,4258,1.01471957799084,1.0156486542904,0.0183184593705965,78,0.00124666357664584,1.0037176772541,1.01241312432278,0.74140144216616,1.01040653539916,0.0382,0.2601,0.1605,0.00212572122684482,2161.13,5.5,16.7,129.9,6390.5366923,0.1764583031,12.6,0.139,66.278750004,5,0.352,0.0159189349,0.0027970016
785,"-86.1049,38.6022",18175,"Indiana, Washington",0.245724572457246,9.7698887020005,0.0397595104319508,1111,1.02048186035892,1.0156486542904,0.0099009900990099,11,0.000393658519128225,1.02908210240756,1.01241312432278,0.74140144216616,1.01040653539916,0.6092,0.0293,0.2486,0.000894678452564148,1377.63,9.5,16.5,44.4,10650.114426,0.2123592748,11.5,0.146,79.256823041,4,0.406,0.0049386251,0.002326164
786,"-85.0104,39.8633",18177,"Indiana, Wayne",0.217401285583104,14.3624120359136,0.0660640621208445,4356,1.01851624412189,1.0156486542904,0.0268595041322314,117,0.00177444794952681,1.02122984475228,1.01241312432278,0.74140144216616,1.01040653539916,0.5936,0.4495,0.6915,0.00335173501577287,1632.54,12,18.6,171.4,12125.795589,0.2125568275,11.5,0.17,161.37740018,5,0.375,0.0485319097,0.0036550595
787,"-85.2213,40.7293",18179,"Indiana, Wells",0.194976076555024,11.5578245763313,0.0592781677657236,1672,1.0118175820723,1.0156486542904,0.0251196172248804,42,0.00148904488406722,1.01064309218431,1.01241312432278,0.74140144216616,1.01040653539916,0.1806,0.2028,0.1754,0.0028008225200312,1613.35,6.8,17.7,70.9,6640.5943618,0.1874026964,12.4,0.11,47.012716815,4,0.34,0.0068070623,0.0029071829
788,"-86.8649,40.7491",18181,"Indiana, White",0.263387978142076,19.9726515559607,0.0758297766543737,1830,1.0164930633852,1.0156486542904,0.0131147540983607,24,0.00099448887415572,1,1.01241312432278,0.74140144216616,1.01040653539916,0.2752,0.5743,0.0688,0.00103592591057888,1702.41,9.3,19.2,43.8,8097.7731626,0.179967948,11.7,0.136,113.56115966,3.7,0.288,0.0041851407,0.0072514814
789,"-85.5079,41.1386",18183,"Indiana, Whitley",0.27362691736764,16.2293831073546,0.0593120854610553,2021,1.02228987823085,1.0156486542904,0.00841167738743196,17,0.000498914128074191,1,1.01241312432278,0.74140144216616,1.01040653539916,0.0971,0.0544,0.0299,0.000880436696601514,1844.15,6.2,17.2,91,6247.7667693,0.1853336411,11.9,0.145,78.040266813,4,0.366,0.004255444,0.0043141398
790,"-94.4711,41.3308",19001,"Iowa, Adair",0.133595284872299,9.62763698145264,0.0720656944641087,509,1.00722067422929,1.00661513225147,0.031434184675835,16,0.00226532634857709,1.05498614657627,1.02406076089561,0.356375895277308,1.00310172708173,0.0936,0.0341,0.0554,0.00353957241965171,1622.39,6.3,22,11.6,6246.6173012,0.1558357139,8.7,0.12,445.65176978,3,0.315,0.0048138185,0.0025484921
791,"-94.6993,41.029",19003,"Iowa, Adams",0.19811320754717,11.522633744856,0.058161865569273,212,1.01201253731937,1.00661513225147,0.00943396226415094,2,0.000548696844993141,1,1.02406076089561,0.356375895277308,1.00310172708173,0.1513,0.0516,0.085,0.00603566529492455,1559.26,5.5,22.6,8,8619.8982875,0.1563671211,8.7,0.142,145.40439887,3,0.299,0.0032921811,0.00521262
792,"-91.3786,43.2838",19005,"Iowa, Allamakee",0.191699604743083,14.0254482359746,0.0731636784268363,1012,1.01292425003667,1.00661513225147,0.0177865612648221,18,0.00130133024869867,1.04758646582496,1.02406076089561,0.356375895277308,1.00310172708173,0.2449,0.5594,0.5333,0.0018074031231926,1678.48,7.5,21.8,19.1,5439.7050647,0.161872113,8.9,0.106,459.44362291,3,0.35,0.0167004049,0.0072296125
793,"-92.8687,40.7432",19007,"Iowa, Appanoose",0.0916380297823597,6.43241939374447,0.0701937766342366,873,1.00500801236005,1.00661513225147,0.0378006872852234,33,0.00265337299991959,1.13031108383256,1.02406076089561,0.356375895277308,1.00310172708173,0.4347,0.1305,0.4922,0.00361823590898127,1355.28,6.9,22.7,23.6,8090.0913914,0.1683979347,9.2,0.148,614.65651401,3.7,0.373,0.0070756613,0.0031358045
794,"-94.9058,41.6845",19009,"Iowa, Audubon",0.0948012232415902,5.63022157646204,0.0593897566291319,327,1.00627057545011,1.00661513225147,0.018348623853211,6,0.00108972030512169,1.10408951367381,1.02406076089561,0.356375895277308,1.00310172708173,0.192,0.0599,0.0159,0.00454050127134036,1624.78,5.4,24.4,11.4,12173.600115,0.1618663259,8.7,0.093,200.41481059,3,0.301,0.003632401,0.0025426807
795,"-92.0646,42.0801",19011,"Iowa, Benton",0.084272678475577,6.12276733484128,0.0726542391389127,1863,1.00580697938576,1.00661513225147,0.0150295222758991,28,0.00109195850557679,1.02226578920968,1.02406076089561,0.356375895277308,1.00310172708173,0.0494,0.1051,0.0318,0.000974962951407847,1924.36,2.7,17.7,27,6238.9563088,0.1493081275,9.9,0.115,216.88933946,3.3,0.356,0.0059667733,0.0030028859
796,"-92.3052,42.4705",19013,"Iowa, Black Hawk",0.0799053974153222,7.14458340885747,0.0894130264032385,11839,1.00474658121242,1.00661513225147,0.0155418531970606,184,0.00138964413026403,1.02386309509196,1.02406076089561,0.356375895277308,1.00310172708173,0.3366,0.6616,0.6663,0.00346655791190865,1744.4,5.6,15.5,252.1,7269.5369682,0.1826605746,9.4,0.105,1436.2700776,5,0.306,0.0947676878,0.0038668358
797,"-93.9314,42.0366",19015,"Iowa, Boone",0.158476658476658,9.79275791391482,0.061793061565323,1628,1.01032967633253,1.00661513225147,0.0085995085995086,14,0.00053138996432096,1.02226578920968,1.02406076089561,0.356375895277308,1.00310172708173,0.0672,0.2397,0.3598,0.00159416989296288,1840.55,3.1,17.3,41.5,4866.6458034,0.1603667247,9.1,0.094,189.71690873,3.7,0.358,0.0115387535,0.0046686404
798,"-92.318,42.7746",19017,"Iowa, Bremer",0.0809792843691149,6.89461658716479,0.0851404978554536,2124,1.00465921422529,1.00661513225147,0.0150659133709981,32,0.00128271936505391,1.12535319672314,1.02406076089561,0.356375895277308,1.00310172708173,0.0341,0.1783,0.1678,0.00200424900789674,2213.62,3.2,19.2,56.2,4212.1518842,0.1406659869,9.3,0.082,616.25746246,3.7,0.327,0.0116246442,0.0014831443
799,"-91.8351,42.4709",19019,"Iowa, Buchanan",0.11631419939577,7.26449360818907,0.0624557762158592,1324,1.00676098354428,1.00661513225147,0.0113293051359517,15,0.000707580546252182,1.05963402266705,1.02406076089561,0.356375895277308,1.00310172708173,0.0659,0.0357,0.1277,0.00566064437001745,1928.33,5.2,17.3,32.3,5929.8596422,0.1615845209,9.7,0.087,289.26055564,3.3,0.327,0.0049530638,0.002594462
800,"-95.151,42.7355",19021,"Iowa, Buena Vista",0.0926916221033868,15.6989030894636,0.169367012176713,3366,1.00648894075778,1.00661513225147,0.0053475935828877,18,0.000905705947469055,1.03655432261531,1.02406076089561,0.356375895277308,1.00310172708173,0.5806,0.9312,0.7052,0.0017610948978565,1745.1,9.7,14.4,37,4529.835715,0.1487408803,8.7,0.093,512.04984267,3.7,0.337,0.0302908322,0.0061889906
801,"-92.7902,42.7317",19023,"Iowa, Butler",0.113715277777778,9.0102482976821,0.0792351606025174,1152,1.00688203298065,1.00661513225147,0.0104166666666667,12,0.000825366256276223,1,1.02406076089561,0.356375895277308,1.00310172708173,0.1201,0.0605,0.0372,,1738.33,3.2,22.1,20.4,6749.7790061,0.1507033054,9.1,0.111,198.84775446,3,0.333,0.0026136598,0.0018570741
802,"-94.6405,42.3852",19025,"Iowa, Calhoun",0.0618921308576481,7.21723889060728,0.116609959789669,1131,1.00345771404596,1.00661513225147,0.00707338638373121,8,0.000824827301783689,1.01925902092718,1.02406076089561,0.356375895277308,1.00310172708173,0.1726,0.0831,0.3107,0.00257758531807403,1636.94,3.3,22.7,14.8,7106.2924073,0.1655135612,8.8,0.109,147.50986759,3,0.36,0.0233013713,0.0042272399
803,"-94.8603,42.0362",19027,"Iowa, Carroll",0.0797773654916512,8.53428599781681,0.106976282623797,2156,1.0054162849991,1.00661513225147,0.0102040816326531,22,0.00109159472065099,,1.02406076089561,0.356375895277308,1.00310172708173,0.0554,0.0465,0.1181,0.00575568125434157,1744.04,2.5,19.4,38.6,6280.3950235,0.1526125086,8.9,0.101,416.50088135,3.7,0.339,0.0114121266,0.0032251662
804,"-94.9279,41.3315",19029,"Iowa, Cass",0.119741100323625,8.58468677494199,0.0716937354988399,927,1.00828119801471,1.00661513225147,0.0377562028047465,35,0.00270688321732405,1.04337901925914,1.02406076089561,0.356375895277308,1.00310172708173,0.2701,0.2999,0.1799,0.00255220417633411,1507.44,4.8,22.1,24.2,8186.9391721,0.1726604253,8.7,0.096,633.74256723,3,0.337,0.0042536736,0.0044856922
805,"-91.1325,41.7723",19031,"Iowa, Cedar",0.127214170692432,8.48231062436249,0.0666774037687228,1242,1.00661272284507,1.00661513225147,0.0120772946859903,15,0.000805282654211628,1,1.02406076089561,0.356375895277308,1.00310172708173,0.0239,0.1611,0.0344,,1982.56,2.2,18.8,25.7,4150.8341691,0.1407698079,10.4,0.054,416.50237687,3,0.347,0.0060664627,0.0020937349
806,"-93.2612,43.0818",19033,"Iowa, Cerro Gordo",0.108141858141858,10.1531174525758,0.0938870260510704,4004,1.00617964810146,1.00661513225147,0.0122377622377622,49,0.00114896710202359,,1.02406076089561,0.356375895277308,1.00310172708173,0.1535,0.3187,0.4454,0.0137407086078739,1742.61,5.6,20.6,82,8052.5269385,0.1634573336,8.6,0.109,1110.2943782,3.7,0.3,0.0179379558,0.0035406945
807,"-95.6239,42.7354",19035,"Iowa, Cherokee",0.216989843028624,20.7578835791891,0.0956629273032418,1083,1.01059182849636,1.00661513225147,0.012927054478301,14,0.00123663987280276,1.19598024562548,1.02406076089561,0.356375895277308,1.00310172708173,0.065,0.2311,0.3075,0.00733150781733062,1799.33,4.3,23.1,19.4,6016.8068393,0.1651348561,8.6,0.138,312.13360624,3,0.351,0.0105997703,0.0043282396
808,"-92.3177,43.06",19037,"Iowa, Chickasaw",0.107291666666667,8.60916081578067,0.0802407221664995,960,1.00454582940699,1.00661513225147,0.009375,9,0.000752256770310933,1.05963402266705,1.02406076089561,0.356375895277308,1.00310172708173,0.0682,0.3566,0.0525,0.00150451354062187,1621.87,4.9,19.8,21.6,6642.3881856,0.1579149767,8.8,0.085,364.7941414,3,0.302,0.0061852223,0.0015045135
809,"-93.785,41.0287",19039,"Iowa, Clarke",0.114545454545455,6.68576886341929,0.0583678234108034,550,1.00776833767059,1.00661513225147,0.0109090909090909,6,0.000636739891754218,1.05963402266705,1.02406076089561,0.356375895277308,1.00310172708173,0.351,0.6495,0.5762,0.00265308288230924,1601.48,5.9,17.6,22.4,9780.3395054,0.1717942668,8.9,0.117,667.48729928,3,0.366,0.0110368248,0.0105062082
810,"-95.151,43.0825",19041,"Iowa, Clay",0.159172019985724,13.8217429031858,0.0868352547415396,1401,1.01130276644693,1.00661513225147,0.00713775874375446,10,0.00061980909879757,1.05227402814137,1.02406076089561,0.356375895277308,1.00310172708173,0.2029,0.4508,0.4358,0.00613611007809595,1639.31,3.7,20.2,30.5,5020.9872314,0.1586448089,8.2,0.117,785.31603972,3.7,0.35,0.008243461,0.0030990455
811,"-91.3413,42.8444",19043,"Iowa, Clayton",0.110668789808917,7.91752107541581,0.0715424925951242,1256,1.00725807781052,1.00661513225147,0.0191082802547771,24,0.00136705399863295,1.11789921435462,1.02406076089561,0.356375895277308,1.00310172708173,0.1318,0.2471,0.3881,0.00284802916381864,1608.25,6.2,22.4,21.3,5476.5265907,0.1544672524,9.4,0.071,253.0190862,3,0.36,0.0084301663,0.0019936204
812,"-90.5328,41.8998",19045,"Iowa, Clinton",0.116768861636897,9.41571004772346,0.0806354529429468,3751,1.00765574988734,1.00661513225147,0.0127965875766462,48,0.00103185863536695,1,1.02406076089561,0.356375895277308,1.00310172708173,0.2857,0.2034,0.3219,0.00569671954942173,1696.88,4.1,19.1,67.8,7149.661324,0.1712542119,10.4,0.119,594.10146253,4,0.333,0.0287415624,0.0039769552
813,"-95.382,42.0372",19047,"Iowa, Crawford",0.0934579439252336,10.490733185686,0.11225084508684,1926,1.00553517220918,1.00661513225147,0.0083073727933541,16,0.00093250961650542,1,1.02406076089561,0.356375895277308,1.00310172708173,0.6796,0.9016,0.8583,0.00145704627578972,1689.94,8.1,16.9,23.7,6488.2081675,0.1688016169,8.8,0.124,512.28956403,3.7,0.333,0.0348525469,0.0128802891
814,"-94.0413,41.6856",19049,"Iowa, Dallas",0.107062780269058,8.47194499889111,0.0791306276336217,7136,1.00678690150874,1.00661513225147,0.00840807174887892,60,0.000665335994677312,1,1.02406076089561,0.356375895277308,1.00310172708173,0.0038,0.6036,0.1595,0.000277223331115547,3087.1,3,11.5,137.5,4248.4854633,0.1349425842,9.2,0.079,1562.12486,5,0.286,0.0226546906,0.0034375693
815,"-92.4101,40.7477",19051,"Iowa, Davis",0.178321678321678,11.3119662859044,0.0634357325052678,572,1.01824482882814,1.00661513225147,0.020979020979021,12,0.00133081956304758,1.01250777270301,1.02406076089561,0.356375895277308,1.00310172708173,0.4032,0.2289,0.5918,0.00277254075634912,1802.36,26,17.5,16,6502.706719,0.1660797803,9.4,0.13,185.13998719,3,0.256,0.0019962293,0.0031052456
816,"-93.7865,40.7374",19053,"Iowa, Decatur",0.150134048257373,7.09759188846641,0.0472750316856781,373,1.0103754036007,1.00661513225147,0.00536193029490617,2,0.000253485424588086,1.10408951367381,1.02406076089561,0.356375895277308,1.00310172708173,0.6108,0.3085,0.9542,0.00316856780735108,1342.66,9.4,19.1,14.4,8830.4245375,0.181775738,9,0.182,318.60992708,3,0.404,0.0187579214,0.0046894804
817,"-91.3664,42.471",19055,"Iowa, Delaware",0.0672703751617076,6.09291698400609,0.0905735543968598,1546,1.00432444383135,1.00661513225147,0.0168175937904269,26,0.00152322924600152,1.02415191411056,1.02406076089561,0.356375895277308,1.00310172708173,0.0879,0.0293,0.0996,0.0014646435057707,1866.16,2.9,18.8,28.8,4707.8290127,0.1567232177,9.5,0.091,341.45940825,3.7,0.328,0.0088464468,0.001581815
818,"-91.1833,40.9201",19057,"Iowa, Des Moines",0.106650321789764,8.89161428790434,0.0833716592569881,3263,1.00693046047435,1.00661513225147,0.00796812749003984,26,0.000664316010015841,1.01766889775789,1.02406076089561,0.356375895277308,1.00310172708173,0.3822,0.3365,0.3964,0.00544228115897593,1582.88,5.3,19.7,99.9,7233.2354424,0.1869060142,10.7,0.128,672.92420594,4.3,0.369,0.059047473,0.0035004344
819,"-95.151,43.3779",19059,"Iowa, Dickinson",0.111678366305041,10.2022969742902,0.0913542820497872,1567,1.00790189939902,1.00661513225147,0.00765794511805999,12,0.000699586078237043,1,1.02406076089561,0.356375895277308,1.00310172708173,0.0111,0.1929,0.263,0.00285664315280126,2099.04,4.2,24.9,44.1,5419.4755938,0.1524827327,8,0.118,867.50515814,3.7,0.277,0.0045473095,0.0022153559
820,"-90.8818,42.4682",19061,"Iowa, Dubuque",0.0753205128205128,7.76426373717141,0.10308299089351,9984,1.00478345118209,1.00661513225147,0.0123197115384615,123,0.0012699527123299,1.0285519887205,1.02406076089561,0.356375895277308,1.00310172708173,0.1834,0.3171,0.5352,0.00485266483573213,2095.42,3.8,16.9,174.5,5401.0118704,0.1640368904,10.1,0.071,1262.5026743,5,0.335,0.0339996283,0.0029838726
821,"-94.6786,43.3778",19063,"Iowa, Emmet",0.132803632236095,12.6445477142548,0.0952123635577651,881,1.01387333933344,1.00661513225147,0.0261066969353008,23,0.00248568031989625,,1.02406076089561,0.356375895277308,1.00310172708173,0.2096,0.6046,0.5374,0.00270182643466984,1660.58,7.1,20.1,22.8,6951.9306089,0.1797383965,8,0.065,564.60935517,3,0.401,0.0118880363,0.0157786664
822,"-91.8441,42.8627",19065,"Iowa, Fayette",0.123946037099494,7.47711088504578,0.0603255340793489,1186,1.00680650301245,1.00661513225147,0.0118043844856661,14,0.000712105798575788,1.02226578920968,1.02406076089561,0.356375895277308,1.00310172708173,0.2252,0.2592,0.2155,0.00254323499491353,1588.33,5.5,21.1,26.2,6505.7815771,0.1591084956,9.4,0.129,359.84091873,3,0.339,0.0136826043,0.0027466938
823,"-92.7894,43.06",19067,"Iowa, Floyd",0.119865884325231,9.0730283611446,0.0756931666772413,1193,1.00463510891581,1.00661513225147,0.019279128248114,23,0.0014592982678764,,1.02406076089561,0.356375895277308,1.00310172708173,0.3277,0.3585,0.3206,0.00158619376943087,1662.37,8.9,21.2,29.4,5975.6138791,0.1594732546,8.6,0.086,318.48113065,3,0.407,0.0267749508,0.0033627308
824,"-93.2626,42.7327",19069,"Iowa, Franklin",0.0842627013630731,6.71671276175425,0.0797115764519953,807,1.00579682823288,1.00661513225147,0.0210656753407683,17,0.00167917819043856,,1.02406076089561,0.356375895277308,1.00310172708173,0.2936,0.5336,0.0252,0.00246937969182141,1543.06,4.2,20.6,17.9,6497.0878785,0.1670181748,8.8,0.156,443.17739523,3,0.451,0.0066179376,0.0064203872
825,"-95.6013,40.7454",19071,"Iowa, Fremont",0.155660377358491,9.43800943800944,0.0606320606320606,424,1.00908119322236,1.00661513225147,0.0117924528301887,5,0.000715000715000715,1.07570373984278,1.02406076089561,0.356375895277308,1.00310172708173,0.1382,0.0675,0.0821,0.00357500357500357,1780.51,5,22,12.8,9445.6049809,0.1557927173,9.1,0.101,184.65058116,3,0.327,0.007007007,0.0038610039
826,"-94.3966,42.0361",19073,"Iowa, Greene",0.0979381443298969,6.34673198975615,0.0648034740006681,582,1.00785002810658,1.00661513225147,0.0103092783505155,6,0.000668077051553279,1.16993081275869,1.02406076089561,0.356375895277308,1.00310172708173,0.2105,0.2614,0.1449,0.002783654381472,1737.3,3.6,21.5,15.2,7000.686291,0.1484569469,8.8,0.191,272.64653308,3,0.412,0.004453847,0.0052332702
827,"-92.7883,42.4018",19075,"Iowa, Grundy",0.087737843551797,6.74577373211964,0.0768855656697009,946,1.00682720684153,1.00661513225147,0.0147991543340381,14,0.00113784135240572,1,1.02406076089561,0.356375895277308,1.00310172708173,0.0086,0.0589,0.006,0.00650195058517555,2213.29,2.3,20.2,20.4,5868.8697123,0.1352354215,9.3,0.089,445.69276756,3,0.311,0.0046326398,0.0013003901
828,"-94.5011,41.6838",19077,"Iowa, Guthrie",0.104513064133017,8.2089552238806,0.078544776119403,842,1.00608362280319,1.00661513225147,0.0261282660332542,22,0.00205223880597015,1.05623761998229,1.02406076089561,0.356375895277308,1.00310172708173,0.1592,0.2461,0.0557,0.00233208955223881,1955.23,3.9,21.9,15.6,4582.0210377,0.1506224817,8.8,0.075,243.2651194,3,0.336,0.0055970149,0.0037313433
829,"-93.702,42.3838",19079,"Iowa, Hamilton",0.141871165644172,12.3729266987694,0.0872124130551097,1304,1.01050689608357,1.00661513225147,0.0161042944785276,21,0.00140449438202247,1.04924143725562,1.02406076089561,0.356375895277308,1.00310172708173,0.1169,0.4951,0.1321,0.00167201712145532,1711.07,4.2,19.7,24.8,6341.3695702,0.1511320121,9.1,0.122,218.15960753,3,0.331,0.0115034778,0.005082932
830,"-93.7345,43.0818",19081,"Iowa, Hancock",0.145812807881773,13.8162808065721,0.0947535474234503,1015,1.01041352226667,1.00661513225147,0.0206896551724138,21,0.00196041822255415,1.14782483033061,1.02406076089561,0.356375895277308,1.00310172708173,0.0586,0.3216,0.1162,0.00233383121732636,1731.93,3.3,21.5,19.1,4334.9535543,0.1449835624,8.4,0.063,118.92993441,3,0.341,0.0084017924,0.0028939507
831,"-93.2365,42.3835",19083,"Iowa, Hardin",0.120060790273556,9.36684847047664,0.0780175480199194,1316,1.00645987192403,1.00661513225147,0.0151975683890578,20,0.00118567702157932,1.07570373984278,1.02406076089561,0.356375895277308,1.00310172708173,0.1061,0.3585,0.2894,0.00207493478776381,1711.48,3.9,21.1,29.6,5553.8198767,0.1537066521,9.2,0.128,278.38785816,3,0.421,0.0148209628,0.0042091534
832,"-95.8156,41.6833",19085,"Iowa, Harrison",0.134939759036145,11.8862317815197,0.0880854676666195,1245,1.0096567830835,1.00661513225147,0.0393574297188755,49,0.00346681760294326,1.05809830827303,1.02406076089561,0.356375895277308,1.00310172708173,0.1064,0.0341,0.135,0.00176878449129758,1695.13,5.1,19.1,16.9,5895.7833198,0.1570679112,8.9,0.151,247.55035055,3.7,0.398,0.0040328286,0.003537569
833,"-91.5444,40.9877",19087,"Iowa, Henry",0.202961672473868,23.2222056112025,0.114416704041461,2296,1.01976738004681,1.00661513225147,0.00827526132404181,19,0.000946828125778642,1.13153041106277,1.02406076089561,0.356375895277308,1.00310172708173,0.2847,0.4518,0.2528,0.00757462500622913,1667.51,4.1,18.1,44.6,5667.4966336,0.1650683127,10.3,0.069,79.401129429,4,0.348,0.0264613545,0.0038371456
834,"-92.317,43.3567",19089,"Iowa, Howard",0.109872611464968,7.51061282246653,0.0683574616305649,628,1.00701727974499,1.00661513225147,0.0238853503184713,15,0.00163274191792751,1.07570373984278,1.02406076089561,0.356375895277308,1.00310172708173,0.2099,0.0627,0.2066,0.00206813976270817,1538.81,4.1,20.3,18.8,5608.0737525,0.1600438092,8.3,0.077,171.65648806,3,0.316,0.005660172,0.0020681398
835,"-94.2072,42.7764",19091,"Iowa, Humboldt",0.101398601398601,9.11281030690269,0.0898711637163507,858,1.00457820591241,1.00661513225147,0.013986013986014,12,0.00125693935267623,1.10408951367381,1.02406076089561,0.356375895277308,1.00310172708173,0.1882,0.4104,0.0825,0.00513250235676129,1714.42,4.1,20.5,20.8,7084.6607579,0.164724998,8.6,0.068,364.14205388,2.3,0.296,0.0059704619,0.0034565832
836,"-95.5136,42.387",19093,"Iowa, Ida",0.22992125984252,21.3419090776202,0.0928226867417044,635,1.01478527695016,1.00661513225147,0.0267716535433071,17,0.00248501681040784,1.00869827228079,1.02406076089561,0.356375895277308,1.00310172708173,0.121,0.0201,0.1649,0.00365443648589388,1748.93,3.5,21.9,17.4,5606.7038843,0.1576016834,8.6,0.079,200.21415042,3,0.303,0.0042391463,0.003508259
837,"-92.0643,41.6863",19095,"Iowa, Iowa",0.0928030303030303,6.07149495074655,0.0654234557957995,1056,1.00398595922285,1.00661513225147,0.0179924242424242,19,0.00117712657208351,1.04459155226603,1.02406076089561,0.356375895277308,1.00310172708173,0.0354,0.1334,0.1347,0.00154885075274147,1873.16,5.6,18.1,28,5939.1394811,0.1475638952,9.9,0.097,272.8644018,3.7,0.315,0.0059475869,0.0026020693
838,"-90.5735,42.1718",19097,"Iowa, Jackson",0.134131736526946,11.5273775216138,0.0859407163441746,1670,1.01089605591145,1.00661513225147,0.0137724550898204,23,0.00118361465623713,1.04412893385506,1.02406076089561,0.356375895277308,1.00310172708173,0.2334,0.022,0.164,0.00128653766982297,1696.04,4.5,20.2,25.8,6397.6442656,0.1542974307,10.2,0.067,580.75103834,3,0.311,0.0061753808,0.0032935364
839,"-93.0557,41.6858",19099,"Iowa, Jasper",0.139755230951441,9.52970630198939,0.068188548200393,2533,1.00881921932279,1.00661513225147,0.0189498618239242,48,0.00129216356637144,1.003012157342,1.02406076089561,0.356375895277308,1.00310172708173,0.2213,0.1433,0.5629,0.00183056505235954,1776.12,3.6,18.8,42.8,6820.8811006,0.1529806664,9.4,0.14,629.86386796,4,0.361,0.022101381,0.0037418903
840,"-91.9485,41.0319",19101,"Iowa, Jefferson",0.155029585798817,7.12692454164626,0.0459713834938251,845,1.01002686946346,1.00661513225147,0.0142011834319527,12,0.000652848049616452,1.10408951367381,1.02406076089561,0.356375895277308,1.00310172708173,0.4516,0.7434,0.689,0.00136010010336761,1559.04,4.6,20.2,41.6,5550.4685359,0.1529131563,9.9,0.077,289.33354112,3.7,0.282,0.0245362059,0.0031554322
841,"-91.5875,41.6717",19103,"Iowa, Johnson",0.0757546439628483,5.17651725505752,0.0683326722200185,10336,1.00458883283898,1.00661513225147,0.00406346749226006,42,0.000277667592225307,1.00344843960223,1.02406076089561,0.356375895277308,1.00310172708173,0.201,0.7494,0.8593,0.00975803252677509,2165.77,5.5,10.8,262.7,4657.7510967,0.1452809202,9.3,0.06,1571.5658157,4.3,0.264,0.0702697342,0.0037154568
842,"-91.1314,42.1212",19105,"Iowa, Jones",0.0606550748079256,7.23100655611261,0.11921519475511,2473,1.00375277622645,1.00661513225147,0.0129397492923575,32,0.00154261473197069,1.07731408920732,1.02406076089561,0.356375895277308,1.00310172708173,0.1889,0.3356,0.5033,0.00106054762822985,1786.17,3.8,19.6,30.5,5330.2216538,0.1530139111,10,0.077,345.39318365,3,0.376,0.0270439645,0.0039529503
843,"-92.1785,41.3365",19107,"Iowa, Keokuk",0.168055555555556,11.8337408312958,0.0704156479217604,720,1.00904900203044,1.00661513225147,0.0222222222222222,16,0.00156479217603912,1.06944880005339,1.02406076089561,0.356375895277308,1.00310172708173,0.2357,0.0318,0.0111,0.00244498777506112,1575.33,3.8,21.2,14.5,6803.9467863,0.1532663947,9.8,0.065,278.82188875,3,0.366,0.0061613692,0.0021515892
844,"-94.2069,43.2041",19109,"Iowa, Kossuth",0.216752387950037,19.7880332707271,0.0912932653608801,1361,1.01456295780875,1.00661513225147,0.0161645848640705,22,0.00147571773544406,1.13619875797759,1.02406076089561,0.356375895277308,1.00310172708173,0.0901,0.1827,0.0968,0.00167695197209552,1766.23,5.3,22.7,15.8,4352.4050297,0.1534502753,8.3,0.086,288.93270111,3,0.359,0.0103300241,0.0039576067
845,"-91.4818,40.6418",19111,"Iowa, Lee",0.202892885066458,15.2400528556746,0.075113786521803,2558,1.01175947375132,1.00661513225147,0.00781860828772478,20,0.000587285273821759,,1.02406076089561,0.356375895277308,1.00310172708173,0.5099,0.2127,0.5568,0.00355307590662164,1480.3,4.6,19.6,67.7,8800.8891717,0.181419681,10.7,0.132,379.05668425,4,0.403,0.0304801057,0.0032007047
846,"-91.5981,42.0792",19113,"Iowa, Linn",0.0717288661794192,4.90905630143111,0.0684390617461013,15461,1.00400893169235,1.00661513225147,0.013905956923873,215,0.000951710644551567,1.03153655390223,1.02406076089561,0.356375895277308,1.00310172708173,0.0538,0.5209,0.3938,0.00440000177062445,2117.77,3.8,15.2,336.3,5946.4007177,0.1637223578,9.7,0.093,2691.5221226,5,0.344,0.057200023,0.0027046289
847,"-91.261,41.2184",19115,"Iowa, Louisa",0.103017689906348,8.8638195004029,0.0860417226251231,961,1.00640446236828,1.00661513225147,0.0239334027055151,23,0.0020592711970633,1.00637045739233,1.02406076089561,0.356375895277308,1.00310172708173,0.4809,0.8176,0.3438,,1579.75,4.7,17.4,23.6,8511.7850645,0.1619452862,10.5,0.089,220.20861428,3,0.372,0.008953353,0.0046557436
848,"-93.3278,41.0296",19117,"Iowa, Lucas",0.179292929292929,8.21283979178716,0.0458068247541932,396,1.01250777270301,1.00661513225147,0.0151515151515152,6,0.000694042799305957,1,1.02406076089561,0.356375895277308,1.00310172708173,0.2503,0.3025,0.248,0.00289184499710815,1633.34,4.2,21.1,19.5,6801.795399,0.1531348121,9,0.176,262.73993719,3,0.315,0.003470214,0.0030075188
849,"-96.2093,43.3811",19119,"Iowa, Lyon",0.093859649122807,9.05935145203624,0.0965201930403861,1140,1.00655976713647,1.00661513225147,0.0184210526315789,21,0.00177800355600711,1.11181192490813,1.02406076089561,0.356375895277308,1.00310172708173,0.0981,0.2537,0.0398,0.00211667090000847,1654.61,4.5,17.6,18,5667.5806105,0.1431767652,8.3,0.157,243.43241315,3,0.39,0.0032173398,0.0032173398
850,"-94.0155,41.3308",19121,"Iowa, Madison",0.172496984318456,8.80054157178903,0.0510185242168749,829,1.00985514256454,1.00661513225147,0.00965018094089264,8,0.000492337990030156,1.06944880005339,1.02406076089561,0.356375895277308,1.00310172708173,0.0471,0.2044,0.0248,0.00153855621884424,2097.29,3.4,16.4,22.9,5728.5615989,0.1464095681,8.8,0.117,35.151389397,3,0.368,0.0052926334,0.0039387039
851,"-92.6408,41.3352",19123,"Iowa, Mahaska",0.129120879120879,8.54545454545454,0.0661818181818182,1456,1.00863024902619,1.00661513225147,0.0212912087912088,31,0.00140909090909091,1.00957286878737,1.02406076089561,0.356375895277308,1.00310172708173,0.3962,0.3216,0.5989,0.0015,1563.11,4.2,17.8,35.3,6169.0980303,0.1683974953,9.6,0.124,918.35753486,4,0.332,0.0166818182,0.0044090909
852,"-93.0993,41.3345",19125,"Iowa, Marion",0.112791702679343,7.81273385817344,0.0692669201065645,2314,1.00882287985755,1.00661513225147,0.013828867761452,32,0.000957883078396743,1.03589493584624,1.02406076089561,0.356375895277308,1.00310172708173,0.1134,0.155,0.589,0.00149669230999491,1854.19,3.5,17.3,61.6,5992.778131,0.1502656275,9.4,0.105,100.34352932,4,0.337,0.0083814769,0.0023647738
853,"-92.9991,42.0359",19127,"Iowa, Marshall",0.0714095390354383,6.70318401240589,0.0938695880543258,3753,1.0038655624225,1.00661513225147,0.0141220357047695,53,0.0013256296740952,1.00551030918778,1.02406076089561,0.356375895277308,1.00310172708173,0.4717,0.8711,0.7415,0.0031264850804132,1689.55,6.5,17.3,71.3,6505.5383815,0.1481655072,9.3,0.117,708.02226817,3.7,0.346,0.0199594808,0.0088291939
854,"-95.6192,41.033",19129,"Iowa, Mills",0.125208681135225,9.95817566221868,0.0795326296222532,1198,1.00812821601474,1.00661513225147,0.00918196994991653,11,0.00073026621522937,1.01370885629547,1.02406076089561,0.356375895277308,1.00310172708173,0.0755,0.2143,0.1789,0.056496049923654,1984.24,4.6,17.3,28.3,6540.584979,0.1445234971,9.1,0.067,125.88304535,3.7,0.328,0.0065060081,0.0067715595
855,"-92.7889,43.3564",19131,"Iowa, Mitchell",0.119205298013245,10.2185637240988,0.0857223956854953,906,1.00647147832166,1.00661513225147,0.0209713024282561,19,0.00179771028479516,1.08120663525625,1.02406076089561,0.356375895277308,1.00310172708173,0.1841,0.1003,0.0917,0.00236540826946731,1746.44,7.6,21.5,22.2,5127.3487216,0.1515231369,8.2,0.079,292.7030088,3,0.32,0.0060554452,0.0019869429
856,"-95.9574,42.0522",19133,"Iowa, Monona",0.138613861386139,8.06544532780274,0.0581864270077198,505,1.0093957282737,1.00661513225147,0.0237623762376238,12,0.00138264777048047,1.05963402266705,1.02406076089561,0.356375895277308,1.00310172708173,0.2774,0.0729,0.2003,0.00288051618850098,1484.21,5.9,24.3,11.3,8373.2514436,0.1676559138,8.8,0.146,275.21946474,3,0.379,0.0057610324,0.0137112571
857,"-92.8691,41.0299",19135,"Iowa, Monroe",0.119047619047619,7.70218228498074,0.0646983311938382,504,1.00880553496879,1.00661513225147,0.0297619047619048,15,0.00192554557124519,1.02065336654354,1.02406076089561,0.356375895277308,1.00310172708173,0.4592,0.1484,0.2159,0.00320924261874198,1523.4,7.5,19.1,17.8,7985.0753901,0.1753252183,9.3,0.126,590.32544047,3,0.335,0.0066752246,0.0024390244
858,"-95.1564,41.0302",19137,"Iowa, Montgomery",0.242225859247136,14.7955613316005,0.0610816754973508,611,1.01699823038852,1.00661513225147,0.0212765957446809,13,0.00129961011696491,1.02415191411056,1.02406076089561,0.356375895277308,1.00310172708173,0.4965,0.3356,0.2916,0.00249925022493252,1465.97,3.7,20.7,24.7,8001.4706338,0.1745132594,8.5,0.139,276.3746757,3.7,0.261,0.0052984105,0.0053983805
859,"-91.1122,41.4837",19139,"Iowa, Muscatine",0.122572815533981,9.41088774488108,0.076777935661208,3296,1.0060832985935,1.00661513225147,0.0191140776699029,63,0.00146753942556314,,1.02406076089561,0.356375895277308,1.00310172708173,0.2522,0.7705,0.3642,0.00111812527661953,1811.51,3.8,15.8,99.8,5965.9996387,0.1529947467,11.2,0.082,577.52205877,4,0.365,0.0252044073,0.00724452
860,"-95.6247,43.0831",19141,"Iowa, O'Brien",0.112027491408935,11.7774566473988,0.105130057803468,1455,1.0057253642942,1.00661513225147,0.029553264604811,43,0.00310693641618497,1.04311264721643,1.02406076089561,0.356375895277308,1.00310172708173,0.1016,0.3375,0.5355,0.00361271676300578,1845.43,4.6,20.6,24,5596.7322754,0.1516717542,8.5,0.086,390.69118113,3,0.285,0.0094653179,0.0036849711
861,"-95.6242,43.3782",19143,"Iowa, Osceola",0.110356536502547,10.7615894039735,0.0975165562913907,589,1.00698215927915,1.00661513225147,0.00848896434634975,5,0.000827814569536424,1.1398522810476,1.02406076089561,0.356375895277308,1.00310172708173,0.242,0.6129,0.1926,0.00413907284768212,1634.19,5.4,20.5,13.5,8206.5672384,0.1574150965,8.1,0.074,16.190984724,3,0.32,0.0049668874,0.0056291391
862,"-95.1498,40.7393",19145,"Iowa, Page",0.107535321821036,8.98419568496295,0.0835464620630861,1274,1.00644228968911,1.00661513225147,0.00784929356357928,10,0.000655780706931602,1.10408951367381,1.02406076089561,0.356375895277308,1.00310172708173,0.2971,0.4406,0.4333,0.00327890353465801,1518.16,4.9,21.3,28.4,6665.0882275,0.1658455953,9,0.155,90.706840111,3,0.442,0.0266246967,0.0078037904
863,"-94.6782,43.0819",19147,"Iowa, Palo Alto",0.111261872455902,9.18355918915892,0.0825400380781722,737,1.0084175221543,1.00661513225147,0.00271370420624152,2,0.000223989248516071,,1.02406076089561,0.356375895277308,1.00310172708173,0.0487,0.4225,0.3327,0.00526374734012767,1665.2,5,21.4,15.5,8184.8327022,0.1445661348,8.1,0.132,501.98860736,3,0.316,0.0172471721,0.0049277635
864,"-96.2137,42.7376",19149,"Iowa, Plymouth",0.110824742268041,13.7079099422196,0.123689978083284,3104,1.00593751012867,1.00661513225147,0.0128865979381443,40,0.00159394301653716,,1.02406076089561,0.356375895277308,1.00310172708173,0.0535,0.4374,0.0911,0.000996214385335724,1853.84,4.3,18,28.2,6103.4371311,0.1490339972,8.9,0.104,340.50819296,3.3,0.321,0.0086471409,0.0105997211
865,"-94.6786,42.7342",19151,"Iowa, Pocahontas",0.126760563380282,12.0178041543027,0.0948071216617211,639,1.00665713187859,1.00661513225147,0.00625978090766823,4,0.000593471810089021,1,1.02406076089561,0.356375895277308,1.00310172708173,0.2303,0.3948,0.077,0.00370919881305638,1564.13,4.7,22.6,11.8,7373.1715675,0.1619920492,8.5,0.101,270.55881254,3,0.377,0.0090504451,0.0053412463
866,"-93.5777,41.6868",19153,"Iowa, Polk",0.103597122302158,7.98023004737235,0.0770313872628303,37530,1.00649170609647,1.00661513225147,0.00980548894217959,368,0.000755330416006437,1.00434471909859,1.02406076089561,0.356375895277308,1.00310172708173,0.1611,0.7666,0.6157,0.00379717736307584,2241.65,5.1,12.4,931.3,6374.7844543,0.1498966714,8.6,0.083,4149.9479547,5,0.319,0.0687453305,0.0038628583
867,"-95.5391,41.3364",19155,"Iowa, Pottawattamie",0.152380952380952,12.1454459923236,0.0797044893246234,7455,1.00813415501212,1.00661513225147,0.00979208584842388,73,0.000780473201971497,,1.02406076089561,0.356375895277308,1.00310172708173,0.2653,0.5521,0.6387,0.00549538665497739,1923.11,6.3,16.5,92.4,8184.3197174,0.1717337651,9.5,0.118,2250.9756733,5,0.411,0.0162830231,0.0075802123
868,"-92.5316,41.6863",19157,"Iowa, Poweshiek",0.0989110707803993,5.82918872666988,0.058933632814589,1102,1.00665542044859,1.00661513225147,0.0190562613430127,21,0.00112305470880796,1.05963402266705,1.02406076089561,0.356375895277308,1.00310172708173,0.1618,0.3658,0.3623,0.00262046098721857,1765.7,6,19.7,35.8,6343.7450446,0.1486432922,9.6,0.088,544.32645906,4,0.313,0.0154553719,0.0045456976
869,"-94.2437,40.7352",19159,"Iowa, Ringgold",0.312703583061889,19.3236714975845,0.0617954911433172,307,1.02402200603309,1.00661513225147,0.0162866449511401,5,0.00100644122383253,1.1398522810476,1.02406076089561,0.356375895277308,1.00310172708173,0.1911,0.049,0.142,0.00322061191626409,1706.04,5.8,24.1,8.7,7044.1935273,0.1549193994,8.9,0.092,175.17526532,3,0.327,0.0078502415,0.0028180354
870,"-95.1055,42.3862",19161,"Iowa, Sac",0.11340206185567,11.3180368350653,0.0998045066364852,970,1.00712049344051,1.00661513225147,0.00927835051546392,9,0.000926021195596255,1,1.02406076089561,0.356375895277308,1.00310172708173,0.1194,0.3295,0.0236,0.00257228109887849,1692.14,5,22.8,15.1,7612.5932171,0.1508767442,8.8,0.094,122.42392724,3,0.306,0.0029838461,0.0017491511
871,"-90.6196,41.6394",19163,"Iowa, Scott",0.129940443963184,9.69512300687315,0.0746120508070613,12929,1.00799528526377,1.00661513225147,0.00897207827364839,116,0.000669425159998384,1.02289681843612,1.02406076089561,0.356375895277308,1.00310172708173,0.1704,0.6202,0.3591,0.00688469151619028,2131.9,4.9,15.3,379,6591.4428152,0.1714811204,10.3,0.111,1582.0365591,5,0.331,0.0748659707,0.0038953619
872,"-95.3102,41.685",19165,"Iowa, Shelby",0.106308411214953,7.85973397823458,0.0739333218172396,856,1.00615688128055,1.00661513225147,0.022196261682243,19,0.00164104335809293,1.03434649907336,1.02406076089561,0.356375895277308,1.00310172708173,0.1038,0.2633,0.1149,0.00215926757643807,1658.62,5.1,22.3,20.2,5351.636434,0.1490563334,8.6,0.132,228.87982226,3,0.346,0.0080324754,0.0047503887
873,"-96.1768,43.0822",19167,"Iowa, Sioux",0.0874815179891572,10.1692973158784,0.116245094388267,4058,1.00546867159813,1.00661513225147,0.00936421882700838,38,0.00108854450141797,1.03936807080464,1.02406076089561,0.356375895277308,1.00310172708173,0.1274,0.6234,0.4922,0.00275000716147698,2022.42,4.2,14.9,49.8,4334.7724861,0.1399020701,8.8,0.068,345.97523576,4,0.285,0.0061015784,0.0051562634
874,"-93.465,42.0362",19169,"Iowa, Story",0.0846817691477886,6.40130472452984,0.0755924774476326,7416,1.00543285499481,1.00661513225147,0.00296655879180151,22,0.000224249528566332,,1.02406076089561,0.356375895277308,1.00310172708173,0.3506,0.5979,0.6823,0.0025890627389022,2053.78,4.6,11.3,181.6,4450.9739115,0.149288421,9.3,0.056,1876.3893246,5,0.262,0.0274196014,0.0026808012
875,"-92.5327,42.0799",19171,"Iowa, Tama",0.052793124616329,5.08755324183625,0.0963677236157123,1629,1.00355794910828,1.00661513225147,0.0337630448127686,55,0.00325366777094179,1.03927501250899,1.02406076089561,0.356375895277308,1.00310172708173,0.2755,0.7173,0.1964,,1742.58,5.8,19.2,20.1,9339.2786204,0.1730053322,9.5,0.093,349.11434351,3,0.354,0.0081045906,0.0841221013
876,"-94.6978,40.7371",19173,"Iowa, Taylor",0.0662650602409639,5.33031820384429,0.080439347439832,498,1.00437861874161,1.00661513225147,0.0160642570281124,8,0.0012921983524471,1.15041007378781,1.02406076089561,0.356375895277308,1.00310172708173,0.2475,0.6148,0.1417,,1567.03,7.1,21.9,10.2,6654.2778402,0.1647129377,9,0.117,139.27215438,3,0.322,0.0035535455,0.0030689711
877,"-94.2423,41.0277",19175,"Iowa, Union",0.184322033898305,14.0788089651266,0.0763815842705721,944,1.00812713784426,1.00661513225147,0.0105932203389831,10,0.000809126952018772,1.03239118471,1.02406076089561,0.356375895277308,1.00310172708173,0.4318,0.3954,0.377,0.00202281738004693,1554.2,6.7,19.7,31.6,8347.3446365,0.1619157873,8.9,0.183,565.3520463,4,0.406,0.0114896027,0.0044501982
878,"-91.9502,40.7533",19177,"Iowa, Van Buren",0.145584725536993,8.68945868945869,0.0596866096866097,419,1.00451268883954,1.00661513225147,0.0262529832935561,11,0.00156695156695157,1.1192253181541,1.02406076089561,0.356375895277308,1.00310172708173,0.3548,0.2095,0.2547,0.00356125356125356,1608.21,12.5,21.2,13.5,8228.6363411,0.1586116815,9.3,0.031,175.73687181,3,0.329,0.002991453,0.0024216524
879,"-92.4095,41.0306",19179,"Iowa, Wapello",0.10406447091801,8.43630166169578,0.0810680301093595,2854,1.00584036002399,1.00661513225147,0.0304835318850736,87,0.00247123988069876,1.027403320897,1.02406076089561,0.356375895277308,1.00310172708173,0.6029,0.7386,0.7752,0.00616389717369692,1428.65,6,17.1,83.7,8677.4976806,0.1985359422,9.7,0.163,153.98628697,4,0.323,0.0371822184,0.0082942764
880,"-93.5601,41.3356",19181,"Iowa, Warren",0.139236641221374,8.93136947665309,0.064145252272015,3275,1.00876153804163,1.00661513225147,0.00732824427480916,24,0.000470072077718584,1.05049651792412,1.02406076089561,0.356375895277308,1.00310172708173,0.022,0.1216,0.284,,2138.02,2.9,15.2,67.2,5487.6665107,0.1439899761,9.2,0.1,770.2718575,4.3,0.34,0.0085788154,0.0032709182
881,"-91.7173,41.3358",19183,"Iowa, Washington",0.1309963099631,9.62016169098053,0.0734384174156542,1626,1.00816765713662,1.00661513225147,0.0141451414514145,23,0.00103879680231245,1.05321105161798,1.02406076089561,0.356375895277308,1.00310172708173,0.1869,0.5231,0.1907,0.00112912695903527,1875.64,8.5,18.6,35.6,7045.5409804,0.152801191,10.3,0.119,538.92073086,3.3,0.342,0.0104331331,0.0033873809
882,"-93.3275,40.7397",19185,"Iowa, Wayne",0.107142857142857,5.62412123105765,0.052491798156538,336,1.00880553496879,1.00661513225147,0.0625,21,0.00328073738478363,1.16993081275869,1.02406076089561,0.356375895277308,1.00310172708173,0.3745,0.241,0.5422,0.00390563974379003,1426.01,12.3,21.6,11.8,9011.2482021,0.1693384514,9,0.212,212.56754302,2.3,0.391,0.0045305421,0.0023433838
883,"-94.1799,42.4285",19187,"Iowa, Webster",0.113501483679525,12.6526449265375,0.111475590594592,4044,1.00764704134461,1.00661513225147,0.0118694362017804,48,0.0013231524106183,1.01925902092718,1.02406076089561,0.356375895277308,1.00310172708173,0.4242,0.3731,0.6011,0.00551313504424291,1501.47,5.1,17.5,53.5,8173.379137,0.1700410875,8.9,0.111,450.16403484,4,0.375,0.0445185655,0.0051272156
884,"-93.7341,43.3775",19189,"Iowa, Winnebago",0.0944498539435248,9.22228560562845,0.0976421372884579,1027,1.00627504753123,1.00661513225147,0.0253164556962025,26,0.00247195284274577,1.00561868495366,1.02406076089561,0.356375895277308,1.00310172708173,0.2312,0.3623,0.1751,,1566.37,2.7,20.2,28.2,6394.2557213,0.1516512717,8.1,0.072,177.33644696,3,0.398,0.0147366419,0.0038030044
885,"-91.8442,43.2909",19191,"Iowa, Winneshiek",0.190041493775934,11.4334215387688,0.0601627639922113,1205,1.01154027695952,1.00661513225147,0.012448132780083,15,0.000748914074591842,1.00990485606307,1.02406076089561,0.356375895277308,1.00310172708173,0.0369,0.099,0.1767,0.00124819012431974,1928.09,1.8,19.4,31,3839.6092668,0.1401635208,8.7,0.057,206.75250467,3,0.332,0.0079384892,0.0012981177
886,"-96.0459,42.3898",19193,"Iowa, Woodbury",0.0920868347338936,10.259511015321,0.11141126790782,11424,1.00540458490815,1.00661513225147,0.0126925770308123,145,0.00141409610002048,1.00502563202403,1.02406076089561,0.356375895277308,1.00310172708173,0.4261,0.823,0.7911,0.00809448112425516,1758.7,6.9,14.4,119.4,7048.1957555,0.1850230104,9,0.092,906.74540937,5,0.354,0.0371175845,0.0284282078
887,"-93.2609,43.3775",19195,"Iowa, Worth",0.159722222222222,9.25801690594392,0.0579632362806923,432,1.01069451916898,1.00661513225147,0.00462962962962963,2,0.000268348316114316,1.10408951367381,1.02406076089561,0.356375895277308,1.00310172708173,0.1799,0.1665,0.0166,,1629.27,4.9,19.8,15.3,7955.1666864,0.1487146755,8.1,0.17,273.23765679,3,0.326,0.0081846236,0.0034885281
888,"-93.7352,42.7331",19197,"Iowa, Wright",0.117021276595745,13.0023640661939,0.111111111111111,1410,1.00708622730201,1.00661513225147,0.00709219858156028,10,0.000788022064617809,1.03239118471,1.02406076089561,0.356375895277308,1.00310172708173,0.3277,0.666,0.2633,,1635.2,5.4,21.6,22.9,5799.2523826,0.1605251113,8.8,0.071,287.41151589,3,0.365,0.0069345942,0.004964539
889,"-95.3003,37.8858",20001,"Kansas, Allen",0.271966527196653,10.4468016714883,0.0384120861459338,478,1.01422494004064,1.01367781611881,0.00209205020920502,1,8.03600128576021e-05,1,1.02144613845676,0.310400291258301,1.00688964170241,0.4723,0.1321,0.4152,0.00200900032144005,1242.65,5.8,20.3,27.1,9357.6399793,0.1864617197,9.5,0.173,47.919496044,3.7,0.383,0.0197685632,0.0098039216
890,"-95.2927,38.2141",20003,"Kansas, Anderson",0.153498871331828,8.63163239400863,0.0562325463315562,443,1.008677943819,1.01367781611881,0,0,0,,1.02144613845676,0.310400291258301,1.00688964170241,0.3516,0.0369,0.2451,0.0052043665905052,1325.82,9.5,21,11.5,9205.0123469,0.1721921517,9.2,0.122,41.389709485,3,0.353,0.0062198528,0.0068545316
891,"-95.3087,39.5319",20005,"Kansas, Atchison",0.182692307692308,11.7334650775026,0.064225282529488,1040,1.01563101912467,1.01367781611881,0.00865384615384615,9,0.000555795714197493,1,1.02144613845676,0.310400291258301,1.00688964170241,0.4624,0.2939,0.8163,0.00154387698388192,1396.26,7.2,16.7,37.4,8403.4480385,0.1683309703,9.7,0.113,17.500987979,3.7,0.434,0.0484777373,0.006978324
892,"-98.6846,37.2289",20007,"Kansas, Barber",0.175965665236052,9.16815742397138,0.0521019677996422,233,1.01775030910082,1.01367781611881,0.00858369098712446,2,0.000447227191413238,1,1.02144613845676,0.310400291258301,1.00688964170241,0.243,0.3687,0.2365,0.00782647584973166,1634.68,12.2,21.5,4,9952.0514706,0.1669891943,7.8,0.107,27.167302135,3,0.275,0.0080500894,0.0136404293
893,"-98.7564,38.4789",20009,"Kansas, Barton",0.130526315789474,9.49791275707556,0.0727662670904983,1900,1.00920172899614,1.01367781611881,0.01,19,0.000727662670904983,1.05570923645175,1.02144613845676,0.310400291258301,1.00688964170241,0.4322,0.6972,0.3063,0.00310214086017387,1522.97,11.5,18.2,29.3,7474.5032128,0.1734203224,7.9,0.126,82.733535665,3.7,0.391,0.0134426104,0.0090766344
894,"-94.8487,37.8551",20011,"Kansas, Bourbon",0.24792243767313,12.2159284788098,0.0492731863782161,722,1.01714469488803,1.01367781611881,0.00415512465373961,3,0.000204736231488432,1,1.02144613845676,0.310400291258301,1.00688964170241,0.4166,0.1808,0.7249,0.00416297004026479,1334.87,10.7,19.2,22.6,8591.1716486,0.1877973449,9.5,0.121,52.482789967,4,0.348,0.0296867536,0.0090766396
895,"-95.5642,39.8265",20013,"Kansas, Brown",0.195338512763596,18.3371535736612,0.0938737236924359,901,1.01319556921871,1.01367781611881,0.0144284128745838,13,0.00135444884350906,1.02415191411056,1.02144613845676,0.310400291258301,1.00688964170241,0.3153,0.3095,0.1232,0.00520941862888102,1476.19,8,19.2,17.5,9985.1827461,0.1714977338,9.4,0.135,25.929217354,3,0.368,0.0118774745,0.0954365493
896,"-96.8388,37.7813",20015,"Kansas, Butler",0.203892713031094,12.8660226166405,0.0631019246611248,4213,1.01746950913168,1.01367781611881,0.00379776881082364,16,0.000239646521380963,1.0301070886466,1.02144613845676,0.310400291258301,1.00688964170241,0.1984,0.3168,0.6243,0.00188721635587508,2118.98,8.2,14.4,38.8,7384.8689282,0.1582226652,9.6,0.101,72.340254033,4,0.352,0.0200254624,0.0110387179
897,"-96.5956,38.3029",20017,"Kansas, Chase",0.144385026737968,10.2700646633701,0.0711297071129707,187,1.01370885629547,1.01367781611881,0.0160427807486631,3,0.00114111829593001,1,1.02144613845676,0.310400291258301,1.00688964170241,0.3924,0.2821,0.4094,,1416.34,8.9,23.5,3.1,9307.2485875,0.1511783211,8.6,0.102,18.41392198,2.3,0.345,0.0125523013,0.0068467098
898,"-96.2454,37.1499",20019,"Kansas, Chautauqua",0.295652173913043,10.2750075551526,0.0347537020247809,115,1.01728472656952,1.01367781611881,0.0260869565217391,3,0.000906618313689937,1.16993081275869,1.02144613845676,0.310400291258301,1.00688964170241,0.6914,0.2385,0.7313,0.0075551526140828,1281.19,13.1,25.9,4.7,13155.736396,0.1669097435,9.1,0.129,23.438993804,3,0.319,0.008763977,0.0586279843
899,"-94.8463,37.1693",20021,"Kansas, Cherokee",0.202271114265436,14.2393205096178,0.0703972020984262,1409,1.01842029189085,1.01367781611881,0.0078069552874379,11,0.000549587809143143,1.02908210240756,1.02144613845676,0.310400291258301,1.00688964170241,0.5245,0.1694,0.219,0.000899325505870597,1278.61,12.5,18.4,31.4,9886.9831577,0.193001422,9.9,0.158,81.740977173,3.7,0.418,0.007944042,0.0424181864
900,"-101.7318,39.7858",20023,"Kansas, Cheyenne",0.103896103896104,9.02255639097744,0.0868421052631579,231,1.00504783174204,1.01367781611881,0.0432900432900433,10,0.0037593984962406,1.01516534655549,1.02144613845676,0.310400291258301,1.00688964170241,0.1178,0.4865,0.0134,0.00601503759398496,1495.54,7.5,26.2,2.5,5087.1220905,0.1571879731,6.2,0.091,14.246630818,2.3,0.322,0.0033834586,0.0033834586
901,"-99.8188,37.2358",20025,"Kansas, Clark",0.221556886227545,18.4538653366584,0.0832917705735661,167,1.01740422437085,1.01367781611881,0.029940119760479,5,0.00249376558603491,1,1.02144613845676,0.310400291258301,1.00688964170241,0.1213,0.4339,0.2779,0.0493765586034913,1532.72,8.5,21.4,2,11726.488069,0.157211799,7.1,0.118,80.008973645,3,0.32,0.0034912718,0.012967581
902,"-97.1652,39.3495",20027,"Kansas, Clay",0.189292543021033,12.3796423658872,0.0653995248218082,523,1.01293591598695,1.01367781611881,0.0267686424474187,14,0.00175065649618607,1,1.02144613845676,0.310400291258301,1.00688964170241,0.0408,0.0573,0.0532,0.00312617231461798,1687.92,5.9,22.8,11.8,7609.8901425,0.1443734045,8.3,0.101,46.624033041,3,0.292,0.0080030011,0.0063773915
903,"-97.6493,39.4803",20029,"Kansas, Cloud",0.199186991869919,16.8404170008019,0.0845457669836178,738,1.01176163418209,1.01367781611881,0.024390243902439,18,0.00206209187764922,1.07288768417094,1.02144613845676,0.310400291258301,1.00688964170241,0.3236,0.1633,0.1652,0.00286401649673502,1353.29,9.4,20.7,12.4,8286.0373382,0.1783903724,8.1,0.102,27.447059408,3,0.404,0.0080192462,0.0067590789
904,"-95.7338,38.2365",20031,"Kansas, Coffey",0.214099216710183,9.95991740556298,0.0465201020284222,383,1.0219484335089,1.01367781611881,0.0261096605744125,10,0.00121462407384914,1,1.02144613845676,0.310400291258301,1.00688964170241,0.1672,0.1127,0.2627,0.00947406777602332,1848.5,8.3,20.6,14.1,6423.6147736,0.1548007071,9.2,0.11,40.931344586,3,0.383,0.0083809061,0.0100813798
905,"-99.2711,37.1911",20033,"Kansas, Comanche",0.42741935483871,30.3203661327231,0.0709382151029748,124,1.04684585885366,1.01367781611881,0.0161290322580645,2,0.0011441647597254,1.10408951367381,1.02144613845676,0.310400291258301,1.00688964170241,0.0519,0.1146,0.1398,0.0068649885583524,1392.45,9.3,25.7,2.3,11753.429204,0.1403684268,7.2,0.083,12.260476828,3,0.265,0.0034324943,0.01201373
906,"-96.8378,37.2378",20035,"Kansas, Cowley",0.214036834245893,12.2096655119541,0.0570446930546879,2009,1.01719469095512,1.01367781611881,0.00497760079641613,10,0.000283945709580328,1,1.02144613845676,0.310400291258301,1.00688964170241,0.4971,0.6699,0.7202,0.00176046339939804,1514.3,9.7,17.6,29.7,9635.9901219,0.1647724968,9.3,0.126,58.574055522,3.7,0.387,0.0265489238,0.0228860242
907,"-94.8525,37.5068",20037,"Kansas, Crawford",0.165186500888099,11.917271073067,0.0721443399369538,2815,1.01135921358587,1.01367781611881,0.00817051509769094,23,0.000589456418667829,1.03563782609416,1.02144613845676,0.310400291258301,1.00688964170241,0.5723,0.5294,0.9586,0.00374176683154361,1327.41,10.9,15,66.8,7848.2629137,0.1881841757,9.7,0.111,31.922421174,4,0.336,0.021835516,0.0117122428
908,"-100.4594,39.7847",20039,"Kansas, Decatur",0.0958904109589041,7.31452455590387,0.0762800417972832,219,1.01018750514576,1.01367781611881,0.0045662100456621,1,0.000348310693138279,1,1.02144613845676,0.310400291258301,1.00688964170241,0.2873,0.3295,0.0583,0.021246952281435,1491.23,10.5,27.7,2.9,9999.9860113,0.1607189423,6.6,0.121,37.55234566,3,0.32,0.0083594566,0.0048763497
909,"-97.1553,38.866",20041,"Kansas, Dickinson",0.226049515608181,11.2197467542875,0.0496340225463482,929,1.02085877561934,1.01367781611881,0.0139935414424112,13,0.000694555751455896,1.02415191411056,1.02144613845676,0.310400291258301,1.00688964170241,0.4124,0.1242,0.3231,0.00731954907303521,1488.2,7.4,18.9,20.6,7132.5548611,0.1797554041,8.8,0.11,15.001220389,3.7,0.36,0.0102580542,0.0094566437
910,"-95.1406,39.7907",20043,"Kansas, Doniphan",0.143100511073254,10.9346524342619,0.0764123926060922,587,1.010133285715,1.01367781611881,0.00851788756388416,5,0.000650872168706066,1.1398522810476,1.02144613845676,0.310400291258301,1.00688964170241,0.3936,0.1369,0.4346,,1468.28,9.9,18.6,17.4,5482.6726249,0.1572738436,9.9,0.11,39.769280931,3,0.375,0.0321530851,0.0135381411
911,"-95.2925,38.885",20045,"Kansas, Douglas",0.133526850507983,6.06080569188708,0.0453901643664152,5512,1.01079228067842,1.01367781611881,0.00526124818577649,29,0.000238808919924899,1.01026070714042,1.02144613845676,0.310400291258301,1.00688964170241,0.2965,0.5883,0.6991,0.00125168813202016,1923.99,7.7,11.3,245.5,5371.2311951,0.1661903128,9.8,0.065,215.16247043,4.3,0.279,0.043833789,0.0266395468
912,"-99.3126,37.8874",20047,"Kansas, Edwards",0.225806451612903,17.1990171990172,0.0761670761670762,217,1.01538831285077,1.01367781611881,0,0,0,,1.02144613845676,0.310400291258301,1.00688964170241,0.2834,0.8169,0.2754,0.00772200772200772,1602.34,7.2,20,4.2,16134.2377,0.1533836127,7.5,0.15,64.996663986,3,0.38,0.0063180063,0.0238680239
913,"-96.2437,37.4534",20049,"Kansas, Elk",0.23943661971831,6.77830940988836,0.0283094098883573,71,1.01722453932891,1.01367781611881,0,0,0,,1.02144613845676,0.310400291258301,1.00688964170241,0.6548,0.1321,0.1681,,1130.42,9.7,28.6,4.3,16295.428524,0.1610953819,8.9,0.232,8.8049538782,3,0.333,0.0011961722,0.0199362041
914,"-99.3175,38.9146",20051,"Kansas, Ellis",0.175043936731107,17.3458725182863,0.0990943921978405,2845,1.0112888465648,1.01367781611881,0.00984182776801406,28,0.000975269940787182,1,1.02144613845676,0.310400291258301,1.00688964170241,0.2226,0.4505,0.3563,0.0059909439219784,1697.51,6.4,14.8,32.7,6861.3764374,0.1589159296,7.5,0.074,64.308018412,4,0.3,0.0112852665,0.0044583769
915,"-98.2046,38.6968",20053,"Kansas, Ellsworth",0.220357941834452,31.7947062621046,0.144286636539703,894,1.0196785269135,1.01367781611881,0.00447427293064877,4,0.000645577792123951,1,1.02144613845676,0.310400291258301,1.00688964170241,0.2838,0.3996,0.7959,0.00403486120077469,1484.6,5.4,20.7,8.1,6435.9797934,0.1513302626,7.8,0.114,20.410541753,3,0.366,0.0524531956,0.0080697224
916,"-100.7382,38.0434",20055,"Kansas, Finney",0.104089939910835,14.6677228155472,0.140913932970965,5159,1.006536503808,1.01367781611881,0.00620275247140919,32,0.000874054245991642,1.01416221482281,1.02144613845676,0.310400291258301,1.00688964170241,0.6764,0.9726,0.7119,0.00360547376471552,1724.16,12.9,10.2,28.7,6146.7582959,0.170835347,7.6,0.093,22.587060936,3.3,0.363,0.0337603453,0.0130834995
917,"-99.8883,37.692",20057,"Kansas, Ford",0.0604822231303637,8.73465533522191,0.144416902738432,4894,1.00436623656272,1.01367781611881,0.00265631385369841,13,0.000383616619452313,1,1.02144613845676,0.310400291258301,1.00688964170241,0.7315,0.9777,0.7972,0.002921388101983,1660.09,14,10.5,32.3,6085.2069281,0.1695434521,7.6,0.09,25.621065435,3.7,0.309,0.0218661473,0.016170916
918,"-95.2864,38.5644",20059,"Kansas, Franklin",0.1995597945708,10.612149350396,0.0531777925168741,1363,1.02105722036973,1.01367781611881,0.012472487160675,17,0.00066325933439975,1,1.02144613845676,0.310400291258301,1.00688964170241,0.25,0.2884,0.3394,0.00171667121844641,1595.91,7.1,16,42.2,6879.409863,0.184592739,9.4,0.095,26.764232405,4,0.326,0.0125629121,0.0093246459
919,"-96.7577,38.9987",20061,"Kansas, Geary",0.295238095238095,12.3642388169602,0.0418788734122845,1365,1.02684005085507,1.01367781611881,0.0043956043956044,6,0.000184082960053998,1.02638809625704,1.02144613845676,0.310400291258301,1.00688964170241,0.4545,0.8297,0.7408,0.00426458857458428,1441.17,6.7,7.9,104.6,9562.6724272,0.2231920776,8.8,0.096,67.756815016,3.7,0.387,0.1719948457,0.0133460146
920,"-100.4829,38.9159",20063,"Kansas, Gove",0.054140127388535,6.50842266462481,0.120214395099541,314,1.00229573245477,1.01367781611881,0.0636942675159236,20,0.00765696784073507,1,1.02144613845676,0.310400291258301,1.00688964170241,0.1863,0.2127,0.0589,0.0267993874425727,1627.74,10.8,26.7,2.6,8048.8940781,0.144201254,6.9,0.141,12.589137557,3,0.287,0.0042113323,0.0011485452
921,"-99.8833,39.3499",20065,"Kansas, Graham",0.17989417989418,13.6436597110754,0.0758426966292135,189,1.00860300421239,1.01367781611881,0.0105820105820106,2,0.000802568218298555,1,1.02144613845676,0.310400291258301,1.00688964170241,0.2236,0.2521,0.0484,0.0100321027287319,1486.92,7.5,26.8,2.7,12184.88313,0.1517401821,6.8,0.152,58.546314055,3,0.303,0.0345104334,0.0080256822
922,"-101.308,37.5623",20067,"Kansas, Grant",0.148617511520737,17.5845147219193,0.118320610687023,868,1.00798436426484,1.01367781611881,0.0149769585253456,13,0.00177208287895311,1.01150029829051,1.02144613845676,0.310400291258301,1.00688964170241,0.5398,0.9449,0.1535,0.00354416575790622,1889.72,18.1,11.9,13.3,6333.8714512,0.149665437,7.2,0.091,3.8217054495,3,0.316,0.0042257361,0.0291712105
923,"-100.4369,37.7384",20069,"Kansas, Gray",0.111607142857143,8.28775070445881,0.0742582463119509,448,1,1.01367781611881,0.00892857142857143,4,0.000663020056356705,1,1.02144613845676,0.310400291258301,1.00688964170241,0.3156,0.7396,0.2305,,1796.97,12.6,14.7,6.5,6177.108457,0.1453061465,7.4,0.093,48.634272552,3,0.31,0.0066302006,0.0061329355
924,"-101.8061,38.4808",20071,"Kansas, Greeley",0.0449438202247191,3.2599837000815,0.0725346373268134,89,1,1.01367781611881,0,0,0,,1.02144613845676,0.310400291258301,1.00688964170241,0.3048,0.795,0.4855,0.0407497962510187,1620.76,5.8,20.2,1.7,10886.590685,0.1564310897,6.6,0.089,42.18380028,3,0.283,0.0024449878,0.0081499593
925,"-96.2325,37.8774",20073,"Kansas, Greenwood",0.437142857142857,25.2683732452519,0.0578034682080925,350,1.04745496685655,1.01367781611881,0.00571428571428571,2,0.000330305532617671,1,1.02144613845676,0.310400291258301,1.00688964170241,0.2287,0.1382,0.1821,0.00412881915772089,1277.46,8.4,24.7,4.6,11624.065104,0.1669553768,8.9,0.129,18.45345733,3,0.363,0.0062758051,0.0168455822
926,"-101.7921,37.9998",20075,"Kansas, Hamilton",0.13953488372093,9.20598388952819,0.0659762178749521,172,1.00595322225574,1.01367781611881,0,0,0,,1.02144613845676,0.310400291258301,1.00688964170241,0.5414,0.9284,0.0064,0.0264672036823936,1436.74,21.3,12.4,2.6,8866.6610168,0.1660481163,6.8,0.183,78.961899159,3,0.39,0.0053701573,0.0203298811
927,"-98.0758,37.1918",20077,"Kansas, Harper",0.137741046831956,9.08100254268071,0.065928078459862,363,1.00563451623286,1.01367781611881,0.0413223140495868,15,0.00272430076280421,1.00990485606307,1.02144613845676,0.310400291258301,1.00688964170241,0.3659,0.4938,0.1184,0.00744642208499818,1493.79,11.5,21.8,7.3,11145.557211,0.1688365706,8.5,0.125,25.05989616,3,0.364,0.0047221213,0.014166364
928,"-97.4275,38.0429",20079,"Kansas, Harvey",0.168903285515965,10.6693949137679,0.0631686641332944,2161,1.01294053897888,1.01367781611881,0.00879222582137899,19,0.000555393159894768,1.01601628385513,1.02144613845676,0.310400291258301,1.00688964170241,0.2268,0.5957,0.3279,0.00412160187079801,1647.5,8.9,18.8,62.1,7751.0648859,0.1480526409,9.2,0.102,39.200160736,4,0.309,0.0170710319,0.0095001462
929,"-100.8711,37.562",20081,"Kansas, Haskell",0.173501577287066,13.7603202401801,0.0793094821115837,317,1.01131050910544,1.01367781611881,0.00315457413249211,1,0.000250187640730548,1,1.02144613845676,0.310400291258301,1.00688964170241,0.5092,0.8851,0.2467,0.00325243932949712,1708.83,18.8,14,7.2,6358.7221617,0.1618939511,7.4,0.05,32.340382192,3,0.337,0.003502627,0.0137603202
930,"-99.8983,38.0878",20083,"Kansas, Hodgeman",0.105960264900662,8.8008800880088,0.0830583058305831,151,1.00580910700047,1.01367781611881,0.0264900662251656,4,0.0022002200220022,1,1.02144613845676,0.310400291258301,1.00688964170241,0.221,0.4836,0.0576,0.0209020902090209,1771.37,9.6,22.9,2,8143.5204477,0.1361266723,7.2,0.144,36.892074344,3,0.348,0.0126512651,0.0060506051
931,"-95.7936,39.4167",20085,"Kansas, Jackson",0.200468933177022,12.8765060240964,0.0642319277108434,853,1.01624670715874,1.01367781611881,0.0117233294255569,10,0.000753012048192771,1.01516534655549,1.02144613845676,0.310400291258301,1.00688964170241,0.2535,0.3878,0.0987,0.000903614457831325,1688.08,5.2,18.6,17.4,8607.6645712,0.1600095775,9.3,0.114,33.364137627,3.3,0.379,0.0076054217,0.084563253
932,"-95.3829,39.2348",20087,"Kansas, Jefferson",0.224061810154525,10.6982872200263,0.0477470355731225,906,1.01793429043555,1.01367781611881,0.00993377483443709,9,0.000474308300395257,1.01696850489722,1.02144613845676,0.310400291258301,1.00688964170241,0.1952,0.1057,0.0172,0.00389986824769433,1739.93,7.2,18.2,25.5,7102.2024082,0.1647217236,9.7,0.119,28.38563201,3,0.349,0.0070092227,0.0100131752
933,"-98.2182,39.7847",20089,"Kansas, Jewell",0.435483870967742,19.0073917634636,0.0436466033086941,124,1.03418771083318,1.01367781611881,0.00806451612903226,1,0.000351988736360436,1,1.02144613845676,0.310400291258301,1.00688964170241,0.2596,0.0933,0.0535,0.00879971840901091,1313.96,6.8,29.1,2.8,8734.8255545,0.1662257895,7.6,0.135,18.162339877,3,0.291,0.0035198874,0.006687786
934,"-94.8225,38.8855",20091,"Kansas, Johnson",0.168889717998943,9.0903766180519,0.053824334161709,32163,1.01354596869053,1.01367781611881,0.0105400615614215,339,0.000567311795566935,1.01332497238816,1.02144613845676,0.310400291258301,1.00688964170241,0.0061,0.6861,0.0783,0.00193957041611232,2975.17,6,13.6,1305.7,4252.251823,0.1063854563,9.8,0.077,248.47960541,5,0.271,0.0474366376,0.0039511007
935,"-101.3217,38.0002",20093,"Kansas, Kearny",,,0.112604615774791,444,1.00969614050191,1.01367781611881,0.018018018018018,8,0.00202891199594218,1,1.02144613845676,0.310400291258301,1.00688964170241,0.7025,0.8071,0.0828,0.0063403499873193,1726.69,12.3,14.4,4.3,7379.4950266,0.1603357163,7.2,0.101,76.134056199,3,0.347,0.00760842,0.01775298
936,"-98.1364,37.5591",20095,"Kansas, Kingman",0.221987315010571,14.3638850889193,0.0647058823529412,473,1.01781598100442,1.01367781611881,0.0105708245243129,5,0.000683994528043776,1,1.02144613845676,0.310400291258301,1.00688964170241,0.1236,0.1484,0.0312,0.00341997264021888,1630.54,6.9,21.6,7.7,16900.994196,0.1397126252,8.4,0.133,80.261303225,3,0.315,0.0042407661,0.0093023256
937,"-99.2857,37.5585",20097,"Kansas, Kiowa",0.138211382113821,6.75675675675676,0.0488871224165342,123,1.01091426025064,1.01367781611881,0,0,0,,1.02144613845676,0.310400291258301,1.00688964170241,0.2328,0.3228,0.4664,0.00596184419713832,1507.3,9.5,20.9,3.7,7659.0069812,0.1544193954,7.3,0.105,52.866143042,3,0.299,0.009936407,0.0075516693
938,"-95.2985,37.1911",20099,"Kansas, Labette",0.320224719101124,19.9859747545582,0.0624123422159888,1246,1.03206608716228,1.01367781611881,0.00481540930979133,6,0.000300540973752755,1,1.02144613845676,0.310400291258301,1.00688964170241,0.5513,0.3289,0.602,0.00335604087357243,1426.43,10.2,18.1,32.6,9142.870461,0.192347636,9.9,0.135,46.303939223,3.7,0.373,0.0397715889,0.0235924664
939,"-100.4661,38.4812",20101,"Kansas, Lane",0.283018867924528,19.2307692307692,0.0679487179487179,106,1.03204381201407,1.01367781611881,0.0283018867924528,3,0.00192307692307692,,1.02144613845676,0.310400291258301,1.00688964170241,0.1408,0.1936,0.0025,0.0108974358974359,1544.47,10.7,18.9,2.4,6183.962223,0.1528177839,7,0.164,32.75305848,3,0.31,0.0121794872,0.0128205128
940,"-95.0362,39.2018",20103,"Kansas, Leavenworth",0.142167011732229,7.59661716982987,0.0534344576654538,4347,1.01191927830347,1.01367781611881,0.00805152979066022,35,0.000430229127741174,1.01288402997981,1.02144613845676,0.310400291258301,1.00688964170241,0.1248,0.5084,0.3308,0.00410561510473006,2158.62,4.5,13.5,153.7,6176.720008,0.1808610867,10.1,0.108,77.944258137,3.7,0.368,0.0880371718,0.0088504278
941,"-98.2076,39.0455",20105,"Kansas, Lincoln",0.465753424657534,22.4942110486272,0.0482963943102878,146,1.04263508944481,1.01367781611881,0.00684931506849315,1,0.000330797221303341,1,1.02144613845676,0.310400291258301,1.00688964170241,0.2459,0.0471,0.1146,0.00463116109824677,1524.38,10,22.9,3.7,5662.2910375,0.1476367466,7.7,0.051,18.047214765,3,0.327,0.0052927555,0.0079391333
942,"-94.8425,38.2127",20107,"Kansas, Linn",0.245524296675192,9.84615384615385,0.0401025641025641,391,1.02145909451652,1.01367781611881,0.0051150895140665,2,0.000205128205128205,1.10408951367381,1.02144613845676,0.310400291258301,1.00688964170241,0.5564,0.0716,0.2082,,1416.5,11,21.9,14.3,9649.407154,0.1839120438,9.3,0.121,9.7909153556,3.7,0.4,0.0084102564,0.0075897436
943,"-101.1485,38.9174",20109,"Kansas, Logan",0.12015503875969,10.9001406469761,0.0907172995780591,258,1.00624387627427,1.01367781611881,0,0,0,,1.02144613845676,0.310400291258301,1.00688964170241,0.1111,0.3649,0.0993,0.0249648382559775,1610.14,5.5,20.9,2.6,5512.3194136,0.1425490107,6.7,0.12,17.486358903,2.3,0.315,0.0066807314,0.005625879
944,"-96.1528,38.4558",20111,"Kansas, Lyon",0.137450199203187,12.3929832964138,0.0901634436927498,3012,1.00986380635724,1.01367781611881,0.0169322709163347,51,0.00152667185535533,1.00283295200246,1.02144613845676,0.310400291258301,1.00688964170241,0.5596,0.8217,0.9379,0.00176614979345028,1353.66,9.1,14.5,39,6522.9806152,0.181598154,9.1,0.096,113.51631051,4,0.392,0.0212237323,0.0139795246
945,"-97.6477,38.3918",20113,"Kansas, McPherson",0.291944586967676,19.939026526965,0.0682972982443845,1949,1.02153109719541,1.01367781611881,0.00718317085684967,14,0.000490591162350632,1.04924143725562,1.02144613845676,0.310400291258301,1.00688964170241,0.1204,0.1468,0.2057,0.00304867365175036,1847.72,6.7,19.2,34.4,6695.3952682,0.1359025833,8.8,0.11,25.377067261,3.7,0.308,0.0116690612,0.0061674318
946,"-97.0985,38.3586",20115,"Kansas, Marion",0.216822429906542,9.7071129707113,0.0447698744769875,535,1.02535084007198,1.01367781611881,0.00186915887850467,1,8.36820083682008e-05,1,1.02144613845676,0.310400291258301,1.00688964170241,0.2831,0.1229,0.2327,0.00435146443514644,1523.56,6,22.8,11.6,6758.1289726,0.1540289266,8.9,0.073,8.4948936009,3,0.4,0.010041841,0.0082008368
947,"-96.5228,39.7836",20117,"Kansas, Marshall",0.379834254143646,28.2863608311047,0.0744702736062539,724,1.05859271162352,1.01367781611881,0.0234806629834254,17,0.00174861139683193,,1.02144613845676,0.310400291258301,1.00688964170241,0.2035,0.1111,0.1191,0.00257148734828225,1534.41,7,21.3,11.5,7959.8844949,0.1517606203,8.8,0.118,65.20290123,3,0.346,0.0047315367,0.0066858671
948,"-100.3648,37.2386",20119,"Kansas, Meade",0.136752136752137,11.5774240231548,0.0846599131693198,351,1.01150029829051,1.01367781611881,0.0113960113960114,4,0.000964785335262904,1.10408951367381,1.02144613845676,0.310400291258301,1.00688964170241,0.3895,0.787,0.0866,0.00482392667631452,1592.23,12.9,17.7,4.3,11905.256141,0.1597586558,7.1,0.151,80.279450885,3,0.349,0.009406657,0.012301013
949,"-94.8383,38.5638",20121,"Kansas, Miami",0.243465272591486,9.67933491686461,0.0397565320665083,1339,1.02286705855185,1.01367781611881,0.00522778192681105,7,0.000207838479809976,1.12867293805389,1.02144613845676,0.310400291258301,1.00688964170241,0.028,0.1229,0.0634,0.000534441805225653,2030.57,5.1,16.7,46.1,7053.9858468,0.1498049931,9.7,0.121,19.858117769,4,0.354,0.0124406176,0.0079869359
950,"-98.2091,39.3933",20123,"Kansas, Mitchell",0.354430379746835,18.2113821138211,0.0513821138211382,316,1.01899598627106,1.01367781611881,0,0,0,,1.02144613845676,0.310400291258301,1.00688964170241,0.3131,0.1016,0.3661,0.0121951219512195,1453.48,7.5,23.2,9.6,5459.4889294,0.1614795095,7.8,0.081,36.261450708,3,0.3,0.002601626,0.005203252
951,"-95.7433,37.1924",20125,"Kansas, Montgomery",0.237837837837838,10.958904109589,0.0460772104607721,1480,1.02221646157994,1.01367781611881,0.00405405405405405,6,0.000186799501867995,1,1.02144613845676,0.310400291258301,1.00688964170241,0.6054,0.66,0.6571,0.00273972602739726,1379.57,11.2,19.2,53.7,10350.079328,0.1930578942,10.1,0.13,55.28202902,3.7,0.406,0.0506537983,0.0359589041
952,"-96.6513,38.6883",20127,"Kansas, Morris",0.371212121212121,17.7504075348669,0.0478174243796414,264,1.02638809625704,1.01367781611881,0.0113636363636364,3,0.000543379822495925,1.16993081275869,1.02144613845676,0.310400291258301,1.00688964170241,0.2188,0.3607,0.1834,0.00452816518746604,1600.8,9.1,24,7.2,5962.5343195,0.1510634031,8.7,0.146,29.988627875,3,0.386,0.0056149248,0.0063394313
953,"-101.7993,37.1914",20129,"Kansas, Morton",0.0939226519337017,6.37420322459693,0.0678665166854143,181,1,1.01367781611881,0.0331491712707182,6,0.00224971878515186,1,1.02144613845676,0.310400291258301,1.00688964170241,0.3742,0.8513,0.0812,0.0449943757030371,1464.17,13.5,18.3,4.5,10244.796767,0.1525363595,6.5,0.084,16.912087322,3,0.293,0.0116235471,0.0202474691
954,"-96.0139,39.7835",20131,"Kansas, Nemaha",0.169811320754717,20.384047267356,0.120039389463319,1219,1.00785881714926,1.01367781611881,0.0278917145200984,34,0.00334810438207779,1.05101682379262,1.02144613845676,0.310400291258301,1.00688964170241,0.0854,0.0965,0.2041,0.00482520925652388,1645.32,5.5,19.6,15,6655.1659478,0.1536482317,9.2,0.082,17.451865796,3,0.338,0.0058099458,0.0072870507
955,"-95.3067,37.5586",20133,"Kansas, Neosho",0.23945267958951,13.1653187887907,0.0549808789417591,877,1.01707208272528,1.01367781611881,0.00342075256556442,3,0.00018807598269701,1.16993081275869,1.02144613845676,0.310400291258301,1.00688964170241,0.4484,0.3633,0.6702,0.00156729985580841,1388.36,11.5,19,27.3,7862.371379,0.1957715675,9.6,0.15,27.699974785,3.7,0.382,0.0126637828,0.0151087706
956,"-99.9155,38.4797",20135,"Kansas, Ness",0.0942760942760943,9.85915492957747,0.104577464788732,297,1.00341312804772,1.01367781611881,0.0437710437710438,13,0.00457746478873239,1,1.02144613845676,0.310400291258301,1.00688964170241,0.0869,0.6472,0.0544,0.0383802816901408,1624.08,7.3,24.6,2.9,11552.15458,0.1534344468,7.1,0.107,52.936998802,3,0.331,0.0070422535,0.014084507
957,"-99.9029,39.7844",20137,"Kansas, Norton",0.0547703180212014,11.4180478821363,0.208471454880295,1132,1.00126839983672,1.01367781611881,0.0212014134275618,24,0.00441988950276243,1,1.02144613845676,0.310400291258301,1.00688964170241,0.2707,0.497,0.6555,0.00460405156537753,1287.68,8.3,19.9,5.9,9266.2925137,0.16666753,6.7,0.109,67.753272625,2.3,0.3,0.0325966851,0.0040515654
958,"-95.7271,38.6524",20139,"Kansas, Osage",0.21765601217656,8.97057901009974,0.0412144783890597,657,1.01821847373513,1.01367781611881,0.0091324200913242,6,0.000376387930493695,1,1.02144613845676,0.310400291258301,1.00688964170241,0.3564,0.1515,0.1216,,1625.72,10,19.1,16.9,8502.3067283,0.1656307256,9.3,0.104,40.909290157,3,0.392,0.0060222069,0.007402296
959,"-98.7675,39.3503",20141,"Kansas, Osborne",0.305785123966942,10.6474820143885,0.0348201438848921,121,1.0218641128165,1.01367781611881,0,0,0,,1.02144613845676,0.310400291258301,1.00688964170241,0.1946,0.0471,0.0264,0.00719424460431655,1429.01,9.4,24.3,4,8552.6683858,0.1587738683,7.3,0.15,19.518930799,3,0.29,0.004028777,0.008057554
960,"-97.6502,39.1324",20143,"Kansas, Ottawa",0.264437689969605,14.994829369183,0.056704584625991,329,1.02382890135387,1.01367781611881,0,0,0,,1.02144613845676,0.310400291258301,1.00688964170241,0.1261,0.1789,0.0239,0.00723888314374354,1651.12,7.4,19.3,6.3,8923.2153442,0.1678822991,8.2,0.12,4.9882642021,3,0.333,0.0113753878,0.0074112375
961,"-99.2369,38.1811",20145,"Kansas, Pawnee",0.220779220779221,28.4974093264249,0.129076501066748,847,1.01908722602801,1.01367781611881,0.00118063754427391,1,0.000152392563242914,1,1.02144613845676,0.310400291258301,1.00688964170241,0.3293,0.4212,0.1656,0.097226455348979,1446.51,10.8,21.4,9.5,8763.4642392,0.1603812427,7.7,0.139,48.070943048,3,0.367,0.0542517525,0.0100579092
962,"-99.3467,39.7847",20147,"Kansas, Phillips",0.18111753371869,17.6791423735189,0.097611435019748,519,1.01002404701224,1.01367781611881,0.023121387283237,12,0.00225691179236412,1.02638809625704,1.02144613845676,0.310400291258301,1.00688964170241,0.1494,0.2292,0.348,0.00470189956742524,1419.91,5.5,22.2,6,5968.4655966,0.15615541,7.1,0.077,48.129033959,3.7,0.344,0.0039495956,0.0060184314
963,"-96.3456,39.3793",20149,"Kansas, Pottawatomie",0.153942428035044,5.06652387032994,0.0329118095316555,799,1.01398101733409,1.01367781611881,0.00375469336670839,3,0.000123573752934877,1,1.02144613845676,0.310400291258301,1.00688964170241,0.1475,0.4002,0.2254,0.00729085142315772,1996.53,5.1,13.8,28.1,4794.7373061,0.1458310464,9.1,0.102,54.851323549,3.7,0.315,0.010668534,0.0096387527
964,"-98.7392,37.6478",20151,"Kansas, Pratt",0.193333333333333,12.3693751332907,0.0639795265515035,600,1.01382959342193,1.01367781611881,0.025,15,0.00159948816378759,1.03239118471,1.02144613845676,0.310400291258301,1.00688964170241,0.2433,0.6167,0.7087,0.009063766261463,1651.67,7.5,18.3,13.2,9003.053616,0.1579505287,7.8,0.086,78.485205527,3.7,0.329,0.0147152911,0.0110897846
965,"-101.0762,39.7853",20153,"Kansas, Rawlins",0.257462686567164,27.511961722488,0.106858054226475,268,1.01114135549141,1.01367781611881,0.0111940298507463,3,0.00119617224880383,1,1.02144613845676,0.310400291258301,1.00688964170241,0.0838,0.5683,0.0621,0.00956937799043062,1497.85,5.7,26.4,2.2,7816.9656729,0.1428264314,6.4,0.105,22.135121604,3,0.277,0.0071770335,0.0043859649
966,"-98.0861,37.9523",20155,"Kansas, Reno",0.206256109481916,20.307336947804,0.0984568990407751,6138,1.0147250706754,1.01367781611881,0.0123818833496253,76,0.00121908183888871,1.03683296633096,1.02144613845676,0.310400291258301,1.00688964170241,0.4258,0.5323,0.7947,0.00357704276410766,1589.09,8.7,18.8,47.9,7271.2369112,0.1594905978,8.8,0.116,22.132198114,3.7,0.36,0.0303647621,0.0087421
967,"-97.6504,39.828",20157,"Kansas, Republic",0.310195227765727,30.6603773584906,0.0988421955403087,461,1.01618307785656,1.01367781611881,0.017353579175705,8,0.00171526586620926,1.01925902092718,1.02144613845676,0.310400291258301,1.00688964170241,0.0984,0.0812,0.2092,0.0135077186963979,1351.42,3.9,27.3,6.5,9052.4417345,0.1524727717,8,0.06,23.930374021,3,0.352,0.0066466552,0.0038593482
968,"-98.1999,38.3462",20159,"Kansas, Rice",0.264802631578947,16.8922463540027,0.063791837162942,608,1.01953301536683,1.01367781611881,0.00164473684210526,1,0.00010492078480747,1,1.02144613845676,0.310400291258301,1.00688964170241,0.5274,0.5571,0.2974,0.00262301962018676,1466.3,9.1,18.1,12.9,8035.3444226,0.166799166,8.1,0.134,70.583659401,3,0.371,0.0128003357,0.0130101773
969,"-96.7342,39.2894",20161,"Kansas, Riley",0.146551724137931,8.30359686851282,0.0566598374557345,4176,1.00963123716902,1.01367781611881,0.00383141762452107,16,0.0002170874998304,1,1.02144613845676,0.310400291258301,1.00688964170241,0.4503,0.6539,0.9532,0.0014789085925946,1723.03,5.7,8.6,119,4804.3105292,0.1460924224,9,0.047,79.353295952,3.7,0.253,0.0627247195,0.0068518242
970,"-99.3248,39.3502",20163,"Kansas, Rooks",0.153658536585366,12.5673249551167,0.0817873528825055,410,1.0049756158181,1.01367781611881,0.0195121951219512,8,0.00159585078795133,1,1.02144613845676,0.310400291258301,1.00688964170241,0.2793,0.0592,0.0742,0.00398962696987832,1486.66,8.8,21.5,5.5,7015.9162055,0.1644803249,7.2,0.108,71.156403877,3,0.352,0.0067823658,0.0059844405
971,"-99.3086,38.5228",20165,"Kansas, Rush",0.166112956810631,16.1655350792111,0.097316521176851,301,,1.01367781611881,0,0,0,,1.02144613845676,0.310400291258301,1.00688964170241,0.3006,0.0755,0.0258,0.011639185257032,1427.08,7.6,24.1,4,10648.039319,0.1535660828,7.5,0.091,44.860310293,2.3,0.383,0.0051729712,0.0100226317
972,"-98.7625,38.9146",20167,"Kansas, Russell",0.191198786039454,18.2423628203272,0.0954104531634574,659,1.01109893798859,1.01367781611881,0.0257966616084977,17,0.00246127117417113,1.01804126125684,1.02144613845676,0.310400291258301,1.00688964170241,0.364,0.3152,0.1315,0.00665991023599247,1318.52,8.1,24.2,7.3,9037.9840008,0.1577499154,7.5,0.126,28.403649056,3.7,0.332,0.0131750398,0.0114376719
973,"-97.6519,38.7837",20169,"Kansas, Saline",0.275406816088425,16.48866748773,0.0598702229738424,3257,1.02256506058858,1.01367781611881,0.013202333435677,43,0.000790426646568997,1.04785445936295,1.02144613845676,0.310400291258301,1.00688964170241,0.2717,0.6855,0.4947,0.00363963897722468,1718.07,9.3,16.6,79,8134.3082653,0.178542953,8.5,0.102,140.93144792,3.7,0.345,0.0322236724,0.0077388283
974,"-100.9067,38.4822",20171,"Kansas, Scott",0.32421875,33.8983050847458,0.104553808454156,512,1.00866309658414,1.01367781611881,0.015625,8,0.00163365325709618,1.06944880005339,1.02144613845676,0.310400291258301,1.00688964170241,0.2398,0.7787,0.4527,0.00510516642842557,1789.03,5.8,16.3,6.7,6111.3115592,0.1549973641,7,0.1,175.2093871,3,0.39,0.0057177864,0.0130692261
975,"-97.4608,37.6843",20173,"Kansas, Sedgwick",0.173041059035739,11.0200990251301,0.0636848796842722,32709,1.01356991240878,1.01367781611881,0.00608395242899508,199,0.000387455778445387,1.02104850939229,1.02144613845676,0.310400291258301,1.00688964170241,0.3943,0.8122,0.4588,0.00158876339302229,1821.85,10.9,13.6,539.1,8102.0964407,0.170320928,10,0.106,181.28926061,5,0.336,0.0873488874,0.0133000524
976,"-100.8507,37.1932",20175,"Kansas, Seward",0.109502262443439,16.6666666666667,0.152203856749311,3315,1.00957886985357,1.01367781611881,0.00422322775263952,14,0.000642791551882461,1.01064309218431,1.02144613845676,0.310400291258301,1.00688964170241,0.8006,0.9911,0.8771,0.00463728191000918,1577.02,17.6,9.8,36.7,6440.7419515,0.1812135472,7.2,0.07,21.743869189,3.7,0.359,0.0407254362,0.0168044077
977,"-95.7557,39.041",20177,"Kansas, Shawnee",0.215837057050816,11.7014743745035,0.054214389940225,9623,1.0167271775002,1.01367781611881,0.017769926218435,171,0.000963385709215263,1.02085028985407,1.02144613845676,0.310400291258301,1.00688964170241,0.2484,0.6991,0.7755,0.00496340824455349,1790.77,7.8,17.1,345,8838.9475498,0.1775899367,9.6,0.113,200.59385499,5,0.367,0.0774821267,0.0141465586
978,"-100.4418,39.3502",20179,"Kansas, Sheridan",0.100286532951289,13.8176075799447,0.137781287011449,349,1.0080290999685,1.01367781611881,0,0,0,,1.02144613845676,0.310400291258301,1.00688964170241,0.021,0.2174,0.0153,0.0209238057639163,1614.72,10.5,22.7,2.8,4128.1337227,0.1497767112,6.7,0.077,45.650976193,3,0.237,0.0043426767,0.0059218318
979,"-101.7198,39.3515",20181,"Kansas, Sherman",0.119284294234592,10.1712154602475,0.0852686896084082,503,1.00640943881764,1.01367781611881,0.0139165009940358,7,0.00118664180369554,1,1.02144613845676,0.310400291258301,1.00688964170241,0.4656,0.3044,0.3569,0.00423800644176979,1403.49,7.8,18.7,5.4,9138.2751352,0.1569117551,6.4,0.199,18.945699456,3.7,0.397,0.0083064926,0.00661129
980,"-98.7857,39.7852",20183,"Kansas, Smith",0.232044198895028,11.6569525395504,0.0502359145156814,181,1.01686821214135,1.01367781611881,0.00552486187845304,1,0.000277546489036914,1,1.02144613845676,0.310400291258301,1.00688964170241,0.1732,0.0729,0.0223,0.0147099639189564,1562.65,7.2,27.4,4.1,7017.1883019,0.1603847318,7.3,0.084,20.294779168,3,0.374,0.0022203719,0.0038856508
981,"-98.7176,38.031",20185,"Kansas, Stafford",0.152892561983471,8.85591191957875,0.057922450933461,242,1.01045965571542,1.01367781611881,0.0206611570247934,5,0.00119674485399713,1.07570373984278,1.02144613845676,0.310400291258301,1.00688964170241,0.3484,0.6673,0.0605,0.00598372426998564,1527.39,9.3,20.6,5.1,9844.4016991,0.1593025785,7.8,0.163,14.288130583,3,0.323,0.0031115366,0.0215414074
982,"-101.7844,37.563",20187,"Kansas, Stanton",0.0584415584415584,4.52944136889784,0.0775037745344741,154,1.00186918497631,1.01367781611881,0.012987012987013,2,0.00100654252642174,1,1.02144613845676,0.310400291258301,1.00688964170241,0.5137,0.8539,0.1286,0.0171112229491696,1414.01,11.3,17.7,3.1,6491.0204723,0.1602806551,6.5,0.038,12.948267171,3,0.379,0.0060392552,0.0221439356
983,"-101.3119,37.1923",20189,"Kansas, Stevens",0.106029106029106,9.1743119266055,0.0865263536607303,481,1.00608547416214,1.01367781611881,0.0103950103950104,5,0.000899442345745638,1.03239118471,1.02144613845676,0.310400291258301,1.00688964170241,0.6726,0.9258,0.5081,0.0179888469149128,1800.11,16.4,13.5,7.7,6660.3434288,0.1642286594,7,0.115,67.978474965,3,0.378,0.0055765425,0.0212268394
984,"-97.4772,37.2368",20191,"Kansas, Sumner",0.269811320754717,12.4369455557488,0.0460949730387894,1060,1.02139620171698,1.01367781611881,0.00566037735849057,6,0.000260914941728996,1,1.02144613845676,0.310400291258301,1.00688964170241,0.2678,0.1882,0.2404,0.00330492259523395,1612.84,8.6,18,17,7788.6174438,0.1651688899,9.1,0.133,20.433250666,3.7,0.423,0.0115672291,0.0129587754
985,"-101.0554,39.3511",20193,"Kansas, Thomas",0.184466019417476,19.7120995979769,0.106860329399559,824,1.01334032403942,1.01367781611881,0.00728155339805825,6,0.000778109194656983,1,1.02144613845676,0.310400291258301,1.00688964170241,0.1287,0.362,0.0952,0.0114122681883024,1672.75,6.8,15.9,7.7,6866.5409254,0.1574457967,6.6,0.049,5.2394967692,3.7,0.334,0.0088185709,0.0107638439
986,"-99.8728,38.9147",20195,"Kansas, Trego",0.176923076923077,16.4697457930541,0.0930898675259578,260,1.01271023379772,1.01367781611881,0.0115384615384615,3,0.00107411385606874,1,1.02144613845676,0.310400291258301,1.00688964170241,0.0226,0.0519,0.0796,0.0221983530254207,1557.95,9.8,24.2,3,7205.0637103,0.1385481363,6.9,0.117,14.872578367,3,0.364,0.007518797,0.0035803795
987,"-96.2035,38.9547",20197,"Kansas, Wabaunsee",0.140804597701149,7.10247862008987,0.0504420930569648,348,1.00761597301056,1.01367781611881,0.00574712643678161,2,0.00028989708653428,1,1.02144613845676,0.310400291258301,1.00688964170241,0.0701,0.177,0.0427,,1593.08,6.1,18.8,6.5,6813.489551,0.1391754148,8.9,0.101,15.276689621,3,0.33,0.0068125815,0.0086969126
988,"-101.7639,38.9169",20199,"Kansas, Wallace",0.0927152317880795,9.31470392548237,0.100465735196274,151,1.00780677326004,1.01367781611881,0,0,0,,1.02144613845676,0.310400291258301,1.00688964170241,0.1341,0.5097,0.0169,,1747.2,7.7,21.7,1.6,,0.1458543251,6.5,0.144,35.643059265,3,0.261,0.005322688,0.0066533599
989,"-97.0875,39.7842",20201,"Kansas, Washington",0.131147540983607,8.85608856088561,0.0675276752767528,366,1.0080601031869,1.01367781611881,0.0218579234972678,8,0.0014760147601476,1.01925902092718,1.02144613845676,0.310400291258301,1.00688964170241,0.2564,0.3537,0.0735,0.00922509225092251,1491.2,4.7,24.2,5.5,5865.709843,0.1439813019,8.4,0.074,10.311364146,3,0.329,0.0055350554,0.0053505535
990,"-101.3472,38.4818",20203,"Kansas, Wichita",0.157894736842105,12.8266033254157,0.0812351543942993,171,1.00775379492937,1.01367781611881,0.0116959064327485,2,0.000950118764845606,1,1.02144613845676,0.310400291258301,1.00688964170241,0.1879,0.8707,0.2872,0.0175771971496437,1599.41,5.4,21.3,3.3,6007.4238887,0.1350333712,6.8,0.116,84.020102732,2,0.362,0.0104513064,0.0104513064
991,"-95.7432,37.5594",20205,"Kansas, Wilson",0.36784140969163,19.2729371032891,0.0523946912867859,454,1.02965906415454,1.01367781611881,0.00881057268722467,4,0.000461627236006924,1,1.02144613845676,0.310400291258301,1.00688964170241,0.4838,0.1843,0.6514,0.00565493364108482,1387.19,8,20.6,15.1,9455.7597873,0.1809437455,9.7,0.187,15.385290927,3,0.397,0.0056549336,0.0173110214
992,"-95.7401,37.8865",20207,"Kansas, Woodson",0.252873563218391,6.91171850455545,0.0273327049952875,87,1.01572221247326,1.01367781611881,0,0,0,,1.02144613845676,0.310400291258301,1.00688964170241,0.8172,0.2802,0.0471,,1124.16,14.8,23.3,5.2,6861.4111737,0.1832212382,9.2,0.102,34.744932488,3,0.382,0.0056550424,0.0160226202
993,"-94.7638,39.1173",20209,"Kansas, Wyandotte",0.132563089084828,10.5489826038567,0.0795770728992766,13156,1.0120727383549,1.01367781611881,0.013986013986014,184,0.00111296605453534,1,1.02144613845676,0.310400291258301,1.00688964170241,0.8828,0.9659,0.6686,0.0069923302121894,1474.7,18.5,11.7,1164.3,9625.6869721,0.2098008463,10.1,0.128,239.57102979,5,0.395,0.2190365585,0.0138394909
994,"-85.2813,37.1046",21001,"Kentucky, Adair",0.243105209397344,12.3861566484517,0.0509497788186313,979,1.02671801863582,1.01528218903529,0.034729315628192,34,0.00176945094977882,1.05742641341944,1.00905789134592,0.652464796139649,1.00724672074445,0.8732,0.1515,0.9303,0.00385115794951861,1201.61,6.9,17.6,41.9,10222.151891,0.226199734,10.4,0.175,47.198973583,3.3,0.409,0.0289357273,0.0028103044
995,"-86.1946,36.752",21003,"Kentucky, Allen",0.198228128460687,8.47457627118644,0.0427516333680523,903,1.01654687587389,1.01528218903529,0.0166112956810631,15,0.000710160022725121,1.00990485606307,1.00905789134592,0.652464796139649,1.00724672074445,0.7841,0.2716,0.3674,0.0011836000378752,1276.24,7.7,17,52.1,10941.398389,0.2217507484,10.6,0.12,8.3451364135,3.7,0.375,0.0115519364,0.0032193921
996,"-84.9917,38.0067",21005,"Kentucky, Anderson",0.290730337078652,9.13383047257645,0.0314168468428716,712,1.02671801863582,1.01528218903529,0.00140449438202247,1,4.41247848916737e-05,1,1.00905789134592,0.652464796139649,1.00724672074445,0.565,0.1789,0.0564,,1694.21,4,15,84.7,10588.188352,0.191322716,10.9,0.149,50.285792931,3.7,0.369,0.0205621498,0.0024268632
997,"-88.9943,37.0584",21007,"Kentucky, Ballard",0.285,7.14375234991854,0.0250657977190124,200,1.01678703297815,1.01528218903529,0.01,2,0.000250657977190124,1,1.00905789134592,0.652464796139649,1.00724672074445,0.621,0.0917,0.3556,,1465.3,9.5,20,26.9,8964.2846647,0.2045864029,11.1,0.16,51.428721113,2.3,0.364,0.0335881689,0.0031332247
998,"-85.9334,36.9647",21009,"Kentucky, Barren",0.144541484716157,7.49275624773633,0.0518381021369069,2290,1.00851749068895,1.01528218903529,0.0152838427947598,35,0.000792285403839189,1.0041496628021,1.00905789134592,0.652464796139649,1.00724672074445,0.8764,0.2642,0.5164,0.00407461064831583,1260.73,7.9,17,89.2,8467.4712658,0.2239592423,10.8,0.116,19.21595275,4,0.337,0.0405876494,0.003553966
999,"-83.7459,38.1474",21011,"Kentucky, Bath",0.27720207253886,8.64087862391989,0.0311717677461035,386,1.01162514405204,1.01528218903529,0.00259067357512953,1,8.07558749899055e-05,1,1.00905789134592,0.652464796139649,1.00724672074445,0.8924,0.0331,0.4699,,1045.54,7.5,16.1,36.6,12221.102371,0.2300592844,10,0.124,10.279985148,3,0.419,0.0138092546,0.0025034321
1000,"-83.6777,36.7336",21013,"Kentucky, Bell",0.180858085808581,10.312770522037,0.0570213406601679,1515,1.01405344050874,1.01528218903529,0.0138613861386139,21,0.00079039482103203,1.0069943706001,1.00905789134592,0.652464796139649,1.00724672074445,0.9873,0.1261,0.9039,0.00812977530204373,831.96,5.4,18.1,84.8,13367.010295,0.2754840091,9.7,0.226,62.702966378,3.3,0.374,0.0242387745,0.0025970116
1001,"-84.7262,38.9707",21015,"Kentucky, Boone",0.248457291328353,11.6320619160211,0.0468171485482731,6158,1.0176011696012,1.01528218903529,0.00568366352711919,35,0.000266092919647541,1.00844121353096,1.00905789134592,0.652464796139649,1.00724672074445,0.0783,0.5616,0.0977,0.00206031946355667,2557.9,4.6,12.5,599,6677.022486,0.1765411866,12,0.107,240.13412693,5,0.358,0.0342347548,0.0021287434
1002,"-84.2183,38.2055",21017,"Kentucky, Bourbon",0.232624113475177,8.1252477209671,0.0349286563614744,705,1.0168912511348,1.01528218903529,0.00141843971631206,1,4.95441934205311e-05,1,1.00905789134592,0.652464796139649,1.00724672074445,0.6414,0.6832,0.1738,0.0028735632183908,1440.13,7.8,18.2,66.4,9869.3823296,0.2042339115,10.5,0.107,67.879779945,4,0.303,0.0576694411,0.0040130797
1003,"-82.6865,38.3618",21019,"Kentucky, Boyd",0.313725490196078,16.9348010160881,0.0539796782387807,2550,1.02854514272929,1.01528218903529,0.0109803921568627,28,0.000592718035563082,1.01632157731989,1.00905789134592,0.652464796139649,1.00724672074445,0.7118,0.1184,0.7657,0.00963166807790009,1596.12,6.2,18.5,346.4,10873.439558,0.2158710532,10.4,0.153,126.6145421,5,0.405,0.0280059272,0.0032811177
1004,"-84.8634,37.6268",21021,"Kentucky, Boyle",0.37221494102228,18.8704318936877,0.0506976744186046,1526,1.03248786866027,1.01528218903529,0,0,0,,1.00905789134592,0.652464796139649,1.00724672074445,0.4994,0.4677,0.4155,0.00654485049833887,1591.69,4.7,18.2,182.5,9737.7723106,0.2016275966,10.5,0.146,44.165905559,4,0.285,0.0772425249,0.002923588
1005,"-84.0853,38.6916",21023,"Kentucky, Bracken",0.348214285714286,9.46716834567302,0.0271877655055225,224,1.02075354846402,1.01528218903529,0.0133928571428571,3,0.000364121859448962,1,1.00905789134592,0.652464796139649,1.00724672074445,0.7003,0.0764,0.4884,,1397.73,5.4,15.7,31,12200.179667,0.2100825514,10.5,0.098,5.0337590278,3,0.317,0.0064328195,0.0031557228
1006,"-83.3196,37.5233",21025,"Kentucky, Breathitt",0.202173913043478,7.30787364450731,0.0361464717900361,460,1.01239348126782,1.01528218903529,0.00652173913043478,3,0.000235737859500236,1,1.00905789134592,0.652464796139649,1.00724672074445,0.9908,0.0118,0.9249,0.00432186075750432,907.98,4,15.7,27.7,15948.120217,0.2668442585,9.7,0.199,24.950983372,3.3,0.381,0.0058148672,0.0018073236
1007,"-86.4289,37.7738",21027,"Kentucky, Breckinridge",0.171374764595104,4.46340984893074,0.0260447321954091,531,1.0172766772846,1.01528218903529,0.00753295668549906,4,0.000196193839513439,1,1.00905789134592,0.652464796139649,1.00724672074445,0.8248,0.2706,0.7498,0.001226211496959,1359.94,7.9,18.7,30.1,9771.8584703,0.2229518945,11.8,0.127,17.953064959,3.7,0.246,0.0205022562,0.0051500883
1008,"-85.6896,37.9716",21029,"Kentucky, Bullitt",0.205529181792795,9.07868605755591,0.0441722483316681,3581,1.01529590750578,1.01528218903529,0.00698129014241832,25,0.000308379281846328,1.01842967859905,1.00905789134592,0.652464796139649,1.00724672074445,0.3548,0.1608,0.064,,1991.43,4,14.8,218.2,7926.3335162,0.1971522299,12.4,0.172,79.957135253,5,0.345,0.0117924237,0.0038362383
1009,"-86.6875,37.2095",21031,"Kentucky, Butler",0.146666666666667,7.75133103664266,0.0528499843407454,675,1.01059374196693,1.01528218903529,0.0237037037037037,16,0.00125274036955841,1,1.00905789134592,0.652464796139649,1.00724672074445,0.8061,0.4311,0.6641,,1154.95,8.9,17.7,26.2,11567.465381,0.2293957039,11.1,0.132,5.9144527381,3,0.313,0.0054024428,0.0041497025
1010,"-87.8695,37.1475",21033,"Kentucky, Caldwell",0.275252525252525,17.1451042076288,0.0622886354699174,792,1.01655644283365,1.01528218903529,0.0151515151515152,12,0.000943767204089658,1.05963402266705,1.00905789134592,0.652464796139649,1.00724672074445,0.4561,0.2127,0.5138,0.00196618167518679,1291.91,5.8,20.4,34.8,9761.7701927,0.1974068894,10.9,0.149,8.6848966745,3.7,0.336,0.0546598506,0.0031458907
1011,"-88.2732,36.6209",21035,"Kentucky, Calloway",0.158047365877235,8.35569183595247,0.0528682764788552,2069,1.0100593535091,1.01528218903529,0.00821652972450459,17,0.000434393765171841,1,1.00905789134592,0.652464796139649,1.00724672074445,0.6576,0.3391,0.8026,0.0038839913121247,1368.29,5.8,16.6,97.6,7246.0522675,0.1939167467,10.7,0.096,67.770139052,3.7,0.33,0.0402708573,0.0031429667
1012,"-84.3788,38.9438",21037,"Kentucky, Campbell",0.228222523744912,9.02825489522501,0.0395590003435246,3685,1.01597690185234,1.01528218903529,0.00597014925373134,22,0.000236173136379251,1.0066678482933,1.00905789134592,0.652464796139649,1.00724672074445,0.2672,0.2267,0.6778,0.0019108553761594,2188.65,4.6,14.9,496.6,8892.0779563,0.1909263056,11.7,0.095,378.27444822,4,0.316,0.0284803332,0.0020289419
1013,"-88.9669,36.8537",21039,"Kentucky, Carlisle",0.208661417322835,11.1087822259484,0.0532383148186963,254,1.01811762771728,1.01528218903529,0.00393700787401575,1,0.000209599664640537,1,1.00905789134592,0.652464796139649,1.00724672074445,0.7201,0.1385,0.178,,1345.13,4.7,20.5,19.8,10566.395239,0.2221904221,11,0.106,16.900012446,2.3,0.27,0.0140431775,0.0064975896
1014,"-85.126,38.666",21041,"Kentucky, Carroll",0.221218961625282,9.12731675514576,0.0412591971686691,443,1.01987090669802,1.01528218903529,0.0135440180586907,6,0.000558815311539536,1,1.00905789134592,0.652464796139649,1.00724672074445,0.9121,0.4731,0.8621,0.00232839713141473,1407.49,7.8,15,102.1,12596.821544,0.2239797873,11.1,0.128,21.026065419,4,0.293,0.0169507311,0.0043773866
1015,"-83.0509,38.3169",21043,"Kentucky, Carter",0.254980079681275,9.48007702562583,0.0371796770848763,1004,1.02304391911073,1.01528218903529,0.0049800796812749,5,0.000185157754406755,1,1.00905789134592,0.652464796139649,1.00724672074445,0.9532,0.0605,0.7991,,1112.42,7.9,17.8,60.5,10941.674072,0.2266857811,9.6,0.152,19.063975283,3.7,0.396,0.006184269,0.002555177
1016,"-84.9273,37.3253",21045,"Kentucky, Casey",0.234493192133132,9.75579053373615,0.041603726082578,661,1.02661011405681,1.01528218903529,0.0302571860816944,20,0.00125881168177241,1.03239118471,1.00905789134592,0.652464796139649,1.00724672074445,0.9666,0.1958,0.5594,0.00151057401812689,1121.03,9.8,19.8,31.5,12001.621176,0.2644768153,10.4,0.142,16.126706187,3,0.348,0.0085599194,0.0045317221
1017,"-87.4906,36.8927",21047,"Kentucky, Christian",0.156,7.61814401919884,0.0488342565333259,3500,1.01144526263513,1.01528218903529,0.0125714285714286,44,0.000613916367847525,1.00328961583835,1.00905789134592,0.652464796139649,1.00724672074445,0.8226,0.6533,0.9306,0.0109667787529126,1489.99,8.5,11.7,155.2,10557.795609,0.2347389332,10.9,0.106,81.356623579,4,0.341,0.2141172859,0.0074088543
1018,"-84.1462,37.9689",21049,"Kentucky, Clark",0.24149377593361,8.02780766365969,0.0332422963392094,1205,1.01590296742778,1.01528218903529,0.0107883817427386,13,0.000358630582912632,1.01150029829051,1.00905789134592,0.652464796139649,1.00724672074445,0.571,0.4626,0.4772,,1777.02,5.7,17.2,137.5,10640.491122,0.1885119988,10.4,0.107,93.941293036,4,0.361,0.0470909542,0.0024000662
1019,"-83.7126,37.1645",21051,"Kentucky, Clay",0.196588139723802,12.0368067644864,0.0612285501119125,1231,1.0091453516756,1.01528218903529,0.00649878147847279,8,0.00039791096742104,1,1.00905789134592,0.652464796139649,1.00724672074445,0.9965,0.1726,0.9898,0.00243720467545387,827.41,8.1,14.3,38.7,13419.795325,0.2930991805,9.8,0.125,18.91563438,3.3,0.363,0.0379010196,0.0022879881
1020,"-85.1338,36.7258",21053,"Kentucky, Clinton",0.274401473296501,14.5992553399961,0.0532039976484421,543,1.02785460971086,1.01528218903529,0.0184162062615101,10,0.000979815794630609,1.1398522810476,1.00905789134592,0.652464796139649,1.00724672074445,0.9312,0.0382,0.7125,0.00411522633744856,1143.38,8.5,18.8,53.8,9211.1649469,0.23363065,9.7,0.145,6.5259890817,2.3,0.352,0.0049970606,0.0028414658
1021,"-88.0883,37.3584",21055,"Kentucky, Crittenden",0.197368421052632,6.73022994952327,0.0340998317442513,304,1.02091189076553,1.01528218903529,0.00986842105263158,3,0.000336511497476164,1,1.00905789134592,0.652464796139649,1.00724672074445,0.5889,0.219,0.4419,0.00538418395961862,1384.87,10.3,20,21.7,10623.182177,0.2192792403,11.1,0.082,39.058424351,3,0.313,0.0097588334,0.0041503085
1022,"-85.3905,36.7893",21057,"Kentucky, Cumberland",0.293159609120521,13.5155428743055,0.0461030184712419,307,1.03275199261623,1.01528218903529,0.00651465798045603,2,0.000300345397206788,,1.00905789134592,0.652464796139649,1.00724672074445,0.8385,0.0984,0.4632,0.00375431746508485,1136.26,10.6,21.1,20.9,9517.3725893,0.2137402923,9.9,0.161,21.516121542,3,0.373,0.0291335035,0.0016518997
1023,"-87.0902,37.7303",21059,"Kentucky, Daviess",0.24433304272014,11.0875929735718,0.0453790156670359,4588,1.01520749933353,1.01528218903529,0.0124237140366173,57,0.000563775913910429,1.00775379492937,1.00905789134592,0.652464796139649,1.00724672074445,0.4573,0.4769,0.7071,0.00521245450229467,1739.98,4.5,16.4,218.3,8500.6450281,0.1734145221,12.2,0.123,178.80295042,5,0.313,0.0489891597,0.0016814369
1024,"-86.2396,37.2122",21061,"Kentucky, Edmonson",0.226980728051392,8.63614143718429,0.0380479061430666,467,1.01119125439316,1.01528218903529,0.0278372591006424,13,0.00105914942154147,1,1.00905789134592,0.652464796139649,1.00724672074445,0.8911,0.1334,0.588,,1264.56,4.8,19.7,32.1,8582.3178322,0.2171038823,11,0.167,11.763954551,3,0.362,0.0189017435,0.0041551247
1025,"-83.0977,38.1162",21063,"Kentucky, Elliott",0.109722222222222,10.5221097496004,0.0958977091102824,720,1.00883594265924,1.01528218903529,0.00138888888888889,1,0.00013319126265317,1,1.00905789134592,0.652464796139649,1.00724672074445,0.8691,0.0764,0.6775,,945.04,5.2,18.4,29.1,11599.979269,0.2728170266,9.4,0.182,15.770917323,3,0.399,0.0360948322,0.0031965903
1026,"-83.9596,37.6924",21065,"Kentucky, Estill",0.163410301953819,6.47978588533596,0.0396534723200451,563,1.01594048097627,1.01528218903529,0,0,0,,1.00905789134592,0.652464796139649,1.00724672074445,0.9885,0.0073,0.6119,0.00176081138188477,933.5,5.6,18.2,47,14464.705368,0.2515535186,9.8,0.174,23.234062378,3.7,0.4,0.0044372447,0.0030285956
1027,"-84.4558,38.0368",21067,"Kentucky, Fayette",0.168165554588531,10.7418617579838,0.063876706405584,20682,1.01119848174044,1.01528218903529,0.00614060535731554,127,0.000392241645561801,1.00458228543438,1.00905789134592,0.652464796139649,1.00724672074445,0.3841,0.8029,0.7701,0.00800543578973377,2085.53,7.3,12.6,1249.9,7528.930619,0.1962875584,10.8,0.099,481.34412162,4.3,0.267,0.1476465501,0.0028414355
1028,"-83.6966,38.3676",21069,"Kentucky, Fleming",0.330188679245283,12.1258314855876,0.0367239467849224,530,1.03627522874799,1.01528218903529,0.00188679245283019,1,6.9290465631929e-05,,1.00905789134592,0.652464796139649,1.00724672074445,0.807,0.3238,0.4989,0.00360310421286031,1446.46,9.9,17,34.3,10775.218327,0.2211863337,10.1,0.128,7.2849914631,3.7,0.34,0.0138580931,0.0014550998
1029,"-82.7475,37.5621",21071,"Kentucky, Floyd",0.193130265716137,8.31357232528944,0.0430464499930255,1543,1.01618239279301,1.01528218903529,0.00583279325988334,9,0.000251081043381225,1.01696850489722,1.00905789134592,0.652464796139649,1.00724672074445,0.9866,0.0261,0.9048,0.00624912819082159,1040.9,6.6,17.1,109.8,14451.871516,0.2481965808,10,0.168,47.382165575,3.7,0.413,0.0105454038,0.0017296694
1030,"-84.8796,38.2379",21073,"Kentucky, Franklin",0.222222222222222,7.91104988684444,0.0355997244908,1809,1.01481842729282,1.01528218903529,0.00939745715865119,17,0.000334546885762078,1,1.00905789134592,0.652464796139649,1.00724672074445,0.3898,0.6215,0.7332,0.0034045065433435,1738.28,8.1,16.8,295.1,10071.73732,0.1908310593,11,0.126,174.35327868,4.3,0.371,0.104004723,0.0037784119
1031,"-89.2014,36.5524",21075,"Kentucky, Fulton",0.0917431192660551,4.90196078431373,0.0534313725490196,327,1.00581213744963,1.01528218903529,0.0122324159021407,4,0.00065359477124183,1,1.00905789134592,0.652464796139649,1.00724672074445,0.9271,0.4101,0.4839,,996.33,5.6,19.8,28.5,12226.197725,0.2464168229,10.9,0.129,21.46276057,3,0.396,0.2383986928,0.0047385621
1032,"-84.8558,38.754",21077,"Kentucky, Gallatin",0.394805194805195,17.2101449275362,0.0435914855072464,385,1.0357873551026,1.01528218903529,0.0233766233766234,9,0.00101902173913043,1,1.00905789134592,0.652464796139649,1.00724672074445,0.7048,0.3801,0.6813,,1529.14,9.2,13.4,71.5,13620.126978,0.2113826854,11.1,0.138,50.95863195,3.3,0.304,0.0142663043,0.0027173913
1033,"-84.5329,37.6389",21079,"Kentucky, Garrard",0.244332493702771,11.0478359908884,0.0452164009111617,794,1.0171287078912,1.01528218903529,0.00503778337531486,4,0.000227790432801822,1,1.00905789134592,0.652464796139649,1.00724672074445,0.699,0.1293,0.148,,1495.13,7.5,17.4,54.2,9618.227903,0.204146597,10.4,0.171,40.19564175,2.3,0.389,0.0198177677,0.0029612756
1034,"-84.6242,38.6496",21081,"Kentucky, Grant",0.345766129032258,13.6539150511524,0.0394888738505633,992,1.02111777395104,1.01528218903529,0.00604838709677419,6,0.000238843995063891,1,1.00905789134592,0.652464796139649,1.00724672074445,0.5975,0.1057,0.6087,0.000995183312766212,1453.15,6.2,13.3,76.1,11768.335751,0.2313007571,10.9,0.136,88.051613758,4,0.336,0.0088770351,0.0026272839
1035,"-88.6514,36.7229",21083,"Kentucky, Graves",0.173242630385488,10.2366213789962,0.0590883511536297,2205,1.00913606857678,1.01528218903529,0.018140589569161,40,0.00107189752659646,1.00362337833333,1.00905789134592,0.652464796139649,1.00724672074445,0.7678,0.6358,0.5801,0.00286732588364552,1346.67,6.9,17.9,60,9211.1550448,0.2213156973,11,0.12,29.283491137,4,0.35,0.0407589034,0.0050915133
1036,"-86.3425,37.4623",21085,"Kentucky, Grayson",0.156987295825771,6.57269860567608,0.0418677101933817,1102,1.01124922433632,1.01528218903529,0.0226860254083485,25,0.000949811937236427,1,1.00905789134592,0.652464796139649,1.00724672074445,0.7946,0.1016,0.5501,0.00284943581170928,1284.24,5.4,16.8,47.5,11886.493927,0.2425628987,11.3,0.147,10.326304289,3.7,0.374,0.0117016831,0.0026214809
1037,"-85.5541,37.2648",21087,"Kentucky, Green",0.17056856187291,9.23160467010589,0.0541225450266992,598,1.01657433082119,1.01528218903529,0.0167224080267559,10,0.000905059281382931,1,1.00905789134592,0.652464796139649,1.00724672074445,0.6949,0.2381,0.3238,0.00316770748484026,1233.05,4.8,19.8,31.1,8796.0201204,0.2110902975,10.7,0.121,17.458480625,2.3,0.346,0.020092316,0.0042537786
1038,"-82.9216,38.5433",21089,"Kentucky, Greenup",0.244204851752022,12.8445049336509,0.052597255302257,1855,1.01695871543488,1.01528218903529,0.0091644204851752,17,0.000482023363955994,1.00869827228079,1.00905789134592,0.652464796139649,1.00724672074445,0.6217,0.0153,0.1544,0.0053873199500964,1493.08,5.7,20.1,87.8,9398.3838009,0.2024295715,10.4,0.18,79.048453871,4,0.404,0.0077407281,0.0035159351
1039,"-86.7828,37.8377",21091,"Kentucky, Hancock",0.156593406593407,6.50833523635533,0.0415620004567253,364,1.00936809277693,1.01528218903529,0.0247252747252747,9,0.00102763187942453,1,1.00905789134592,0.652464796139649,1.00724672074445,0.5946,0.2811,0.127,,1503.44,4.1,16.6,51.1,8006.6341779,0.213141852,12.1,0.16,16.765731398,2.3,0.308,0.014272665,0.0035396209
1040,"-85.9632,37.6976",21093,"Kentucky, Hardin",0.189455388180765,8.88941244698974,0.046920874261481,5178,1.0143340704151,1.01528218903529,0.00695249130938586,36,0.000326216970531734,1.00819891621082,1.00905789134592,0.652464796139649,1.00724672074445,0.4185,0.4995,0.6625,0.00421363586936823,1769.33,5.1,13.2,188.9,8104.2916673,0.2119897401,11.8,0.132,106.04371771,5,0.378,0.1210355576,0.0046485918
1041,"-83.219,36.857",21095,"Kentucky, Harlan",0.265139116202946,12.2685448142679,0.0462721042068992,1222,1.0275936327343,1.01528218903529,0.0130932896890344,16,0.000605854064902117,1.00926242190831,1.00905789134592,0.652464796139649,1.00724672074445,0.9889,0.1016,0.8873,0.00567988185845734,912.36,6.4,17.3,67.3,14335.991989,0.2670855187,9.6,0.18,34.348404336,3.7,0.324,0.0201825135,0.0025370139
1042,"-84.3287,38.4419",21097,"Kentucky, Harrison",0.199329983249581,6.33720311002237,0.0317925231654063,597,1.01908492549113,1.01528218903529,0.0016750418760469,1,5.32538076472468e-05,1,1.00905789134592,0.652464796139649,1.00724672074445,0.6631,0.1102,0.5575,0.00324848226648205,1492.98,7.7,17.6,53.2,10750.601475,0.2002531707,10.5,0.1,4.0810428886,4,0.358,0.0191181169,0.0029822132
1043,"-85.8846,37.2994",21099,"Kentucky, Hart",0.313285457809695,18.4597482280757,0.0589230931979266,1114,1.02012086514236,1.01528218903529,0.00448833034111311,5,0.000264466306992489,1,1.00905789134592,0.652464796139649,1.00724672074445,0.9048,0.2006,0.6479,0.00132233153496245,1223.7,8.9,16.3,41.2,9405.2887675,0.2303942561,11,0.075,12.0834709,3.7,0.307,0.0453824183,0.0024859833
1044,"-87.5739,37.7934",21101,"Kentucky, Henderson",0.170212765957447,9.30008115636858,0.0546379767936654,2491,1.0102735828544,1.01528218903529,0.0156563629064633,39,0.000855431993156544,1.0037176772541,1.00905789134592,0.652464796139649,1.00724672074445,0.5796,0.3158,0.7714,0.00421135750477068,1568.28,4.9,16.8,94.8,9445.3212868,0.2149657937,12,0.166,193.23084784,4,0.358,0.0806957514,0.0033120572
1045,"-85.1159,38.4494",21103,"Kentucky, Henry",0.247376311844078,10.2446293306842,0.0414131379610083,667,1.0194150474888,1.01528218903529,0.00449775112443778,3,0.000186265987830622,1,1.00905789134592,0.652464796139649,1.00724672074445,0.679,0.1987,0.2391,,1570.8,8.4,16.4,43.6,8931.9001416,0.2079678682,11.2,0.104,33.973769057,3.7,0.287,0.0284986961,0.0036011424
1046,"-88.9788,36.6795",21105,"Kentucky, Hickman",0.230392156862745,10.631078941416,0.0461434064691246,204,1.01020831316065,1.01528218903529,0.0147058823529412,3,0.000678579506898892,1,1.00905789134592,0.652464796139649,1.00724672074445,0.6994,0.2728,0.496,,1167.11,4.7,23.9,18.1,7989.8113131,0.2249380453,10.7,0.133,20.744001094,3,0.296,0.0945487446,0.002714318
1047,"-87.5467,37.3094",21107,"Kentucky, Hopkins",0.181900452488688,8.91985444217627,0.0490370107393272,2210,1.01142948477062,1.01528218903529,0.0257918552036199,57,0.00126475548060708,1.01320174780559,1.00905789134592,0.652464796139649,1.00724672074445,0.6535,0.2085,0.433,0.00865359013046951,1423.43,7.8,17.4,82.2,10402.172443,0.2044477119,11.6,0.148,30.981282821,4,0.359,0.0664995118,0.0029510961
1048,"-83.9983,37.4187",21109,"Kentucky, Jackson",0.118367346938776,6.47225115310222,0.0546793631900015,735,1.00844121353096,1.01528218903529,0.0244897959183673,18,0.00133908644546942,1.00819891621082,1.00905789134592,0.652464796139649,1.00724672074445,0.9828,0.001,0.3276,,1004.92,4.1,16.2,35.6,11764.508413,0.2650872282,9.8,0.175,8.3396411429,3,0.435,0.003124535,0.0023062044
1049,"-85.6593,38.1866",21111,"Kentucky, Jefferson",0.171771839209522,9.92710089459415,0.0577923653858383,44530,1.0125154505856,1.01528218903529,0.0108017067145744,481,0.00062425618123935,1.00331040667653,1.00905789134592,0.652464796139649,1.00724672074445,0.3812,0.8001,0.7128,0.00597520885327644,2053.75,5.5,15.3,2172.1,9908.826528,0.198269563,12.9,0.121,697.75405449,5,0.322,0.217707072,0.0019856797
1050,"-84.5825,37.8712",21113,"Kentucky, Jessamine",0.222611744084137,9.4213649851632,0.0423219584569733,2282,1.01543395751244,1.01528218903529,0.0166520595968449,38,0.000704747774480712,1.00775379492937,1.00905789134592,0.652464796139649,1.00724672074445,0.5471,0.5514,0.2703,,2262,6.7,14.4,282.9,8622.2099422,0.202406048,10.8,0.122,73.627547669,5,0.336,0.0427299703,0.003041543
1051,"-82.8264,37.8511",21115,"Kentucky, Johnson",0.21377183967112,9.29152148664344,0.0434646654158849,973,1.01396212714082,1.01528218903529,0.0113052415210689,11,0.000491378540159028,1.06669950157661,1.00905789134592,0.652464796139649,1.00724672074445,0.9264,0.1258,0.9459,0.00321629589922273,1165.17,4.1,17.2,90.4,12365.782555,0.2200653314,9.8,0.179,13.717207936,4,0.436,0.0044224069,0.0019655142
1052,"-84.5324,38.9395",21117,"Kentucky, Kenton",0.237526652452026,10.0631733624007,0.0423665018578629,7035,1.01732523816837,1.01528218903529,0.00895522388059702,63,0.000379401509174892,1.0022883773974,1.00905789134592,0.652464796139649,1.00724672074445,0.2879,0.4731,0.4343,0.00467928527982367,2081.89,5.9,13.6,922.7,9674.9765149,0.2100643326,12.2,0.111,583.24330907,5,0.332,0.0471963433,0.002420943
1053,"-82.9498,37.3539",21119,"Kentucky, Knott",0.126153846153846,5.42112918154172,0.0429723654634404,650,1.01150029829051,1.01528218903529,0.0138461538461538,9,0.000595001983339944,1,1.00905789134592,0.652464796139649,1.00724672074445,0.9904,0.0261,0.9876,,1036.62,6.3,16.9,42.6,14323.450773,0.2495956767,9.7,0.168,8.1312200635,3,0.411,0.0093216977,0.0016527833
1054,"-83.854,36.8923",21121,"Kentucky, Knox",0.179329226557153,8.36953743930488,0.04667135190391,1461,1.01504408275659,1.01528218903529,0.00684462696783025,10,0.000319447993866598,1,1.00905789134592,0.652464796139649,1.00724672074445,0.9653,0.0408,0.8173,0.000798619984666496,869.38,6.6,17,82.9,12635.068648,0.2805771658,9.9,0.125,66.372482749,4,0.394,0.0121390238,0.0027472527
1055,"-85.7014,37.5457",21123,"Kentucky, Larue",0.19054441260745,9.29614873837981,0.0487873069127001,698,1.01156932383419,1.01528218903529,0.00143266475644699,1,6.98958551757881e-05,1,1.00905789134592,0.652464796139649,1.00724672074445,0.7131,0.3391,0.1515,,1412.12,5.9,17.3,44.8,7734.9287998,0.2133617304,11.2,0.102,33.676005701,3.7,0.361,0.0297057384,0.0035646886
1056,"-84.1132,37.1098",21125,"Kentucky, Laurel",0.187793427230047,9.23041421483789,0.0491519556940118,2982,1.01285219029561,1.01528218903529,0.00402414486921529,12,0.000197794590317955,1,1.00905789134592,0.652464796139649,1.00724672074445,0.9067,0.043,0.7447,0.00247243237897443,1273.31,6,15.7,142.7,10370.009506,0.2145202018,10,0.158,85.867408155,5,0.391,0.0071041224,0.0036591999
1057,"-82.7288,38.0714",21127,"Kentucky, Lawrence",0.296229802513465,10.5966219253741,0.0357716267420204,557,1.01700111258316,1.01528218903529,0.00538599640933573,3,0.00019266585318862,1.05963402266705,1.00905789134592,0.652464796139649,1.00724672074445,0.9729,0.2022,0.5727,0.0057799755956586,1072.67,9.1,16.9,34.6,11900.651327,0.2297247082,9.9,0.198,22.276990042,3.7,0.397,0.0038533171,0.0017339927
1058,"-83.7151,37.5965",21129,"Kentucky, Lee",0.0702106318956871,9.95307834494526,0.14176027299872,997,1.00319269998213,1.01528218903529,0.0170511534603811,17,0.00241717616948671,1.01804126125684,1.00905789134592,0.652464796139649,1.00724672074445,0.9796,0.0341,0.7997,,772.79,3.1,17.3,32.5,15122.866748,0.2661471406,9.6,0.116,17.978097783,3,0.398,0.0214702119,0.0055452865
1059,"-83.38,37.0925",21131,"Kentucky, Leslie",0.259842519685039,9.76042590949423,0.0375628512274475,381,1.0194229153035,1.01528218903529,0.0026246719160105,1,9.85901607019619e-05,1,1.00905789134592,0.652464796139649,1.00724672074445,0.9933,0.0064,0.8911,0.00246475401754905,916.29,4.5,16.8,26.5,12967.637521,0.2568166175,9.5,0.158,7.1977559588,3,0.414,0.0036478359,0.0018732131
1060,"-82.8535,37.1231",21133,"Kentucky, Letcher",0.254957507082153,8.21955340426504,0.0322389150189506,706,1.02772422194128,1.01528218903529,0.0028328611898017,2,9.13283711585004e-05,1,1.00905789134592,0.652464796139649,1.00724672074445,0.985,0.0541,0.8131,0.00410977670213252,985.94,5.4,17.9,72.2,13612.001714,0.2600692573,9.5,0.194,45.410207529,3,0.389,0.0059363441,0.0019178958
1061,"-83.3774,38.5318",21135,"Kentucky, Lewis",0.219435736677116,10.5604586256317,0.0481255185939504,638,1.01099172220713,1.01528218903529,0.0344827586206897,22,0.0016595006411707,1,1.00905789134592,0.652464796139649,1.00724672074445,0.9404,0.0051,0.3986,,1021.86,5.6,17.7,25.4,14194.027326,0.2518728124,10,0.135,15.835887632,2.3,0.433,0.0037715924,0.0028664102
1062,"-84.6565,37.4548",21137,"Kentucky, Lincoln",0.373626373626374,16.5557539360493,0.0443109884758968,1092,1.03098080370314,1.01528218903529,0.0183150183150183,20,0.000811556565492615,1,1.00905789134592,0.652464796139649,1.00724672074445,0.9061,0.1751,0.4623,0.00101444570686577,1197.39,9.4,17.4,60.8,11302.001142,0.2306488204,10.3,0.171,39.624784569,3.7,0.38,0.0220337608,0.0022317806
1063,"-88.348,37.2114",21139,"Kentucky, Livingston",0.278048780487805,12.3349924258818,0.0443626920579961,410,1.02202854947669,1.01528218903529,0.00975609756097561,4,0.000432806751785328,1.04195362743721,1.00905789134592,0.652464796139649,1.00724672074445,0.5191,0.0201,0.2079,0.0027050421986583,1360.76,3.8,20.4,24.1,11396.276483,0.1992290794,11.1,0.094,7.5943667361,3,0.323,0.0054100844,0.0049772776
1064,"-86.8776,36.8595",21141,"Kentucky, Logan",0.148070175438596,7.81799992589574,0.0527992885990589,1425,1.01165249515929,1.01528218903529,0.0252631578947368,36,0.0013338767646078,1,1.00905789134592,0.652464796139649,1.00724672074445,0.6955,0.3598,0.2534,0.00277890992626626,1322.88,6.9,17.8,46.3,9106.5953989,0.2222617072,11,0.087,18.313278651,3.7,0.384,0.0627292601,0.0048538293
1065,"-88.0789,37.0208",21143,"Kentucky, Lyon",0.21875,6.9921338494194,0.0319640404544887,256,1.01925902092718,1.01528218903529,0.01953125,5,0.000624297665126732,1,1.00905789134592,0.652464796139649,1.00724672074445,0.3876,0.2159,0.4906,,1521.83,6.6,24.7,27.1,8562.7304688,0.1893121696,10.9,0.117,50.197578668,3.7,0.265,0.051067549,0.0039955051
1066,"-88.7045,37.0535",21145,"Kentucky, McCracken",0.260463876299653,14.951182933921,0.0574021363205093,3751,1.01693461950106,1.01528218903529,0.00826446280991736,31,0.000474397820830655,1.0046952487017,1.00905789134592,0.652464796139649,1.00724672074445,0.3178,0.3941,0.5473,0.0108346341015517,1767.06,5.9,19,292.2,8646.0266554,0.2105077993,11.1,0.115,183.28624468,5,0.3,0.1075505769,0.0038257889
1067,"-84.481,36.7387",21147,"Kentucky, McCreary",0.365891472868217,13.5569852941176,0.0370519301470588,645,1.04498877335409,1.01528218903529,0.00155038759689922,1,5.74448529411765e-05,1,1.00905789134592,0.652464796139649,1.00724672074445,0.9978,0.382,0.9144,,687.61,4.9,15,38.5,13012.639642,0.318776999,9.6,0.143,24.694475703,2.3,0.398,0.0535386029,0.0074678309
1068,"-87.268,37.5302",21149,"Kentucky, McLean",0.184100418410042,9.5114569822741,0.051664504971898,478,1.01422494004064,1.01528218903529,0.0397489539748954,19,0.00205361003026373,1.00775379492937,1.00905789134592,0.652464796139649,1.00724672074445,0.6768,0.0153,0.2251,,1441.14,6.4,18.9,31.4,11446.554706,0.2058792239,11.8,0.185,18.355261196,3,0.377,0.0083225249,0.0035667964
1069,"-84.2722,37.7166",21151,"Kentucky, Madison",0.194920503819946,10.2199896067902,0.0524315780356834,4843,1.01399624143862,1.01528218903529,0.00412967169110056,20,0.000216525203533691,1,1.00905789134592,0.652464796139649,1.00724672074445,0.6946,0.3069,0.5899,0.00140741382296899,1618.49,5.4,13.1,202.2,8838.6182612,0.1881744987,10.1,0.103,236.0891738,5,0.352,0.0440520527,0.0034319245
1070,"-83.0658,37.7082",21153,"Kentucky, Magoffin",0.270897832817337,14.1562853907135,0.0522569163565766,646,1.01377612595178,1.01528218903529,0.00154798761609907,1,8.08930593755056e-05,1,1.00905789134592,0.652464796139649,1.00724672074445,0.9869,6e-04,0.8879,,899.32,5,16,43.4,12154.205352,0.2530576641,9.7,0.161,18.853513233,3,0.366,0.0023458987,0.0033975085
1071,"-85.269,37.5522",21155,"Kentucky, Marion",0.273343373493976,18.7074829931973,0.0684394970109256,1328,1.01579787962648,1.01528218903529,0.0105421686746988,14,0.000721500721500722,1,1.00905789134592,0.652464796139649,1.00724672074445,0.9124,0.3731,0.8379,0.00386518243661101,1417.95,6.4,16.2,59,9326.5631835,0.2330720998,10.9,0.129,6.518977141,3.3,0.369,0.0677695321,0.0021645022
1072,"-88.328,36.8801",21157,"Kentucky, Marshall",0.219572368421053,8.56016158507262,0.0389856048219038,1216,1.01416221482281,1.01528218903529,0.0148026315789474,18,0.000577089545061075,1.02638809625704,1.00905789134592,0.652464796139649,1.00724672074445,0.4013,0.014,0.4263,0.000801513257029271,1682.64,4.6,21.4,91.5,10002.773808,0.190526559,11.1,0.107,49.748144335,4,0.382,0.0046167164,0.002596903
1073,"-82.5125,37.7999",21159,"Kentucky, Martin",0.218181818181818,10.5978980835468,0.0485736995495893,550,1.01399881887785,1.01528218903529,0.0181818181818182,10,0.000883158173628897,1.01516534655549,1.00905789134592,0.652464796139649,1.00724672074445,0.9901,0.177,0.9799,,912.44,6.6,14.9,49.3,12927.094182,0.2528783013,9.8,0.155,7.7363140068,2.3,0.405,0.065265389,0.0041508434
1074,"-83.8215,38.5947",21161,"Kentucky, Mason",0.43606998654105,18.8921282798834,0.0433236151603499,743,1.02906011958005,1.01528218903529,0.00672947510094213,5,0.000291545189504373,1.03239118471,1.00905789134592,0.652464796139649,1.00724672074445,0.6261,0.4645,0.7237,0.00583090379008746,1532.55,7.8,17.4,78.9,10719.227507,0.2234554945,10.3,0.123,21.028949636,3.7,0.343,0.0595918367,0.0037317784
1075,"-86.2103,37.9616",21163,"Kentucky, Meade",0.270152505446623,8.63660107957513,0.0319693539961693,918,1.01822093675774,1.01528218903529,0.00435729847494553,4,0.000139300017412502,1,1.00905789134592,0.652464796139649,1.00724672074445,0.4752,0.1936,0.426,,1544.35,5.6,13.5,68.8,8594.7692148,0.2133439998,12.1,0.136,42.748032036,3.7,0.366,0.0367055546,0.0065819258
1076,"-83.5999,37.9409",21165,"Kentucky, Menifee",0.0878378378378378,2.0151914431871,0.0229421795070532,148,1.01109413825566,1.01528218903529,0.00675675675675676,1,0.000155014726399008,1,1.00905789134592,0.652464796139649,1.00724672074445,0.8959,0.0016,0.4314,,1059.4,3.6,19.8,26.4,12852.812311,0.2125887611,9.5,0.229,7.1444959529,3,0.329,0.0285227097,0.0024802356
1077,"-84.8749,37.8147",21167,"Kentucky, Mercer",0.316955684007707,15.1097639386424,0.0476715348580876,1038,1.03570118917297,1.01528218903529,0.00578034682080925,6,0.000275558004960044,1,1.00905789134592,0.652464796139649,1.00724672074445,0.7166,0.3556,0.1369,0.00114815835400018,1629.82,6.6,17.9,80.5,9989.4217709,0.2051097804,10.7,0.146,20.668232185,3.3,0.271,0.034352898,0.0032148434
1078,"-85.6312,36.9946",21169,"Kentucky, Metcalfe",0.23921568627451,12.1635094715852,0.0508474576271186,510,1.01771848330165,1.01528218903529,0.0137254901960784,7,0.00069790628115653,1.02226578920968,1.00905789134592,0.652464796139649,1.00724672074445,0.8682,0.1455,0.3133,,1130.77,5.7,17.9,31.8,10347.547258,0.240821753,10.5,0.123,4.3286137698,3,0.336,0.0159521436,0.002891326
1079,"-85.716,36.7123",21171,"Kentucky, Monroe",0.158900836320191,12.4090315357343,0.0780929277850345,837,1.0127436455988,1.01528218903529,0.021505376344086,18,0.0016794178018287,1,1.00905789134592,0.652464796139649,1.00724672074445,0.865,0.2388,0.5979,0.00457174846053368,1058.36,9.1,18.4,30.3,12131.471125,0.2315520744,10.2,0.194,0.0075307457,3,0.368,0.0210860235,0.0015861168
1080,"-83.9145,38.0325",21173,"Kentucky, Montgomery",0.242194092827004,10.1762223876893,0.0420168067226891,1185,1.01632647830208,1.01528218903529,0.010126582278481,12,0.000425486650356345,1.01250777270301,1.00905789134592,0.652464796139649,1.00724672074445,0.7971,0.2499,0.7065,0.00148920327624721,1402.02,7.3,15.5,144.8,9577.3274678,0.2321733594,10.1,0.135,25.956168772,4.3,0.327,0.026167429,0.0028011204
1081,"-83.2556,37.9247",21175,"Kentucky, Morgan",0.198547215496368,6.14462345447733,0.0309479205695017,413,1.01427113049831,1.01528218903529,0,0,0,,1.00905789134592,0.652464796139649,1.00724672074445,0.9111,0.0876,0.9819,0.00187336080929187,1040.87,5.9,15.2,30.7,10302.857632,0.2497010972,9.6,0.109,21.250040126,3,0.376,0.0469089547,0.0028475084
1082,"-87.1463,37.2143",21177,"Kentucky, Muhlenberg",0.142063001852996,7.47384155455904,0.0526093455514395,1619,1.01048541591442,1.01528218903529,0.0135886349598518,22,0.000714889192175213,1.01370885629547,1.00905789134592,0.652464796139649,1.00724672074445,0.8672,0.1407,0.4791,0.00292454669526223,1257.17,6.4,18.2,59.1,9718.8835759,0.2175922284,11.4,0.12,10.983771264,3.7,0.358,0.0477026061,0.0021771625
1083,"-85.4657,37.8034",21179,"Kentucky, Nelson",0.154918359219434,8.48400252993392,0.0547643453795991,2511,1.01117940286231,1.01528218903529,0.004778972520908,12,0.00026171730169462,1.02638809625704,1.00905789134592,0.652464796139649,1.00724672074445,0.3185,0.2229,0.2697,0.000872391005648732,1752.83,5,14.6,99.5,9307.5522888,0.1851271588,11.5,0.115,18.220763405,4,0.352,0.0500752437,0.0022464068
1084,"-84.0189,38.3334",21181,"Kentucky, Nicholas",0.147058823529412,4.18643594753,0.028467764443204,204,1.01250777270301,1.01528218903529,0.0147058823529412,3,0.000418643594753,1,1.00905789134592,0.652464796139649,1.00724672074445,0.8981,0.1948,0.8459,,1310.92,9.3,16.6,29.7,10974.863261,0.242784887,10.1,0.157,3.3052039025,2.3,0.332,0.0083728719,0.0018141222
1085,"-86.8537,37.4775",21183,"Kentucky, Ohio",0.252509652509653,13.5757877693362,0.0537634408602151,1295,1.01398873182427,1.01528218903529,0.0146718146718147,19,0.000788807240420144,1.00775379492937,1.00905789134592,0.652464796139649,1.00724672074445,0.8389,0.1223,0.2101,0.00103790426371072,1377.72,5.4,17.7,40,9822.8553186,0.2256198021,11.7,0.126,8.5532884233,3.7,0.359,0.010212978,0.0031967451
1086,"-85.4482,38.3979",21185,"Kentucky, Oldham",0.20978792822186,9.67353693395517,0.0461110275312171,3065,1.010342700752,1.01528218903529,0.0127243066884176,39,0.000586730856025275,1.01150029829051,1.00905789134592,0.652464796139649,1.00724672074445,0.0134,0.3279,0.1563,0.00281329923273657,3469.8,3,12.3,249.3,5594.3304566,0.1598312144,11.9,0.087,44.334356597,4.3,0.216,0.0421543553,0.0043026929
1087,"-84.824,38.5168",21187,"Kentucky, Owen",0.391025641025641,11.2132352941176,0.0286764705882353,312,1.02415191411056,1.01528218903529,0.00961538461538462,3,0.000275735294117647,1,1.00905789134592,0.652464796139649,1.00724672074445,0.6742,0.1503,0.3282,0.00229779411764706,1456.72,4.8,17.4,27.5,9583.9992739,0.2078630629,10.9,0.182,7.1027669734,3,0.356,0.0102941176,0.0037683824
1088,"-83.6881,37.4282",21189,"Kentucky, Owsley",0.110266159695817,6.48479427549195,0.0588103756708408,263,1.0044226780168,1.01528218903529,0.0152091254752852,4,0.000894454382826476,1.21901365420448,1.00905789134592,0.652464796139649,1.00724672074445,0.9924,0.0051,0.7348,,782.62,2.2,18.1,22,19032.596936,0.2614039312,9.5,0.114,1.3858041793,3,0.463,0.0055903399,0.0031305903
1089,"-84.356,38.6961",21191,"Kentucky, Pendleton",0.270588235294118,9.49824488953128,0.0351022093743547,510,1.01579883605772,1.01528218903529,0.00196078431372549,1,6.88278615183426e-05,1,1.00905789134592,0.652464796139649,1.00724672074445,0.6455,0.07,0.3177,,1601.78,5.3,15.3,40.9,10540.047549,0.1988975986,10.7,0.075,14.516262346,2.3,0.332,0.0086723106,0.0033037374
1090,"-83.2292,37.2502",21193,"Kentucky, Perry",0.263826606875934,13.5290510501303,0.051280085850069,1338,1.02161258316541,1.01528218903529,0.00822122571001495,11,0.000421585160202361,1,1.00905789134592,0.652464796139649,1.00724672074445,0.9742,0.0252,0.9831,0.0137206806684041,1085.67,6,15.7,98.1,16130.907352,0.2453343114,9.6,0.16,61.970026717,3.3,0.41,0.0166334509,0.0023378813
1091,"-82.3949,37.4709",21195,"Kentucky, Pike",0.195154185022026,7.58535666586761,0.0388685318995925,2270,1.01354309673544,1.01528218903529,0.013215859030837,30,0.000513681038320605,1.04530409898895,1.00905789134592,0.652464796139649,1.00724672074445,0.9487,0.0271,0.8408,0.00775658367864114,1174.01,5.8,17.3,90.3,11917.043872,0.2321184036,9.6,0.179,51.586151903,3.7,0.387,0.0076024794,0.0013355707
1092,"-83.8255,37.8322",21197,"Kentucky, Powell",0.16722972972973,7.95692010930719,0.047580774795049,592,1.01483913647647,1.01528218903529,0,0,0,,1.00905789134592,0.652464796139649,1.00724672074445,0.8847,0.0398,0.7927,,1168.76,5.7,15.1,59.1,15859.192877,0.2391649382,9.7,0.176,36.796631831,3.7,0.326,0.0098858704,0.0039382736
1093,"-84.5763,37.1047",21199,"Kentucky, Pulaski",0.393228164678723,15.8148027791963,0.0402178790832985,2599,1.04895338977481,1.01528218903529,0.00769526741054252,20,0.000309487334230847,1.06347347762604,1.00905789134592,0.652464796139649,1.00724672074445,0.8863,0.1789,0.5189,0.00437924577936648,1230.92,5.9,18.3,99.5,11294.615183,0.2438252501,10,0.137,60.669098194,4,0.367,0.0108475311,0.0036674249
1094,"-84.0506,38.5192",21201,"Kentucky, Robertson",0.261261261261261,13.5831381733021,0.0519906323185012,111,1.01502026074307,1.01528218903529,0.027027027027027,3,0.00140515222482436,1,1.00905789134592,0.652464796139649,1.00724672074445,0.7755,0.0032,0.2744,,1108.6,7.7,21.9,18.2,11743.95424,0.2313721601,10.1,0.247,0.5028506267,,0.269,0.006557377,0.0046838407
1095,"-84.3118,37.3664",21203,"Kentucky, Rockcastle",0.278174037089872,11.6417910447761,0.0418507462686567,701,1.01934807288734,1.01528218903529,0.00998573466476462,7,0.000417910447761194,1,1.00905789134592,0.652464796139649,1.00724672074445,0.9303,0.0232,0.702,0.00155223880597015,1022.6,4.6,17.3,47.2,12342.550936,0.2357216496,10,0.131,55.911790808,3.7,0.338,0.004238806,0.0039402985
1096,"-83.4209,38.1948",21205,"Kentucky, Rowan",0.232580961727184,9.64080868893138,0.0414514095106374,1019,1.01423577698059,1.01528218903529,0.00196270853778214,2,8.13570353496319e-05,1,1.00905789134592,0.652464796139649,1.00724672074445,0.7939,0.3133,0.9742,0.00606109913354757,1280.31,5.5,13.3,93.9,10155.78581,0.2369344843,9.7,0.127,10.781790136,3.3,0.381,0.016027336,0.0022373185
1097,"-85.0607,36.9931",21207,"Kentucky, Russell",0.304668304668305,13.916166320633,0.0456764491330453,814,1.03989750580724,1.01528218903529,0.0147420147420147,12,0.00067336288648224,1.08004153648474,1.00905789134592,0.652464796139649,1.00724672074445,0.9602,0.3833,0.674,0.001402839346838,1162.03,8.9,19.1,65.8,11990.446019,0.2299451216,10.1,0.122,21.234388018,3.7,0.323,0.0078559003,0.0051063352
1098,"-84.5817,38.2962",21209,"Kentucky, Scott",0.197565543071161,7.53154503756849,0.0381217540290196,2136,1.01602827592685,1.01528218903529,0.0102996254681648,22,0.000392639788688405,1.0066678482933,1.00905789134592,0.652464796139649,1.00724672074445,0.2229,0.5279,0.5138,0.00133854473416502,2249.74,6.2,11.5,212.9,7843.0519863,0.1833350954,10.9,0.082,219.62582172,5,0.34,0.053042066,0.0035694526
1099,"-85.1942,38.2148",21211,"Kentucky, Shelby",0.148488327592805,7.99703202934993,0.0538563007543592,2613,1.01114135549141,1.01528218903529,0.0103329506314581,27,0.000556494496887753,1,1.00905789134592,0.652464796139649,1.00724672074445,0.3729,0.7408,0.384,0.00144276351044973,2293.9,8.9,14.9,111.8,7428.7826844,0.1871562423,11.5,0.119,34.470688712,4.3,0.307,0.0683869904,0.0057916649
1100,"-86.5805,36.7406",21213,"Kentucky, Simpson",0.294661190965092,15.4892330940688,0.0525662475039128,974,1.02471302642424,1.01528218903529,0.00924024640657084,9,0.000485725079604944,1,1.00905789134592,0.652464796139649,1.00724672074445,0.4981,0.5349,0.0758,0.00134923633223595,1341.6,7,16.1,82.2,10263.297128,0.2083096679,10.8,0.129,14.747663892,4,0.381,0.0937449404,0.0036159534
1101,"-85.3275,38.0322",21215,"Kentucky, Spencer",0.255269320843091,11.5994466319038,0.0454400340534213,854,1.02488601871409,1.01528218903529,0.00234192037470726,2,0.000106416941577099,1,1.00905789134592,0.652464796139649,1.00724672074445,0.2006,0.1665,0.0267,,2034.21,3.7,12.9,61.2,7724.9102363,0.1817538765,11.4,0.191,11.702451418,3.7,0.365,0.0169735022,0.0031925082
1102,"-85.333,37.3678",21217,"Kentucky, Taylor",0.312453942520265,16.5955614701162,0.0531136247994051,1357,1.02780051779311,1.01528218903529,0.00663227708179808,9,0.000352264276488317,1.03655432261531,1.00905789134592,0.652464796139649,1.00724672074445,0.7857,0.1917,0.5132,0.00352264276488317,1243.64,5.5,17.4,97.7,8667.8484325,0.2206185155,10.7,0.108,69.127474665,4,0.357,0.0507651963,0.0022701476
1103,"-87.1788,36.8381",21219,"Kentucky, Todd",0.198487712665406,8.52895784257981,0.0429697018926164,529,1.01672842729296,1.01528218903529,0.0245746691871456,13,0.00105596620908131,1,1.00905789134592,0.652464796139649,1.00724672074445,0.8268,0.6036,0.7612,,1291.28,15.3,15.6,28,10367.182478,0.2223114191,10.8,0.115,26.689427734,2.3,0.358,0.0774916741,0.0025180733
1104,"-87.8733,36.8077",21221,"Kentucky, Trigg",0.197211155378486,6.76090964966195,0.0342825923649525,502,1.01736706056293,1.01528218903529,0.00398406374501992,2,0.000136584033326504,1,1.00905789134592,0.652464796139649,1.00724672074445,0.551,0.2939,0.1525,0.0017073004165813,1479.92,9.6,22.1,27.2,8002.2405968,0.201497784,10.6,0.133,9.702960385,3.7,0.328,0.069726149,0.0035511849
1105,"-85.3378,38.6106",21223,"Kentucky, Trimble",0.435736677115987,16.3241338813858,0.0374633000587199,319,1.05589119883616,1.01528218903529,0,0,0,,1.00905789134592,0.652464796139649,1.00724672074445,0.7803,0.3015,0.56,,1423.55,5.2,17.2,41.5,11419.399695,0.2051827549,11.2,0.148,15.171878368,3,0.369,0.0054022314,0.0076335878
1106,"-87.943,37.6617",21225,"Kentucky, Union",0.125304136253041,7.10099965529128,0.056670113753878,822,1.00863255047408,1.01528218903529,0.00851581508515815,7,0.000482592209582902,1,1.00905789134592,0.652464796139649,1.00724672074445,0.8105,0.2805,0.3792,0.00172354360565322,1461.8,6,15.5,41.6,10273.608242,0.22414372,11.6,0.139,12.573632981,3.3,0.314,0.1320923819,0.0028955533
1107,"-86.4267,36.999",21227,"Kentucky, Warren",0.157790235926185,10.2922354948805,0.0652273281326182,8562,1.01128810875779,1.01528218903529,0.00969399672973604,83,0.000632313505607021,1.00349057120766,1.00905789134592,0.652464796139649,1.00724672074445,0.5232,0.7606,0.8806,0.0055841662603608,1866.15,6,12.4,257,7774.2797774,0.1982732519,10.8,0.082,73.380273736,5,0.295,0.0951365188,0.0031996587
1108,"-85.1741,37.756",21229,"Kentucky, Washington",0.288590604026846,17.7921218139689,0.0616517709367759,745,1.01614241018043,1.01528218903529,0.00536912751677852,4,0.00033101621979477,1,1.00905789134592,0.652464796139649,1.00724672074445,0.6283,0.4693,0.3486,,1367.7,7.8,17.5,35.8,10154.846098,0.2001061564,10.8,0.158,14.92575738,3,0.346,0.0546176763,0.0021516054
1109,"-84.8252,36.8031",21231,"Kentucky, Wayne",0.302295918367347,11.5790502247411,0.0383036935704514,784,1.03553302990411,1.01528218903529,0.00637755102040816,5,0.000244283760015634,1.1398522810476,1.00905789134592,0.652464796139649,1.00724672074445,0.9146,0.2012,0.7472,0.00122141880007817,976.79,9.8,19.6,40.3,10223.376258,0.24049805,9.7,0.129,4.7414595415,3,0.401,0.0164647254,0.0038108267
1110,"-87.6799,37.5217",21233,"Kentucky, Webster",0.130298273155416,6.33056212340782,0.0485851575013348,637,1.00597099810744,1.01528218903529,0.0141287284144427,9,0.000686446495309282,1.03655432261531,1.00905789134592,0.652464796139649,1.00724672074445,0.7666,0.4518,0.7112,,1277.86,7.1,16.8,37.3,10378.251209,0.2324251883,11.6,0.125,7.3889602343,3,0.358,0.0381359164,0.0038135916
1111,"-84.1454,36.757",21235,"Kentucky, Whitley",0.276453765490944,16.0035318139176,0.0578886374924121,2098,1.02310382872557,1.01528218903529,0.00428979980934223,9,0.000248330666078031,1.01696850489722,1.00905789134592,0.652464796139649,1.00724672074445,0.9465,0.0783,0.8946,0.00753269687103361,1184.44,5.7,15.8,82.7,15063.24585,0.2399633438,9.9,0.115,81.34907394,4,0.333,0.0081673197,0.0031455218
1112,"-83.493,37.7394",21237,"Kentucky, Wolfe",0.2125,7.10603316148809,0.0334401560540616,240,1.02065336654354,1.01528218903529,0.00416666666666667,1,0.00013933398355859,1,1.00905789134592,0.652464796139649,1.00724672074445,0.9987,0.0032,0.5606,,908.6,4.7,18.7,31.7,14058.943794,0.2907676936,9.5,0.124,21.114611402,2.3,0.361,0.0033440156,0.0040406855
1113,"-84.7418,38.0418",21239,"Kentucky, Woodford",0.290199809705043,11.4951192854182,0.0396110503900803,1051,1.0188835302454,1.01528218903529,0.000951474785918173,1,3.76889156898956e-05,1,1.00905789134592,0.652464796139649,1.00724672074445,0.2723,0.6135,0.0637,0.00094222289224739,2177.65,7,17.2,128,7147.9467162,0.179904218,11,0.09,98.035362638,4,0.323,0.047827234,0.0026382241
1114,"-92.4142,30.2951",22001,"Louisiana, Acadia",0.119416187527643,8.68306801736614,0.0727126547676475,4522,1.00866441880124,1.00966480880142,0.0280849181777974,127,0.00204212895963981,1.01055567387081,1.00500156776729,0.816392266229583,1.00716861449279,0.9159,0.6466,0.759,0.00291043576137643,1366.91,11.5,14.4,83.9,9741.6751956,0.2153408807,9.4,0.114,63.696998784,4,0.384,0.1792571153,0.0038430616
1115,"-92.8244,30.6539",22003,"Louisiana, Allen",0.0581915846016115,5.07713337238821,0.0872485842608866,2234,1.0042932779771,1.00966480880142,0.0313339301700985,70,0.00273384104667057,1.00205764797984,1.00500156776729,0.816392266229583,1.00716861449279,0.9089,0.7599,0.9296,0.00296817027924234,1238.16,10.6,14.1,30.4,9682.7470701,0.2203898763,9.2,0.192,51.51393996,3.7,0.37,0.2231595392,0.023198594
1116,"-90.9133,30.2041",22005,"Louisiana, Ascension",0.160825660825661,8.68679414784394,0.0540137320328542,6734,1.01248043791789,1.00966480880142,0.0164835164835165,111,0.000890336242299795,1.00260085051344,1.00500156776729,0.816392266229583,1.00716861449279,0.3395,0.6985,0.2658,0.000665746919917864,2292.94,7.5,11.1,363.5,6933.4941426,0.181554528,10,0.132,118.78662219,5,0.331,0.2323536961,0.0046602284
1117,"-91.0646,29.8995",22007,"Louisiana, Assumption",0.121212121212121,6.2780269058296,0.0517937219730942,1155,1.00804496919444,1.00966480880142,0.0225108225108225,26,0.00116591928251121,1.00561868495366,1.00500156776729,0.816392266229583,1.00716861449279,0.7854,0.6819,0.3935,0.000269058295964126,1437.61,10.9,16.6,51.2,8969.4080455,0.2103219722,9.3,0.163,26.933937125,2.3,0.421,0.2938116592,0.0075784753
1118,"-92.0008,31.078",22009,"Louisiana, Avoyelles",0.116921768707483,6.7965004201473,0.0581286145024962,2352,1.00641769961337,1.00966480880142,0.0314625850340136,74,0.00182887647669418,1.00797014400208,1.00500156776729,0.816392266229583,1.00716861449279,0.914,0.5702,0.9663,0.00135930008402946,1194.6,9.8,16.3,41.9,11511.871548,0.2294656752,9.2,0.131,18.076730066,3.7,0.447,0.2955612674,0.011838268
1119,"-93.3417,30.6484",22011,"Louisiana, Beauregard",0.134639696586599,5.71766032265858,0.0424663785466942,1582,1.00917738842187,1.00966480880142,0.0316055625790139,50,0.00134217378466164,1,1.00500156776729,0.816392266229583,1.00716861449279,0.7153,0.3855,0.3871,0.00161060854159397,1556.81,12.1,15.2,28.5,10539.470995,0.2072153813,9.4,0.14,71.93825376,3.7,0.361,0.1201513972,0.0123479988
1120,"-93.054,32.3457",22013,"Louisiana, Bienville",0.226546906187625,17.0574090772468,0.0752930568079351,1002,1.01888589356877,1.00966480880142,0.0369261477045908,37,0.00278028253681996,1,1.00500156776729,0.816392266229583,1.00716861449279,0.8223,0.5565,0.9338,0.00157799819657349,1073.36,11.5,19.7,16.4,11198.293946,0.2161238746,9.7,0.239,41.534314841,3,0.453,0.4147129546,0.0044334235
1121,"-93.6046,32.6793",22015,"Louisiana, Bossier",0.148699891657638,8.63309352517986,0.0580571608287141,7384,1.01025563992583,1.00966480880142,0.0222101841820152,164,0.00128946023509062,1.00533868523298,1.00500156776729,0.816392266229583,1.00716861449279,0.4882,0.6488,0.6635,0.00105358336281794,1639.31,8.6,13.4,143.1,7403.8099247,0.1888651436,10.3,0.117,196.26874007,5,0.308,0.2246098203,0.0063215002
1122,"-93.8838,32.5799",22017,"Louisiana, Caddo",0.131059363725812,8.22486230147949,0.0627567696626901,15245,1.00764052491869,1.00966480880142,0.0308953755329616,471,0.00193889396596438,1.00400642002903,1.00500156776729,0.816392266229583,1.00716861449279,0.7328,0.6619,0.8103,0.00760738014671376,1467.25,10.3,16,284.5,10846.772719,0.2192398045,10.3,0.13,278.13573377,5,0.399,0.4939527914,0.0050263047
1123,"-93.354,30.2293",22019,"Louisiana, Calcasieu",0.116139401116562,6.75981724368821,0.058204340462405,11822,1.00961578532659,1.00966480880142,0.0219083065471155,259,0.00127515853322305,1.00166575972753,1.00500156776729,0.816392266229583,1.00716861449279,0.5643,0.6138,0.7829,0.00407164520067746,1845.88,10.9,14.3,195,9982.662223,0.2024588838,9.5,0.113,183.36611274,5,0.354,0.2537220844,0.0058292962
1124,"-92.1175,32.0903",22021,"Louisiana, Caldwell",0.162516382699869,12.4497991967871,0.0766064257028112,763,1.01321634115633,1.00966480880142,0.0235910878112713,18,0.00180722891566265,1.07288768417094,1.00500156776729,0.816392266229583,1.00716861449279,0.9522,0.6855,0.9589,0.00401606425702811,1213.1,15.9,18,17,11204.908988,0.2344471506,9.2,0.152,47.848979542,3.7,0.397,0.1581325301,0.0040160643
1125,"-93.1931,29.8759",22023,"Louisiana, Cameron",0.126506024096386,6.02755453501722,0.047646383467279,332,1.0084543634529,1.00966480880142,0.00903614457831325,3,0.000430539609644087,1,1.00500156776729,0.816392266229583,1.00716861449279,0.3713,0.6313,0.227,0.00703214695752009,1878.47,10.5,15.7,5.4,7132.8002153,0.1868357793,9.1,0.194,0.0571918388,3,0.351,0.0398966705,0.0078932262
1126,"-91.8453,31.6678",22025,"Louisiana, Catahoula",0.129166666666667,9.67943380516236,0.0749375520399667,720,1.00990485606307,1.00966480880142,0.0263888888888889,19,0.00197751873438801,1,1.00500156776729,0.816392266229583,1.00716861449279,0.8401,0.3938,0.8469,,1231.84,13.8,16.3,11.9,10576.118864,0.2254061383,9,0.129,26.819516052,3,0.371,0.3050582848,0.0048917569
1127,"-92.9953,32.8231",22027,"Louisiana, Claiborne",0.125,6.64826894129453,0.0531861515303562,848,1.00908119322236,1.00966480880142,0.0377358490566038,32,0.00200702458605118,1,1.00500156776729,0.816392266229583,1.00716861449279,0.964,0.6246,0.9624,0.00294781736076267,1018.67,11.9,18.5,17.8,9862.1469618,0.2625988,9.6,0.206,35.274270656,3,0.379,0.5160561967,0.0053938786
1128,"-91.6381,31.4482",22029,"Louisiana, Concordia",0.191611842105263,11.9047619047619,0.0621295728591866,1216,1.01628337548622,1.00966480880142,0.0271381578947368,33,0.00168608215818516,1.00897148424402,1.00500156776729,0.816392266229583,1.00716861449279,0.9146,0.4976,0.9653,0.00127733496832209,1053.3,19,16.4,25,12780.17908,0.2456815675,9,0.165,144.98777407,3.7,0.345,0.3955139996,0.0044451257
1129,"-93.7413,32.0546",22031,"Louisiana, De Soto",0.153225806451613,8.31024930747922,0.0542353112698644,1488,1.00864381085159,1.00966480880142,0.0288978494623656,43,0.00156728386062108,1.00682720684153,1.00500156776729,0.816392266229583,1.00716861449279,0.8678,0.5782,0.7128,0.0012392477037469,1413.9,11.8,16.9,29.8,9011.6497907,0.2202719112,9.9,0.172,50.663245883,3.7,0.38,0.3574136171,0.0111167809
1130,"-91.0978,30.5384",22033,"Louisiana, East Baton Rouge",0.116387751468756,5.93029690037101,0.0509529295439908,22468,1.0083332286524,1.00966480880142,0.0241231974363539,542,0.00122914757935032,1.0051108068983,1.00500156776729,0.816392266229583,1.00716861449279,0.4841,0.8727,0.7593,0.00513883471366758,1995.12,9.4,13.3,1104.8,9983.9194456,0.1826994701,9,0.116,401.85711427,5,0.319,0.465320803,0.0027032176
1131,"-91.2343,32.7393",22035,"Louisiana, East Carroll",0.154708520179372,19.6106295296291,0.126758561887168,892,1.00657575535743,1.00966480880142,0.0134529147982063,12,0.00170527213301123,1.01250777270301,1.00500156776729,0.816392266229583,1.00716861449279,0.9752,0.532,0.9946,0.00156316612192696,896.95,11.3,13.7,15.4,12206.196663,0.3184808676,9.6,0.135,41.844606137,3,0.4,0.680119369,0.0034105443
1132,"-91.0498,30.8443",22037,"Louisiana, East Feliciana",0.0660501981505945,7.77000777000777,0.117637917637918,2271,1.00312094173021,1.00966480880142,0.0391897842360194,89,0.00461020461020461,1.00659092708356,1.00500156776729,0.816392266229583,1.00716861449279,0.8096,0.6043,0.9287,0.000518000518000518,1428.35,9.5,16.5,35.5,10913.825182,0.2067579669,9.3,0.17,20.213461748,3.7,0.348,0.4248640249,0.004972805
1133,"-92.3992,30.7299",22039,"Louisiana, Evangeline",0.153034300791557,10.4057650330413,0.0679962921986664,2274,1.00959255343082,1.00966480880142,0.0228671943711522,52,0.00155488443022456,1.01766889775789,1.00500156776729,0.816392266229583,1.00716861449279,0.9834,0.8255,0.9694,0.00747540591454116,1090.67,12.2,14.7,46.2,11220.105447,0.2447897413,9.3,0.201,37.521624211,3.7,0.393,0.2735101516,0.0044254403
1134,"-91.6759,32.1368",22041,"Louisiana, Franklin",0.068426724137931,6.30085334391744,0.0920817622544156,1856,1.00430661380357,1.00966480880142,0.0387931034482759,72,0.00357213732883509,1.01250777270301,1.00500156776729,0.816392266229583,1.00716861449279,0.9707,0.4448,0.8854,0.00213335979360984,1072.29,13,17.3,30.4,10655.589125,0.2351562547,9.3,0.147,33.650975734,4,0.383,0.3151418932,0.0030760071
1135,"-92.5612,31.5988",22043,"Louisiana, Grant",0.300929839391378,15.8348901343297,0.0526198736767192,1183,1.02876491425207,1.00966480880142,0.029585798816568,35,0.00155680099635264,1.01288402997981,1.00500156776729,0.816392266229583,1.00716861449279,0.8134,0.6826,0.4849,,1267.22,8.8,14.5,25.3,8678.6151382,0.2253944226,9.5,0.205,16.311974695,3.7,0.474,0.1522551374,0.0116982475
1136,"-91.7587,29.868",22045,"Louisiana, Iberia",0.119206880076445,7.03401418079813,0.0590067802822063,4186,1.0095336685322,1.00966480880142,0.0269947443860487,113,0.0015928729507619,1.00385131918851,1.00500156776729,0.816392266229583,1.00716861449279,0.9045,0.8268,0.901,0.0026359932901989,1314.41,11.6,14,119.3,10382.974859,0.212427822,9.4,0.133,76.271226965,4.3,0.413,0.3211260061,0.0061882409
1137,"-91.35,30.2573",22047,"Louisiana, Iberville",0.155025553662692,11.124354390147,0.0717581980990801,2348,1.01179296004513,1.00966480880142,0.0289608177172061,68,0.00207817609486263,1.00427381583427,1.00500156776729,0.816392266229583,1.00716861449279,0.7987,0.5791,0.9564,,1514.63,10.8,14.7,56,10156.786385,0.2099325181,9.5,0.152,88.439802199,4,0.381,0.4825952752,0.0029338957
1138,"-92.5569,32.3025",22049,"Louisiana, Jackson",0.0918448139350752,7.29467991447617,0.0794239718274431,1263,1.00649987613854,1.00966480880142,0.0269200316706255,34,0.00213809583700164,1.00427381583427,1.00500156776729,0.816392266229583,1.00716861449279,0.8704,0.6154,0.8395,0.00157212929191297,1200.76,11.7,19.3,23.7,9036.0374563,0.2181700724,9.5,0.134,46.664754699,3.7,0.342,0.284240976,0.00364734
1139,"-90.1112,29.7408",22051,"Louisiana, Jefferson",0.153001573858952,9.40672870238751,0.0614812545069589,26686,1.00969611445291,1.00966480880142,0.0240950311024507,643,0.00148139273956286,1.00269489066381,1.00500156776729,0.816392266229583,1.00716861449279,0.5054,0.9296,0.461,0.00375762295214157,1831.38,12.1,16.1,823.2,8901.4448034,0.1874366959,8,0.142,551.59037544,5,0.334,0.2681873789,0.006372523
1140,"-92.8121,30.269",22053,"Louisiana, Jefferson Davis",0.134067033516758,8.48584636818441,0.0632955480970173,1999,1.00926723041569,1.00966480880142,0.0280140070035018,56,0.00177316192768032,1.00520889711624,1.00500156776729,0.816392266229583,1.00716861449279,0.8264,0.3098,0.6683,0.00240643404470901,1414.92,9.3,15.7,44.6,10885.679886,0.2103167682,9,0.115,72.783817172,4,0.408,0.1642074599,0.0076625926
1141,"-92.0696,30.2049",22055,"Louisiana, Lafayette",0.146619718309859,8.57559456631875,0.0584886853226351,14200,1.01209359529317,1.00966480880142,0.0117605633802817,167,0.000687859890766202,1.00794551069857,1.00500156776729,0.816392266229583,1.00716861449279,0.4283,0.7911,0.8376,0.00419718101012431,1915.05,10.8,12.3,1037.7,7234.3031777,0.1779862664,9.4,0.1,246.06728841,5,0.312,0.2636851167,0.0037729321
1142,"-90.4098,29.5247",22057,"Louisiana, Lafourche",0.122123236822569,6.70641594047801,0.054915150588595,5388,1.00827441552291,1.00966480880142,0.0282108389012621,152,0.0015492024664934,1.00976933473607,1.00500156776729,0.816392266229583,1.00716861449279,0.7019,0.6915,0.6727,0.0020690006624879,1745.48,10.1,14.6,85.6,8413.4019833,0.1922475825,9.3,0.134,37.081076011,4.3,0.396,0.1337206339,0.0301686796
1143,"-92.1591,31.6788",22059,"Louisiana, LaSalle",0.149282296650718,10.4578668633103,0.0700543004625595,1045,1.01159251694684,1.00966480880142,0.0210526315789474,22,0.00147482737815915,1.0066678482933,1.00500156776729,0.816392266229583,1.00716861449279,0.7732,0.5266,0.6039,0.00563115908024402,1296.9,9.4,17,20.6,9322.6040899,0.2266483009,9.1,0.18,20.195288549,3.7,0.344,0.1197291681,0.0132734464
1144,"-92.666,32.6003",22061,"Louisiana, Lincoln",0.141935483870968,8.85668276972625,0.0623993558776167,2945,1.00905045018432,1.00966480880142,0.0213921901528014,63,0.0013348588863463,1.00461933096922,1.00500156776729,0.816392266229583,1.00716861449279,0.793,0.7338,0.9755,0.00336892957030257,1483.39,11,13,104.6,7494.8203642,0.2097949762,9.6,0.101,102.35778721,5,0.358,0.4029578778,0.0048521061
1145,"-90.7306,30.4414",22063,"Louisiana, Livingston",0.184778128863855,9.63694856233924,0.0521541625169274,7279,1.01538913040991,1.00966480880142,0.014699821404039,107,0.000766656874476058,1.01411553301736,1.00500156776729,0.816392266229583,1.00716861449279,0.386,0.4295,0.5215,,1836.73,10.2,12.5,154,9131.8361055,0.216043162,9.7,0.104,71.003486379,5,0.365,0.0654667651,0.0047504066
1146,"-91.2397,32.3692",22065,"Louisiana, Madison",0.0895779500430663,9.31816145506675,0.104022937012812,1161,1.00425509412231,1.00966480880142,0.0137812230835487,16,0.0014335633007795,1.00926242190831,1.00500156776729,0.816392266229583,1.00716861449279,0.9876,0.5692,0.9917,0.00223994265746797,882.11,19.7,13.5,16.2,12804.641142,0.2763817016,9.6,0.192,64.064959421,3.7,0.412,0.6244064152,0.0034047128
1147,"-91.8042,32.8169",22067,"Louisiana, Morehouse",0.194124423963134,13.268761319789,0.0683518387274589,1736,1.01381734755025,1.00966480880142,0.021889400921659,38,0.00149618080163792,1.0118175820723,1.00500156776729,0.816392266229583,1.00716861449279,0.8685,0.4862,0.9023,0.000866209937790377,1071.25,12,17.7,31.2,13711.675179,0.226412886,9.8,0.138,70.198528183,3.7,0.432,0.4773997953,0.0022836444
1148,"-93.0982,31.7232",22069,"Louisiana, Natchitoches",0.155700858193707,9.85540236426188,0.0632970330324116,2447,1.01315966640867,1.00966480880142,0.0220678381691868,54,0.00139682868154893,1.01105509534937,1.00500156776729,0.816392266229583,1.00716861449279,0.9287,0.5651,0.8147,0.00538037714374402,1126.58,12.9,15.7,30.7,11468.493486,0.2370099409,9.6,0.157,72.243736423,4,0.364,0.4098140148,0.0109159575
1149,"-89.9266,30.0697",22071,"Louisiana, Orleans",0.11783386261073,5.40912415666256,0.0459046664245561,17949,1.00768029263929,1.00966480880142,0.0364922836926848,655,0.00167516610998297,1.00131551008688,1.00500156776729,0.816392266229583,1.00716861449279,0.6997,0.8797,0.7771,0.00367769292542825,1606.91,10.7,13.5,1254.8,10077.548545,0.2260962413,9,0.106,751.74722889,3.7,0.296,0.5911597264,0.0033810223
1150,"-92.157,32.4765",22073,"Louisiana, Ouachita",0.139840329642029,10.5453956950963,0.0754102605599612,11649,1.01005621991735,1.00966480880142,0.0195724954931754,228,0.00147596698494902,1.00642779390501,1.00500156776729,0.816392266229583,1.00716861449279,0.7697,0.5352,0.9516,0.00817608027188865,1529.14,11.1,14,260,10098.453476,0.2143165679,9.5,0.141,191.43628684,5,0.401,0.3731542321,0.0030749312
1151,"-89.6032,29.4225",22075,"Louisiana, Plaquemines",0.201949860724234,12.3878684322939,0.0613413071337035,1436,1.01199601692459,1.00966480880142,0.0139275766016713,20,0.000854335753951303,1,1.00500156776729,0.816392266229583,1.00716861449279,0.5624,0.8141,0.6504,,1769.86,8.8,12.3,35.1,7542.1377785,0.1950308214,8.9,0.165,333.99147559,3.7,0.375,0.2072191371,0.0181973516
1152,"-91.6021,30.7141",22077,"Louisiana, Pointe Coupee",0.169305724725944,12.6709206927985,0.0748404740200547,1642,1.01233171499215,1.00966480880142,0.0316686967113276,52,0.00237010027347311,1.00852519431389,1.00500156776729,0.816392266229583,1.00716861449279,0.771,0.6387,0.6024,0.00113947128532361,1656.92,12.6,19.6,35.6,10914.957051,0.1959360247,9.3,0.112,21.082803358,3.7,0.312,0.3532816773,0.0029170465
1153,"-92.53,31.1978",22079,"Louisiana, Rapides",0.116039994366991,6.31117783122195,0.0543879536159066,7101,1.00998324656842,1.00966480880142,0.0283058724123363,201,0.00153949847581992,1.00433872075462,1.00500156776729,0.816392266229583,1.00716861449279,0.749,0.6918,0.9335,0.00596651399335182,1486.8,10.5,15.6,103.6,10883.274125,0.2243795674,9.3,0.145,159.608428,5,0.397,0.3174277355,0.0089918966
1154,"-93.3421,32.0953",22081,"Louisiana, Red River",0.0766721044045677,5.54441429751091,0.0723133183909402,613,1.00547815035216,1.00966480880142,0.0424143556280587,26,0.00306712280287838,1,1.00500156776729,0.816392266229583,1.00716861449279,0.7723,0.687,0.5712,0.00294915654122921,1332.38,11.2,18.2,19.9,12992.042186,0.218837617,9.4,0.156,35.76647459,3.7,0.312,0.3936534151,0.0062522119
1155,"-91.7663,32.4139",22083,"Louisiana, Richland",0.0932642487046632,7.13153724247227,0.0764659270998415,1544,1.00713886886918,1.00966480880142,0.0213730569948187,33,0.00163431061806656,1.0044056276055,1.00500156776729,0.816392266229583,1.00716861449279,0.8299,0.483,0.8513,0.00277337559429477,1172.44,15.5,16.6,35.5,10286.929682,0.2322691861,9.6,0.188,39.713438849,4,0.356,0.3537044374,0.0035162441
1156,"-93.5543,31.5639",22085,"Louisiana, Sabine",0.187290969899666,13.9813581890812,0.074650466045273,1794,1.01080415086078,1.00966480880142,0.020066889632107,36,0.00149800266311585,1.05963402266705,1.00500156776729,0.816392266229583,1.00716861449279,0.8354,0.4804,0.7176,0.00183089214380826,1324.13,13,19.7,23.1,9347.6066465,0.2095449574,9.4,0.114,30.638674531,3.7,0.458,0.1666527963,0.0917526631
1157,"-89.5189,29.8776",22087,"Louisiana, St. Bernard",0.111493123772102,4.85862888208728,0.043577834378545,2036,1.00647963328179,1.00966480880142,0.0181728880157171,37,0.000791935104128764,1.01215288021427,1.00500156776729,0.816392266229583,1.00716861449279,0.8908,0.8071,0.1888,0.0051368763511055,1437.54,11.4,10.7,62.7,11364.939908,0.2251784204,9,0.134,270.53038968,3.7,0.425,0.2291260889,0.008411635
1158,"-90.3556,29.9071",22089,"Louisiana, St. Charles",0.140520694259012,7.96157264698652,0.0566576523761796,2996,1.00726354853605,1.00966480880142,0.0240320427236315,72,0.00136159912252501,1.00403251981126,1.00500156776729,0.816392266229583,1.00716861449279,0.322,0.6584,0.2436,0.00111575483651355,1982.62,8.1,12.5,137.5,7418.7092681,0.1872447371,9,0.109,113.84149333,5,0.373,0.2598952325,0.0043306417
1159,"-90.7101,30.8221",22091,"Louisiana, St. Helena",0.139028475711893,8.08809198986552,0.0581757941921653,597,1.00866810425005,1.00966480880142,0.0067001675041876,4,0.000389787565776652,1,1.00500156776729,0.816392266229583,1.00716861449279,0.9194,0.4989,0.7647,0.00243617228610407,1119.53,12,18.3,23.7,12394.442184,0.2391719357,8.8,0.114,10.872626774,3,0.324,0.5193919314,0.0052621321
1160,"-90.8021,30.0253",22093,"Louisiana, St. James",0.13215859030837,7.13029424347578,0.0539525597756334,1135,1.00805716958379,1.00966480880142,0.0352422907488987,40,0.00190141179826021,1,1.00500156776729,0.816392266229583,1.00716861449279,0.6589,0.4893,0.6027,0.000950705899130104,1758.28,10.9,16,95.8,9974.3091051,0.1900695547,9.5,0.087,4.7194889955,4,0.381,0.4884251557,0.0025193706
1161,"-90.4754,30.126",22095,"Louisiana, St. John the Baptist",0.107575078440161,5.55761393108559,0.0516626528343831,2231,1.00745301768596,1.00966480880142,0.051994621246078,116,0.00268618006669137,1,1.00500156776729,0.816392266229583,1.00716861449279,0.7022,0.8042,0.4916,,1697.55,11.4,13.2,124.7,10641.81589,0.2051601554,9.2,0.1,84.121268372,4,0.433,0.5704195999,0.0048165987
1162,"-92.0014,30.5972",22097,"Louisiana, St. Landry",0.124064729424047,8.6148567009811,0.0694384031704606,5747,1.00813848826964,1.00966480880142,0.0313206890551592,180,0.00217485863418878,1.01250777270301,1.00500156776729,0.816392266229583,1.00716861449279,0.9134,0.7284,0.8418,0.0073582717123387,1154.75,11.6,15.4,83.6,12667.485639,0.2439896934,9.5,0.14,118.6225269,4,0.337,0.4128002513,0.004168479
1163,"-91.614,30.1311",22099,"Louisiana, St. Martin",0.145505971087366,8.63467671248205,0.0593424218123496,3182,1.01215288021427,1.00966480880142,0.0235700817096166,75,0.00139870573096362,1.00191941405457,1.00500156776729,0.816392266229583,1.00716861449279,0.7548,0.7654,0.5053,0.000801924619085806,1550.54,11.4,14.1,56.8,9841.1882732,0.2150437653,9.6,0.151,73.000629296,4,0.369,0.2974953843,0.0070308275
1164,"-91.447,29.6926",22101,"Louisiana, St. Mary",0.100760456273764,5.32406477277293,0.0528388315184635,2630,1.00819247359238,1.00966480880142,0.0368821292775665,97,0.00194880861493953,1,1.00500156776729,0.816392266229583,1.00716861449279,0.8659,0.8672,0.7908,0.00375698155663599,1292.78,10.2,15.7,86.7,9743.9522595,0.2157765947,9,0.155,139.82689559,4,0.38,0.313657733,0.0228633423
1165,"-89.9564,30.4094",22103,"Louisiana, St. Tammany",0.152892224851105,7.26044221284641,0.0474873213462425,12257,1.01161726179102,1.00966480880142,0.0249653259361997,306,0.001185536455246,1.00283295200246,1.00500156776729,0.816392266229583,1.00716861449279,0.2748,0.6893,0.1818,0.0042074921254809,2360.76,8.7,15.9,219.6,6977.0936819,0.1770928057,9.3,0.112,144.43430278,5,0.302,0.1225286795,0.0055441264
1166,"-90.4066,30.6289",22105,"Louisiana, Tangipahoa",0.15326697294538,8.97762694633607,0.0585750913834217,7836,1.01293135734171,1.00966480880142,0.0195252679938744,153,0.00114369435702699,1.00573140984274,1.00500156776729,0.816392266229583,1.00716861449279,0.8363,0.7001,0.717,0.00272842117852845,1523.72,11.2,13.6,153.8,10665.20435,0.2202475615,8.9,0.104,111.10971607,5,0.387,0.3006421134,0.0041636455
1167,"-91.3292,32.0076",22107,"Louisiana, Tensas",0.104166666666667,5.6028686687584,0.0537875392200807,240,1.00990485606307,1.00966480880142,0.0125,3,0.000672344240251008,1,1.00500156776729,0.816392266229583,1.00716861449279,0.992,0.5059,0.425,,848.16,21.5,22.7,7.9,12380.774642,0.2847731875,9.2,0.194,6.6383704677,3,0.307,0.5389959659,0.0020170327
1168,"-90.8263,29.3734",22109,"Louisiana, Terrebonne",0.114184814596822,5.24225146593888,0.0459102331991245,5097,1.00789509921078,1.00966480880142,0.0278595252109084,142,0.00127903729924969,1.00202843091562,1.00500156776729,0.816392266229583,1.00716861449279,0.8041,0.7749,0.8507,0.00294538871024401,1542.84,12.5,13.5,84.7,9721.4469923,0.2229123562,8.7,0.114,172.08497568,5,0.416,0.1895587321,0.0606191621
1169,"-92.3749,32.8312",22111,"Louisiana, Union",0.104895104895105,7.38916256157635,0.0704433497536946,1573,1.007870794609,1.00966480880142,0.0387794024157661,61,0.00273175100761308,1.00477370374412,1.00500156776729,0.816392266229583,1.00716861449279,0.7306,0.68,0.8647,0.00161218092252575,1308.27,12,19.4,22.2,10166.440592,0.1936931099,9.8,0.163,32.131359197,3.7,0.381,0.2484997761,0.005463502
1170,"-92.3029,29.8352",22113,"Louisiana, Vermilion",0.123732251521298,6.11733244191877,0.0494400802273107,2958,1.00807867781206,1.00966480880142,0.0270453008789723,80,0.00133712184522815,1.00547510717426,1.00500156776729,0.816392266229583,1.00716861449279,0.8115,0.702,0.6224,0.00158783219120842,1546.32,10.1,14.7,39.6,8479.5731835,0.2042132765,9.4,0.098,66.241624807,4,0.388,0.1415677754,0.004312218
1171,"-93.1815,31.1088",22115,"Louisiana, Vernon",0.153891509433962,5.3417928776095,0.0347114203847728,1696,1.01256981362139,1.00966480880142,0.0389150943396226,66,0.00135079819893573,1,1.00500156776729,0.816392266229583,1.00716861449279,0.7468,0.5769,0.6476,0.0018829308227589,1437.91,9.2,11.2,43.8,9194.9081677,0.2029266779,9.5,0.13,53.766285694,3.7,0.354,0.1382726156,0.0161686451
1172,"-90.0387,30.8529",22117,"Louisiana, Washington",0.119241192411924,6.61199604997639,0.055450603237302,2583,1.01025242975821,1.00966480880142,0.0313588850174216,81,0.00173886909106522,1.0035780004165,1.00500156776729,0.816392266229583,1.00716861449279,0.9736,0.8109,0.964,0.002640504916062,1126.51,13.7,17.2,65.3,13484.273929,0.2323606837,9.1,0.23,39.414357776,4,0.428,0.3011034305,0.0045725817
1173,"-93.3312,32.7085",22119,"Louisiana, Webster",0.135309278350515,8.11897520490747,0.0600030929429352,2328,1.00850498764003,1.00966480880142,0.0257731958762887,60,0.00154647146760142,1.00240390165174,1.00500156776729,0.816392266229583,1.00716861449279,0.8424,0.4218,0.9134,0.00505180679416465,1116.97,9.7,18.9,62,11659.978824,0.22964288,9.9,0.144,57.348298132,4.3,0.329,0.3400948503,0.0055672973
1174,"-91.3099,30.4606",22121,"Louisiana, West Baton Rouge",0.153601019757808,9.11946115714988,0.0593710977409468,1569,1.01123196727845,1.00966480880142,0.0293180369662205,46,0.00174064403829417,1.0031447782897,1.00500156776729,0.816392266229583,1.00716861449279,0.5561,0.5489,0.9424,,1975.74,9.3,12.9,133.8,8586.9171419,0.2002215404,9,0.091,217.59807976,5,0.379,0.3937639535,0.0023839255
1175,"-91.4612,32.7855",22123,"Louisiana, West Carroll",0.16816431322208,11.9286104534693,0.0709342560553633,779,1.00952180579125,1.00966480880142,0.0320924261874198,25,0.00227645237661628,1.01842967859905,1.00500156776729,0.816392266229583,1.00716861449279,0.9207,0.305,0.2521,0.00191221999635768,1214.99,16.6,18.6,28.8,10912.195935,0.2127797866,9.6,0.248,31.840905212,4,0.468,0.156164633,0.0085594609
1176,"-91.4149,30.8788",22125,"Louisiana, West Feliciana",0.063454759106933,3.49288486416559,0.0550452781371281,851,1.00584171576245,1.00966480880142,0.0293772032902468,25,0.00161707632600259,1,1.00500156776729,0.816392266229583,1.00716861449279,0.7439,0.6425,0.8453,0.00142302716688228,1906.31,7.6,13.3,27.5,8675.3486368,0.2189836709,9,0.084,36.925339433,3,0.218,0.4427554981,0.0017464424
1177,"-92.6379,31.9445",22127,"Louisiana, Winn",0.123885918003565,9.83444177161455,0.0793830479694354,1122,1.00924528934074,1.00966480880142,0.0231729055258467,26,0.00183953587094948,1,1.00500156776729,0.816392266229583,1.00716861449279,0.7917,0.4448,0.6651,0.00424508277911419,1177.36,12.8,17.5,13.8,11545.087442,0.2292733809,9.4,0.221,44.070297745,3,0.373,0.3061412198,0.0087024197
1178,"-70.2038,44.1665",23001,"Maine, Androscoggin",0.221354166666667,3.94691629751391,0.0178307748028864,1920,1.01822318430746,1.02551991749442,0.01875,36,0.000334327027554119,1.02638809625704,1.01789044590176,0.7422071362608,1.00843887998286,0.3452,0.4339,0.8806,0.0044855542863511,1594.24,8.3,16.8,217.8,7292.7171213,0.1644920619,7.6,0.122,175.26220068,3.7,0.339,0.0418465996,0.0043091039
1179,"-68.5984,46.6593",23003,"Maine, Aroostook",0.507194244604317,2.10099685595506,0.00414239096422345,278,1.05747367270086,1.02551991749442,0.00719424460431655,2,2.98013738433342e-05,1.10408951367381,1.01789044590176,0.7422071362608,1.00843887998286,0.5825,0.2989,0.7542,0.0033973566181401,1427.21,9,22.7,10.1,7924.7663485,0.1859272146,8.1,0.132,33.884997475,3.3,0.359,0.0103559774,0.0193261909
1180,"-70.3723,43.8371",23005,"Maine, Cumberland",0.233258701404437,3.90384150267239,0.0167361023583154,4913,1.023595433943,1.02551991749442,0.0160797883167108,79,0.000269112983168516,1.01536948198898,1.01789044590176,0.7422071362608,1.00843887998286,0.0373,0.4791,0.5925,0.00369263890828698,2400.16,6.3,17.3,363.3,5625.799522,0.1139152239,8,0.086,153.14807862,3.7,0.233,0.0302292229,0.0035802246
1181,"-70.4438,44.9733",23007,"Maine, Franklin",0.369047619047619,4.14757333511724,0.0112385858112854,336,1.03845698098453,1.02551991749442,0.0119047619047619,4,0.000133792688229588,1,1.01789044590176,0.7422071362608,1.00843887998286,0.3611,0.1213,0.3677,0.00217413118373081,1621.33,9.1,21,16.5,7014.3554422,0.1619735643,6.9,0.092,43.959112848,2.3,0.341,0.005452052,0.0047496404
1182,"-68.384,44.5982",23009,"Maine, Hancock",0.372093023255814,2.62720986663261,0.00706062651657514,387,1.03172598309937,1.02551991749442,0.020671834625323,8,0.000145956103701812,1.15041007378781,1.01789044590176,0.7422071362608,1.00843887998286,0.1525,0.1095,0.5403,0.00207987447775082,1989.39,11.5,23.3,31.8,6156.2265725,0.1439473471,6.3,0.09,36.773739159,3.3,0.249,0.0085201876,0.0047435734
1183,"-69.7674,44.4076",23011,"Maine, Kennebec",0.364764267990074,3.61229655234554,0.00990309871153232,1209,1.02955585389204,1.02551991749442,0.0157154673283706,19,0.000155631824250715,1.00775379492937,1.01789044590176,0.7422071362608,1.00843887998286,0.2968,0.1999,0.8122,0.00274403479599944,1761.28,6.5,18.9,134.9,7287.6626511,0.1646310733,7.7,0.105,32.773063111,3.3,0.335,0.0069624763,0.0054061581
1184,"-69.1053,44.1149",23013,"Maine, Knox",0.251851851851852,1.709788539388,0.00678886625933469,270,1.02638809625704,1.02551991749442,0.0148148148148148,4,0.000100575796434588,1,1.01789044590176,0.7422071362608,1.00843887998286,0.1357,0.0602,0.4677,0.00274069045284252,1980.61,10.5,23.5,113.4,6808.9170799,0.1369764642,7.2,0.083,75.887121942,3.3,0.272,0.007417465,0.0046516306
1185,"-69.5423,44.06",23015,"Maine, Lincoln",0.17989417989418,0.990041348785743,0.00550346514472075,189,1.0069943706001,1.02551991749442,0.0105820105820106,2,5.82377263991614e-05,1,1.01789044590176,0.7422071362608,1.00843887998286,0.1471,0.0783,0.1796,0.000727971579989517,2025.17,10.3,26.4,64.8,7081.3132493,0.1452458874,7.5,0.087,28.691027932,3.3,0.245,0.0056490595,0.0037563334
1186,"-70.7568,44.4995",23017,"Maine, Oxford",0.462783171521036,4.96372661321115,0.0107258148495262,618,1.04147279932683,1.02551991749442,0.00970873786407767,6,0.000104134124752681,1.02638809625704,1.01789044590176,0.7422071362608,1.00843887998286,0.5417,0.0933,0.4145,0.00130167655940852,1576.77,10.1,20.5,25,7698.8039832,0.1803092353,7.4,0.096,49.285333511,3.7,0.332,0.0059009337,0.0049810823
1187,"-68.6502,45.4019",23019,"Maine, Penobscot",0.324132492113565,2.72012495367184,0.00839201567215545,1268,1.02224659533453,1.02551991749442,0.0118296529968454,15,9.92746333456875e-05,1.00990485606307,1.01789044590176,0.7422071362608,1.00843887998286,0.4191,0.1385,0.8612,0.00445412188277651,1660.37,9.5,17.4,45.4,7774.1658079,0.1685807633,7.2,0.115,77.761898999,3.3,0.337,0.0090604649,0.0127534812
1188,"-69.286,45.8384",23021,"Maine, Piscataquis",0.416666666666667,1.78571428571429,0.00428571428571429,72,1.02638809625704,1.02551991749442,0.0138888888888889,1,5.95238095238095e-05,1,1.01789044590176,0.7422071362608,1.00843887998286,0.6838,0.0618,0.297,0.00285714285714286,1399.35,9.9,25.2,3.8,8743.3449571,0.1890087176,6.7,0.114,28.245694167,3,0.366,0.005,0.0076785714
1189,"-69.8507,43.9542",23023,"Maine, Sagadahoc",0.262376237623762,1.48734354829657,0.00566874333501712,202,1.01580512406225,1.02551991749442,0,0,0,,1.01789044590176,0.7422071362608,1.00843887998286,0.0376,0.2362,0.1541,,1828.4,7,21.2,132.5,6570.9410467,0.1359092194,7.7,0.084,77.176204172,3.3,0.251,0.0085592412,0.0046865353
1190,"-69.96,45.5123",23025,"Maine, Somerset",0.21792618629174,2.45098039215686,0.0112468374446553,569,1.02098890665552,1.02551991749442,0.0351493848857645,20,0.000395319418089817,1,1.01789044590176,0.7422071362608,1.00843887998286,0.7576,0.1579,0.5648,0.000988298545224541,1412.46,10.4,20.2,11.6,9067.7224386,0.1909450339,7.3,0.12,65.817916133,3.3,0.339,0.0054949399,0.0057123656
1191,"-69.1206,44.4858",23027,"Maine, Waldo",0.188612099644128,1.33521439008414,0.00707915553988008,281,1.01171474462704,1.02551991749442,0.0604982206405694,17,0.000428276313800574,1,1.01789044590176,0.7422071362608,1.00843887998286,0.3334,0.049,0.2986,0.000629818108530256,1509.46,11.4,21.1,48,6519.0116511,0.175107616,7.1,0.105,22.48815611,3.3,0.307,0.0056935557,0.0049629667
1192,"-67.6281,45.0161",23029,"Maine, Washington",0.107476635514019,0.730390600190537,0.00679580819307717,214,1.01189479942687,1.02551991749442,0.00934579439252336,2,6.35122261035249e-05,1,1.01789044590176,0.7422071362608,1.00843887998286,0.6777,0.341,0.5231,0.00158780565258812,1415.47,12.3,23.2,11.7,9684.4259517,0.1822978957,6.5,0.126,21.78821775,3,0.326,0.0059701493,0.0540489044
1193,"-70.7105,43.4781",23031,"Maine, York",0.284550297712316,4.40287253490052,0.0154730905934665,3191,1.03014611632148,1.02551991749442,0.0131620181761203,42,0.000203657099631963,1.02638809625704,1.01789044590176,0.7422071362608,1.00843887998286,0.0748,0.2451,0.2811,0.00111041609085046,2251.33,7.3,19.3,178.7,7166.8968123,0.1403691369,7.7,0.098,66.644374116,3.7,0.302,0.0090869858,0.0037385625
1194,"-78.6928,39.6236",24001,"Maryland, Allegany",0.329358196010408,21.4019020781965,0.0649806269813315,4612,1.01798451284573,1.01255221966452,0.0253686036426713,117,0.00164846777034167,1.04323210584011,1.00780382195602,0.837601059655605,1.00970738914948,0.6803,0.3448,0.752,0.00635435012328285,1402.53,4.8,19.6,169.1,9202.0602631,0.1605171062,9,0.152,250.0090129,4,0.369,0.0805776682,0.0020711518
1195,"-76.6033,39.0067",24003,"Maryland, Anne Arundel",0.177779981161073,6.22535939906012,0.0350172126152933,20171,1.01485337747775,1.01255221966452,0.0154181746071092,311,0.000539901498356859,1.0037298108785,1.00780382195602,0.837601059655605,1.00970738914948,0.0803,0.7549,0.3645,0.00116833989837353,3328.47,4.7,14.1,1395.7,6809.3863006,0.1367542123,10.6,0.096,386.70917497,5,0.294,0.1713345289,0.004414693
1196,"-76.6291,39.4578",24005,"Maryland, Baltimore",0.143042836041359,5.84478369351219,0.040860373404665,33850,1.01071726310459,1.01255221966452,0.0242540620384047,821,0.000991030031469127,1.00882997906279,1.00780382195602,0.837601059655605,1.00970738914948,0.1707,0.865,0.618,0.00229228505451872,2614.13,5.6,16.5,1274.1,8090.8558084,0.1327783031,10.9,0.107,717.77082683,5,0.309,0.2899493138,0.0043902268
1197,"-76.5682,38.5396",24009,"Maryland, Calvert",0.152115693626138,3.08685586339576,0.0202928165385911,1867,1.01144871087198,1.01255221966452,0.0224959828602035,42,0.000456506853037401,1.01064309218431,1.00780382195602,0.837601059655605,1.00970738914948,0.129,0.4413,0.0146,0.000826060019781964,3495.46,4.2,14,331,7016.687479,0.1448291607,9.3,0.115,69.833583894,4.3,0.323,0.1274523657,0.0045541993
1198,"-75.829,38.8717",24011,"Maryland, Caroline",0.176470588235294,6.12539034350228,0.0347105452798463,1156,1.01424867808984,1.01255221966452,0.00865051903114187,10,0.000300264232524622,1,1.00780382195602,0.837601059655605,1.00970738914948,0.5226,0.7138,0.2786,,1848.65,6.4,15.9,82.4,9121.859698,0.1860242512,9.4,0.129,49.864973812,3.3,0.402,0.1376711506,0.0085275042
1199,"-77.0237,39.5645",24013,"Maryland, Carroll",0.205072463768116,5.04069964198564,0.0245800901269971,4140,1.01692903243521,1.01255221966452,0.0369565217391304,153,0.000908394635128155,1.01071570107239,1.00780382195602,0.837601059655605,1.00970738914948,0.036,0.3429,0.1831,0.00242832291351252,3193.15,3,16,309.6,6692.2695536,0.1263010268,10.5,0.099,128.43292189,4.3,0.33,0.0362289154,0.0027192467
1200,"-75.9463,39.5665",24015,"Maryland, Cecil",0.263120567375887,7.21607375566491,0.0274249703382413,2820,1.02385511573588,1.01255221966452,0.0202127659574468,57,0.000554334506836792,1.01320174780559,1.00780382195602,0.837601059655605,1.00970738914948,0.2736,0.4967,0.4454,0.00215898702662751,2570.14,4.5,14.9,245.8,9240.5407326,0.1691593935,10.7,0.114,150.33784875,4,0.326,0.0663353627,0.0041040204
1201,"-76.9858,38.5109",24017,"Maryland, Charles",0.160443407234539,5.10826424276948,0.0318384178622069,5142,1.01240041316338,1.01255221966452,0.0217814080124465,112,0.000693485569927494,1.00926242190831,1.00780382195602,0.837601059655605,1.00970738914948,0.0398,0.8325,0.1283,0.000551073354674526,3073.78,3.6,11.8,277.5,7351.2539887,0.1416024778,9.3,0.118,106.18323276,4,0.362,0.4786846065,0.0076407249
1202,"-76.0275,38.4541",24019,"Maryland, Dorchester",0.13745704467354,5.00031251953247,0.0363772735795987,1164,1.0100909107781,1.01255221966452,0.0146048109965636,17,0.000531283205200325,1,1.00780382195602,0.837601059655605,1.00970738914948,0.5726,0.7861,0.5228,0.0127820488780549,1684.22,5.5,20.5,54.2,9920.1412588,0.1815662641,9.4,0.187,87.063949534,3,0.394,0.2794549659,0.0050940684
1203,"-77.4,39.473",24021,"Maryland, Frederick",0.220329227581444,7.48685692827638,0.0339803166854425,8687,1.01702077808089,1.01255221966452,0.0184183262346034,160,0.000625860558267618,1.00547510717426,1.00780382195602,0.837601059655605,1.00970738914948,0.085,0.766,0.206,0.00120478157466516,3069.76,4.8,13.8,359.5,6002.1796656,0.1161305226,10.3,0.09,272.88476002,4.3,0.291,0.0961439166,0.0048934472
1204,"-79.2736,39.5279",24023,"Maryland, Garrett",0.368603642671292,14.5732606384803,0.0395363988615712,1153,1.02409424854783,1.01255221966452,0.0164787510841284,19,0.000651510475602647,1.11265039734651,1.00780382195602,0.837601059655605,1.00970738914948,0.2615,0.0653,0.3582,0.00188595137674451,1644.65,7.3,21.2,45.3,6883.7332998,0.1536434652,8.7,0.131,39.314605358,3.7,0.372,0.0101155574,0.0022288516
1205,"-76.3078,39.5501",24025,"Maryland, Harford",0.162124582869855,4.59134653247019,0.0283198664335554,7192,1.01291798578408,1.01255221966452,0.0165461624026696,119,0.00046858510923152,1.00999148369095,1.00780382195602,0.837601059655605,1.00970738914948,0.0933,0.5562,0.1394,0.00100411094835326,2795.52,3.7,15.4,516.7,6834.252848,0.1460993774,10.9,0.109,222.06786346,4.3,0.323,0.1395005434,0.0032446566
1206,"-76.9313,39.2531",24027,"Maryland, Howard",0.16266998858092,4.84845109469177,0.0298054431366725,9633,1.01279065230477,1.01255221966452,0.0170248105470778,164,0.000507432022673548,1.0080956383007,1.00780382195602,0.837601059655605,1.00970738914948,0.0127,0.9124,0.1745,0.00179767076325202,4120.75,4,13,1266.1,4160.221959,0.0901910114,11,0.088,527.39540768,4.3,0.253,0.1929541207,0.0041832201
1207,"-76.0474,39.2498",24029,"Maryland, Kent",0.220640569395018,6.39735851003457,0.0289944796987051,562,1.01482174668688,1.01255221966452,0.0444839857651246,25,0.00128979002218439,1,1.00780382195602,0.837601059655605,1.00970738914948,0.2726,0.6807,0.6396,0.00134138162307176,2210,5.4,25.7,69.8,6887.5217687,0.1301831191,9.7,0.115,73.137560012,3.7,0.297,0.1451787649,0.0032502709
1208,"-77.2036,39.1368",24031,"Maryland, Montgomery",0.158027266252925,5.90271213138926,0.0373524915753582,39316,1.01267511101221,1.01255221966452,0.0259945060535151,1022,0.000970959568369519,1.00557371145413,1.00780382195602,0.837601059655605,1.00970738914948,0.1083,0.9554,0.5804,0.00173575648866058,3957.71,7.4,14.6,2016.7,4104.5526232,0.0817571344,10.8,0.078,843.88611219,4,0.212,0.1845697234,0.0073220992
1209,"-76.8496,38.8307",24033,"Maryland, Prince George's",0.131555574352901,6.84146625785762,0.0520043813537327,47288,1.01016161256264,1.01255221966452,0.020998984943326,993,0.00109203922103402,1.00574026864895,1.00780382195602,0.837601059655605,1.00970738914948,0.3408,0.9819,0.8641,0.000919380451948075,2731.5,10.8,12.3,1616.9,6864.4374901,0.1197912293,9.9,0.127,696.65319619,5,0.373,0.6187276478,0.0118441716
1210,"-76.0353,39.062",24035,"Maryland, Queen Anne's",0.195393759286776,5.23372669200613,0.0267855366062367,1346,1.01593384896917,1.01255221966452,0.0200594353640416,27,0.000537302740243975,1,1.00780382195602,0.837601059655605,1.00970738914948,0.0255,0.5339,0.0296,,3105.35,4.4,18,107.2,7136.180585,0.1198178945,9.7,0.104,128.233328,3.7,0.292,0.0619490159,0.0046566237
1211,"-76.6063,38.3006",24037,"Maryland, St. Mary's",0.211466865227104,5.04153944472059,0.0238408009657033,2686,1.01651632056627,1.01255221966452,0.0279225614296351,75,0.000665696229496556,1.01842967859905,1.00780382195602,0.837601059655605,1.00970738914948,0.1105,0.5718,0.3333,0.000843215224028971,2841.72,5.8,12.3,303.5,6761.0800567,0.1501389498,9,0.119,95.595796414,4,0.364,0.1430625577,0.0045799901
1212,"-75.7512,38.1164",24039,"Maryland, Somerset",0.361851332398317,20.0973709834469,0.0555404089581305,1426,1.02854484748611,1.01255221966452,0.00841514726507714,12,0.000467380720545278,1.04195362743721,1.00780382195602,0.837601059655605,1.00970738914948,0.9086,0.8067,0.9395,0.00346640701071081,1428.47,6.8,15.8,67.2,9953.3893474,0.1976016012,9,0.133,69.898116082,2.7,0.444,0.4137098345,0.0049074976
1213,"-76.1088,38.7662",24041,"Maryland, Talbot",0.154327424400417,4.00346245401428,0.0259413546851331,959,1.01235703459634,1.01255221966452,0.0072992700729927,7,0.000189352953906081,1,1.00780382195602,0.837601059655605,1.00970738914948,0.0908,0.6807,0.0414,0.00357065570222895,2517.16,4.8,27.9,158.7,6532.8437992,0.1281530982,9.3,0.116,203.94086793,3.7,0.284,0.1238368319,0.0040305129
1214,"-77.82,39.6084",24043,"Maryland, Washington",0.26946933149552,10.3626943005181,0.0384559320461683,5804,1.02179278891025,1.01255221966452,0.016368022053756,95,0.000629447543829426,1.02124505044972,1.00780382195602,0.837601059655605,1.00970738914948,0.4627,0.5801,0.8007,0.00246478406636365,2049.2,6.2,16.4,320.9,8547.2746086,0.1546402323,10.1,0.137,237.82676294,5,0.363,0.1159707406,0.0032532499
1215,"-75.6271,38.373",24045,"Maryland, Wicomico",0.132364192807957,5.02931343572848,0.0379960269392897,3921,1.01067991917471,1.01255221966452,0.0163223667431778,64,0.000620185086486748,1.00926242190831,1.00780382195602,0.837601059655605,1.00970738914948,0.5771,0.8599,0.9421,0.00324628131207907,1862.26,6.9,15.1,275.5,9178.6720127,0.1530895535,9.3,0.117,208.37930408,4.3,0.361,0.2646736761,0.0038373952
1216,"-75.332,38.2127",24047,"Maryland, Worcester",0.143024618991794,4.70833413735214,0.0329197460586998,1706,1.01083854167248,1.01255221966452,0.0234466588511137,40,0.00077185805530363,1.00362337833333,1.00780382195602,0.837601059655605,1.00970738914948,0.1955,0.4648,0.5193,0.000868340312216583,2249.87,5.9,26.8,113.4,8845.6631968,0.1375386636,9,0.126,173.72076875,3.7,0.347,0.1284371804,0.0041294406
1217,"-76.6115,39.3021",24510,"Maryland, Baltimore City",0.133245382585752,6.20254109992614,0.0465497638984556,28046,1.00980715551121,1.01255221966452,0.0222491620908507,624,0.00103569324226757,1.00682158499797,1.00780382195602,0.837601059655605,1.00970738914948,0.7178,0.9045,0.873,0.00775276143370484,1794.4,7.2,13.2,8825.8,13652.312174,0.2026259525,9.5,0.125,1094.6949643,3.7,0.349,0.619025884,0.0045195396
1218,"-70.2885,41.7298",25001,"Massachusetts, Barnstable",0.235443037974684,4.3577476536106,0.0185087131524321,3950,1.01838782991046,1.01773194322681,0.0521518987341772,206,0.000965264534025575,1.00640218407775,1.00442064482863,1.39430444054453,1.00940088878784,0.0468,0.4301,0.0942,0.00162595530731492,2647.81,3.2,29.1,532.5,7302.6933802,0.1185390632,6.7,0.088,65.380734788,3.3,0.214,0.0310712093,0.007614344
1219,"-73.2052,42.3743",25003,"Massachusetts, Berkshire",0.289520426287744,5.16035077721848,0.0178237882673252,2252,1.02048414356248,1.01773194322681,0.0448490230905861,101,0.000799379491562985,1.04747253580697,1.00442064482863,1.39430444054453,1.00940088878784,0.272,0.5533,0.6004,0.00255643144331529,2159.17,3,22,139.9,7541.4213332,0.1378295409,7.7,0.1,91.271056819,3.3,0.257,0.0312391174,0.0032054326
1220,"-71.1087,41.7923",25005,"Massachusetts, Bristol",0.245966200198822,11.4055834701483,0.0463705316459287,26154,1.0203180232909,1.01773194322681,0.0364380209528179,953,0.00168965040370766,1.00981837864687,1.00442064482863,1.39430444054453,1.00940088878784,0.3831,0.7682,0.6466,0.00205843034491562,2413.51,2.9,16.3,896.2,7289.8446574,0.1501321279,6.9,0.107,104.68737798,4.3,0.291,0.0459538812,0.0062781239
1221,"-70.6876,41.4067",25007,"Massachusetts, Dukes",,0,0,0,,1.01773194322681,,0,0,,1.00442064482863,1.39430444054453,1.00940088878784,0.015,0.4887,0.008,0.0014407561088059,2423.64,5,22.2,160.1,4820.1341763,0.1201852924,6,0.066,28.743654834,2,0.268,0.0407445828,0.0125633933
1222,"-70.9469,42.6688",25009,"Massachusetts, Essex",0.245262033018559,14.2239558432557,0.057994935735444,45853,1.01859434653836,1.01773194322681,0.0334111181383988,1532,0.00193767564928577,1.00407532702631,1.00442064482863,1.39430444054453,1.00940088878784,0.2513,0.8663,0.8045,0.00163285852691118,2854.61,3.1,16.3,1390.7,5995.8365475,0.1174006476,7.8,0.097,206.8554659,4.3,0.248,0.0338334358,0.008868787
1223,"-72.586,42.5812",25011,"Massachusetts, Franklin",0.333680917622523,4.50939221848005,0.0135140848047574,959,1.03456239276556,1.01773194322681,0.0834202294056309,80,0.00112734805462001,1.00362337833333,1.00442064482863,1.39430444054453,1.00940088878784,0.1634,0.4855,0.3706,0.00125417471076476,2008.16,2.2,20.3,89.4,6315.107787,0.1361118012,7.7,0.117,36.294062263,3.3,0.288,0.0131617885,0.0047771374
1224,"-72.6324,42.1344",25013,"Massachusetts, Hampden",0.220889993663791,9.63423085589895,0.0436155151082257,20517,1.01627205139099,1.01773194322681,0.046936686650095,963,0.00204716776571727,1.00483940578439,1.00442064482863,1.39430444054453,1.00940088878784,0.6076,0.8911,0.843,0.00308882114598878,1975.33,3,16,739.6,7418.7461269,0.1544052525,8.2,0.107,202.8811403,4.3,0.312,0.0773310715,0.0079420756
1225,"-72.659,42.34",25015,"Massachusetts, Hampshire",0.214991482112436,3.91063183663351,0.0181897059279229,2935,1.01932282253473,1.01773194322681,0.0582623509369676,171,0.00105977503021288,1.00424839439854,1.00442064482863,1.39430444054453,1.00940088878784,0.2471,0.5734,0.687,0.00192122958693564,2447.05,2.4,16,292,5480.2369085,0.1338615691,8,0.068,66.174302786,3.3,0.204,0.0290601469,0.0029624121
1226,"-71.3905,42.4861",25017,"Massachusetts, Middlesex",0.221842310166221,8.11660764692695,0.0365872841877881,59078,1.01743629407699,1.01773194322681,0.0428078133992349,2529,0.00156622163429561,1.00349407031665,1.00442064482863,1.39430444054453,1.00940088878784,0.051,0.8341,0.8195,0.00170618450078466,3701.11,2.6,14.7,1991,4384.1157441,0.0995444314,8.5,0.074,305.01257653,4.3,0.221,0.0524396271,0.0026202783
1227,"-70.0877,41.2942",25019,"Massachusetts, Nantucket",,0,0,0,,1.01773194322681,,0,0,,1.00442064482863,1.39430444054453,1.00940088878784,0.0102,0.5928,0.0716,0.00167740796327359,3665.98,4.5,14.3,236.8,4173.3728594,0.1394875843,6,0.076,0,2,0.249,0.0948176922,0.0041493776
1228,"-71.2053,42.1607",25021,"Massachusetts, Norfolk",0.220527517365328,6.43617413395181,0.0291853561444198,20587,1.01792122337005,1.01773194322681,0.0589692524408607,1214,0.00172103863405672,1.00213628391115,1.00442064482863,1.39430444054453,1.00940088878784,0.0656,0.7994,0.6603,0.00103630909513629,3806.73,2,16.2,1677.1,4740.4408526,0.1223898028,8.1,0.085,228.48928738,4.3,0.232,0.070753968,0.0021094773
1229,"-70.808,41.9407",25023,"Massachusetts, Plymouth",0.209279635752615,7.45176904726981,0.0356067565794045,18449,1.01711131487785,1.01773194322681,0.0507344571521492,936,0.0018064894660048,1.00293401069754,1.00442064482863,1.39430444054453,1.00940088878784,0.1159,0.7195,0.3515,0.00211915110435179,3144.04,2.3,17.1,672.7,6455.2063514,0.1451245733,7.2,0.109,70.694952914,4,0.282,0.1063918075,0.0032983873
1230,"-71.0785,42.328",25025,"Massachusetts, Suffolk",0.174654388205507,9.65621639834897,0.0552875681943185,44631,1.01345083866819,1.01773194322681,0.0290829244247272,1298,0.00160792416742232,1.0025573272072,1.00442064482863,1.39430444054453,1.00940088878784,0.5608,0.9656,0.9774,0.00680085029210209,2487.34,4,11.5,17939,5646.4394352,0.1447541092,7.6,0.082,1040.7277936,3,0.212,0.2034395703,0.0073669684
1231,"-71.9049,42.3503",25027,"Massachusetts, Worcester",0.241156169111303,9.41939413051145,0.0390593123336772,32452,1.01896962522401,1.01773194322681,0.041846419327006,1358,0.00163449236253955,1.00449811431468,1.00442064482863,1.39430444054453,1.00940088878784,0.2322,0.7899,0.7931,0.00205575328071985,2565.26,2.5,14.9,495.1,6481.1001034,0.1380474759,7.9,0.09,140.29097083,4,0.27,0.0473160263,0.0040152184
1232,"-83.5951,44.6847",26001,"Michigan, Alcona",0.403389830508475,11.4842694460529,0.0284694074502992,295,1.01989521937919,1.01232957068893,0.0305084745762712,9,0.000868558193398958,1.05963402266705,1.01172747817543,0.74334845784503,1.00735871770201,0.6624,0.0812,0.0551,,1452.25,5.8,35.5,13.1,9813.5659385,0.1605008806,7.5,0.113,12.143236744,2.3,0.349,0.0045358039,0.0072379849
1233,"-86.6026,46.4129",26003,"Michigan, Alger",0.120754716981132,3.51764317907002,0.0291304825766736,265,1.00951658022559,1.01232957068893,0.00754716981132075,2,0.000219852698691876,1,1.01172747817543,0.74334845784503,1.00735871770201,0.5666,0.3521,0.545,0.00120918984280532,1354.68,7.2,24.3,8.9,5457.0935156,0.1760893388,6.4,0.112,96.558848369,1.3,0.258,0.0723315379,0.0440804661
1234,"-85.891,42.5915",26005,"Michigan, Allegan",0.218970736629667,9.24765825428077,0.0422323932257707,4955,1.01398388028152,1.01232957068893,0.00867810292633703,43,0.000366497055238777,1.01038507754155,1.01172747817543,0.74334845784503,1.00735871770201,0.2064,0.4202,0.2506,0.000213079683278359,1965.57,4.6,15.6,129.4,6180.5699672,0.1627392233,11,0.088,132.95660121,4,0.335,0.0131427549,0.007415173
1235,"-83.6221,45.0348",26007,"Michigan, Alpena",0.339211618257261,11.5303244005642,0.0339915373765867,964,1.02213960847359,1.01232957068893,0.0197095435684647,19,0.000669957686882934,1.01601628385513,1.01172747817543,0.74334845784503,1.00735871770201,0.4682,0.1194,0.3222,0.00437235543018336,1443.63,6.3,22.4,50.7,7178.7260559,0.1735694339,7.5,0.137,103.93842462,3.3,0.336,0.0050423131,0.0064174894
1236,"-85.155,44.9969",26009,"Michigan, Antrim",0.223684210526316,5.09308795206505,0.0227690990798202,532,1.00976933473607,1.01232957068893,0.0150375939849624,8,0.000342392467365718,1.04195362743721,1.01172747817543,0.74334845784503,1.00735871770201,0.2726,0.2283,0.0739,,1928.64,7.1,26.1,39.6,6080.2947443,0.1638555403,7.4,0.074,48.498837166,2.3,0.319,0.0028675369,0.0119409373
1237,"-83.8928,44.0636",26011,"Michigan, Arenac",0.215867158671587,7.77873811581677,0.0360348381091683,542,1.01304264269911,1.01232957068893,0.0424354243542435,23,0.00152915364669902,1.02766948763189,1.01172747817543,0.74334845784503,1.00735871770201,0.7717,0.1503,0.2709,0.00166212352902068,1361.42,6.9,23.6,39.3,8498.6315613,0.184857836,8.3,0.164,73.378817157,3.7,0.356,0.0047204308,0.0122997141
1238,"-88.3636,46.6721",26013,"Michigan, Baraga",0.152727272727273,10.0961538461538,0.0661057692307692,550,1.01255559792533,1.01232957068893,0.0472727272727273,26,0.003125,1.01150029829051,1.01172747817543,0.74334845784503,1.00735871770201,0.686,0.3512,0.7396,0.00180288461538462,1469.12,5.2,20.8,9.2,10471.266801,0.1933834262,6,0.185,43.640044504,2,0.359,0.0792067308,0.1421875
1239,"-85.3083,42.5951",26015,"Michigan, Barry",0.202272727272727,8.73162516146966,0.0431675850679399,2640,1.01119961438567,1.01232957068893,0.00871212121212121,23,0.000376081233546446,1.05321105161798,1.01172747817543,0.74334845784503,1.00735871770201,0.2121,0.1697,0.1102,0.000801216541033733,1859.4,4.6,17.7,82.3,6021.9837627,0.1599710256,11.2,0.171,7.7098376516,4,0.372,0.0059191916,0.0057229753
1240,"-83.9873,43.7064",26017,"Michigan, Bay",0.190608245516731,9.92080675115229,0.0520481510349008,5409,1.01219455751417,1.01232957068893,0.0260676650027732,141,0.00135677376519154,1.02452979529189,1.01172747817543,0.74334845784503,1.00735871770201,0.558,0.2671,0.3241,0.00344485821233028,1539.48,5.5,19.1,214.7,7743.3678333,0.1779181258,9.5,0.089,291.11479816,3.7,0.359,0.0166854306,0.0066010412
1241,"-86.0161,44.639",26019,"Michigan, Benzie",0.303664921465969,9.80116036726187,0.0322762350025348,573,1.0193679743283,1.01232957068893,0.0209424083769634,12,0.000675942094293922,1.05963402266705,1.01172747817543,0.74334845784503,1.00735871770201,0.2497,0.1897,0.0767,0.000450628062862615,1773.71,6.4,24.9,44.3,6654.8336767,0.1568194619,7.5,0.136,42.426687117,2.3,0.365,0.0063651214,0.0153213541
1242,"-86.4131,41.9545",26021,"Michigan, Berrien",0.192916260954236,10.2827930271634,0.0533018470102049,8216,1.01338143536628,1.01232957068893,0.0181353456669912,149,0.00096664742021915,1.02308517716676,1.01172747817543,0.74334845784503,1.00735871770201,0.4914,0.6527,0.7364,0.00213440940437651,1711.72,7.8,18.8,267.4,8080.9868164,0.165930279,11.8,0.117,210.82760928,4,0.326,0.1457950837,0.0065524422
1243,"-85.0593,41.916",26023,"Michigan, Branch",0.173529411764706,10.820228325157,0.0623538581449727,2720,1.01183276632079,1.01232957068893,0.0172794117647059,47,0.00107743799000504,1.01970237011906,1.01172747817543,0.74334845784503,1.00735871770201,0.4879,0.5193,0.7896,0.00220072440511668,1591.43,11.1,17.7,75.1,8566.2724806,0.1840061945,11.8,0.102,139.17790022,3.7,0.38,0.0215258356,0.0052725689
1244,"-85.0049,42.2463",26025,"Michigan, Calhoun",0.159346126510306,8.33537814063813,0.052309888688126,7035,1.01043330291006,1.01232957068893,0.0210376687988628,148,0.00110047811312618,1.01869806316374,1.01172747817543,0.74334845784503,1.00735871770201,0.5682,0.6262,0.7214,0.0019778863384565,1560.59,5.9,16.9,197.6,9414.3303637,0.1879289397,11.5,0.138,215.90814761,4.3,0.338,0.1076312209,0.0077851391
1245,"-85.9941,41.9152",26027,"Michigan, Cass",0.202424687729611,10.6673378119374,0.0526978103885544,2722,1.01521271391259,1.01232957068893,0.0132255694342395,36,0.000696958550326215,1.02159147023276,1.01172747817543,0.74334845784503,1.00735871770201,0.4392,0.3184,0.1633,0.000483998993282094,1580.31,7.5,19.8,82.2,7669.271637,0.1649171852,12.9,0.187,11.434732663,3.7,0.398,0.0502584555,0.0123903742
1246,"-85.1961,45.3779",26029,"Michigan, Charlevoix",0.258777633289987,7.58268556622466,0.0293019356805365,769,1.01581659290882,1.01232957068893,0.00910273081924577,7,0.000266727632982777,1,1.01172747817543,0.74334845784503,1.00735871770201,0.1427,0.1897,0.1687,0.000952598689224204,1952.29,6.4,23,56.8,6382.0312357,0.1542215283,7.4,0.125,74.24990221,2,0.349,0.0048392013,0.0161941777
1247,"-84.5012,45.4479",26031,"Michigan, Cheboygan",0.245283018867925,6.13859048518475,0.0250265612088301,636,1.01552054804031,1.01232957068893,0.0424528301886792,27,0.00106244835320505,1.02968851580259,1.01172747817543,0.74334845784503,1.00735871770201,0.5646,0.1843,0.1143,,1500.49,7.9,26.1,28.5,7142.6147332,0.1753184286,7.1,0.177,55.086978757,3,0.303,0.0062172904,0.0295518042
1248,"-84.5435,46.2955",26033,"Michigan, Chippewa",0.231830726770929,6.71695498040888,0.0289735319988272,1087,1.02081856593633,1.01232957068893,0.00919963201471941,10,0.000266545832555908,1.05227402814137,1.01172747817543,0.74334845784503,1.00735871770201,0.7287,0.5435,0.7727,0.00218567582695845,1505.4,7.4,17,21.8,6397.9212136,0.2161063282,6.9,0.125,10.024638199,3.3,0.405,0.0661566756,0.1608337554
1249,"-84.8482,43.9879",26035,"Michigan, Clare",0.247474747474747,7.96566635237507,0.0321877946483727,990,1.01763059488975,1.01232957068893,0.0282828282828283,28,0.000910361868842865,1.01064309218431,1.01172747817543,0.74334845784503,1.00735871770201,0.8869,0.2614,0.674,0.00159313327047501,1174.2,11.4,23,50.2,10043.07225,0.2022478546,8.3,0.167,14.422365513,3.7,0.373,0.0070878174,0.008550899
1250,"-84.6015,42.944",26037,"Michigan, Clinton",0.197670946551209,8.34467806181616,0.0422149952100035,3349,1.01114483391907,1.01232957068893,0.00865930128396536,29,0.000365552362224575,1.01026070714042,1.01172747817543,0.74334845784503,1.00735871770201,0.0774,0.3349,0.0831,0.000315131346745323,2223.87,3.8,16,111.8,4613.0630293,0.1527811499,10.6,0.114,86.71751647,3.7,0.341,0.0190465386,0.0050294963
1251,"-84.6101,44.6826",26039,"Michigan, Crawford",0.225882352941176,6.90597798719517,0.0305733400474786,425,1.01309699974623,1.01232957068893,0.0117647058823529,5,0.000359686353499748,1,1.01172747817543,0.74334845784503,1.00735871770201,0.6389,0.1159,0.2022,0.00510754621969642,1383.52,5.4,24.6,23.9,11390.120851,0.17845258,7.4,0.15,89.235990289,2.3,0.324,0.0081289116,0.0075534134
1252,"-86.9081,45.9048",26041,"Michigan, Delta",0.113495816660604,8.70122988537803,0.0766656440862314,2749,1.00656077583164,1.01232957068893,0.0240087304474354,66,0.00184064478344535,1.0044056276055,1.01172747817543,0.74334845784503,1.00735871770201,0.3223,0.121,0.4807,0.00069721393312324,1388.91,6.1,22.7,30.5,7382.2727365,0.173991833,7.1,0.144,126.16343326,3.7,0.358,0.0035139582,0.0264662409
1253,"-87.8696,46.01",26043,"Michigan, Dickinson",0.141064257028112,11.0704014497892,0.0784777213095379,1992,1.00799493055956,1.01232957068893,0.0306224899598394,61,0.0024031832328724,1.01229239130416,1.01172747817543,0.74334845784503,1.00735871770201,0.2404,0.099,0.3824,0.00445179844778001,1608.89,4.6,21.4,36,7501.9408913,0.1776838109,7,0.117,189.01539616,3.3,0.244,0.0049639523,0.0097703187
1254,"-84.8374,42.596",26045,"Michigan, Eaton",0.22674710910005,8.21299145921731,0.0362209312913154,3978,1.01497106115652,1.01232957068893,0.0168426344896933,67,0.00061005590661592,1.03687044176999,1.01172747817543,0.74334845784503,1.00735871770201,0.1924,0.5855,0.4126,0.000409739041756961,1996.91,5.4,17.4,184.1,6381.6964262,0.1717663553,10.9,0.098,161.94803285,4,0.37,0.0666873054,0.0053357129
1255,"-84.8908,45.5263",26047,"Michigan, Emmet",0.168877099911583,5.73435811216525,0.0339558064128738,1131,1.01150029829051,1.01232957068893,0.026525198938992,30,0.000900684520235379,1.00990485606307,1.01172747817543,0.74334845784503,1.00735871770201,0.1439,0.2073,0.2993,0.00534406148672991,2027.32,8.3,20.9,77.4,5953.2259966,0.1652907545,7.1,0.085,152.15267599,3.3,0.273,0.0073255674,0.0381590008
1256,"-83.7059,43.0224",26049,"Michigan, Genesee",0.202359052050644,9.19162824533291,0.0454223725214553,18482,1.01464156886629,1.01232957068893,0.0271615626014501,502,0.00123374261474789,1.01162029216391,1.01172747817543,0.74334845784503,1.00735871770201,0.6707,0.4897,0.4585,0.00280909922043196,1616.67,5.6,16.6,613.3,10378.568306,0.1898688776,10.2,0.135,344.2168164,5,0.349,0.1998097775,0.0056526056
1257,"-84.3877,43.989",26051,"Michigan, Gladwin",0.22854387656702,9.35390930260094,0.0409282866953467,1037,1.01661874255503,1.01232957068893,0.0154291224686596,16,0.000631487547854916,1.01925902092718,1.01172747817543,0.74334845784503,1.00735871770201,0.7057,0.15,0.4788,0.000986699293523306,1469.13,8.5,25.9,43.5,8457.920741,0.1769133121,8.4,0.194,16.099440282,3,0.425,0.0050913684,0.0062754075
1258,"-89.6938,46.4086",26053,"Michigan, Gogebic",0.186906019007392,11.724960254372,0.0627318494965554,947,1.01285538398921,1.01232957068893,0.0285110876451954,27,0.00178855325914149,1.01696850489722,1.01172747817543,0.74334845784503,1.00735871770201,0.4987,0.2334,0.6186,0.00165606783253842,1310.63,8.4,24.6,12.8,7444.0520435,0.1942120717,6.4,0.141,105.64053009,2,0.312,0.03881823,0.0292792793
1259,"-85.5559,44.6957",26055,"Michigan, Grand Traverse",0.229066022544283,6.14650059952686,0.0268328778369503,2484,1.01690272426837,1.01232957068893,0.0128824476650564,32,0.000345673144437363,1.04195362743721,1.01172747817543,0.74334845784503,1.00735871770201,0.122,0.2884,0.5415,0.00407246173290268,2161.2,7,18.4,213.4,5894.8461653,0.1717848829,7.7,0.065,112.69508112,4.3,0.309,0.0070862995,0.0133084161
1260,"-84.6051,43.2927",26057,"Michigan, Gratiot",0.228838582677165,11.4534840759625,0.0500504938545284,2032,1.01634444375511,1.01232957068893,0.0236220472440945,48,0.00118229513042193,1.02638809625704,1.01172747817543,0.74334845784503,1.00735871770201,0.6682,0.3569,0.7001,0.00165028695288061,1497.62,5.8,16.7,67.5,6604.4558124,0.198229122,9.7,0.111,104.09671779,3.7,0.378,0.0580802483,0.00729082
1261,"-84.5931,41.8875",26059,"Michigan, Hillsdale",0.234032634032634,10.9729174408184,0.0468862707381582,2145,1.01625932045943,1.01232957068893,0.0228438228438228,49,0.00107106166255,1.01883521230932,1.01172747817543,0.74334845784503,1.00735871770201,0.5344,0.2283,0.7504,0.00142079608297449,1567.07,7.7,18.6,72.2,8106.5512744,0.185874179,11.3,0.122,23.186794493,3.3,0.386,0.00642637,0.0060766356
1262,"-88.685,46.8999",26061,"Michigan, Houghton",0.177139761646804,9.02841050277479,0.050967724122698,1846,1.01337980112875,1.01232957068893,0.00920910075839653,17,0.000469366906872084,1,1.01172747817543,0.74334845784503,1.00735871770201,0.6268,0.3607,0.9306,0.00168419890112924,1519.11,7.3,16.6,35.7,6869.0148271,0.185452658,6.1,0.083,264.16343364,2.7,0.313,0.0090836301,0.0070681134
1263,"-83.0408,43.8335",26063,"Michigan, Huron",0.396648044692737,15.9468651735866,0.0402040685362254,1253,1.03407947156146,1.01232957068893,0.0215482841181165,27,0.000866328691522813,1.07761442776993,1.01172747817543,0.74334845784503,1.00735871770201,0.4236,0.1334,0.2897,0.00282358980940769,1418.86,6.3,24.3,38.6,8589.2485409,0.1602026502,9,0.13,75.803459891,3,0.342,0.0055188346,0.004010781
1264,"-84.3747,42.5972",26065,"Michigan, Ingham",0.191208791208791,7.13273096828189,0.03730336310998,10920,1.0135233312237,1.01232957068893,0.0133699633699634,146,0.000498744598356876,1.01897439112017,1.01172747817543,0.74334845784503,1.00735871770201,0.5236,0.7571,0.8574,0.0036312706031052,1799.05,5.9,12.7,589.1,7206.2677655,0.1775110513,10.6,0.093,556.18014068,5,0.315,0.1149367175,0.0063641177
1265,"-85.0741,42.945",26067,"Michigan, Ionia",0.219118142039717,10.1386076935057,0.0462700513938639,2971,1.01136661768619,1.01232957068893,0.012117132278694,36,0.00056066033328142,1.05963402266705,1.01172747817543,0.74334845784503,1.00735871770201,0.4513,0.2919,0.8306,0.000342625759227535,1694.46,6.2,13.9,88.9,6014.8872624,0.1816754544,10.6,0.127,50.85722085,3.7,0.348,0.0449151223,0.0068369413
1266,"-83.6348,44.3549",26069,"Michigan, Iosco",0.254431699687174,9.72847972568877,0.0382361149874407,959,1.01484649728042,1.01232957068893,0.0375391032325339,36,0.00143534946772457,1.02638809625704,1.01172747817543,0.74334845784503,1.00735871770201,0.6573,0.135,0.2977,0.00195367010884733,1458.95,7.2,28.7,45.5,10248.435287,0.1697238186,7.9,0.177,72.839497655,3,0.305,0.0069773932,0.0096487381
1267,"-88.5314,46.2097",26071,"Michigan, Iron",0.0701298701298701,4.85742556445084,0.0692632904560583,770,1.00338488596009,1.01232957068893,0.0480519480519481,37,0.0033282360349015,1.00392180941666,1.01172747817543,0.74334845784503,1.00735871770201,0.4538,0.0793,0.3594,0.0022488081316902,1331.06,7.1,29.5,9.4,9999.2845548,0.167290662,6.6,0.077,83.149390842,3,0.275,0.004137807,0.014932086
1268,"-84.8466,43.6406",26073,"Michigan, Isabella",0.186698176907495,7.83707944786145,0.041977268218021,2962,1.01225055008959,1.01232957068893,0.0111411208642809,33,0.000467673818769309,1.04045870317201,1.01172747817543,0.74334845784503,1.00735871770201,0.7188,0.4712,0.9086,0.00167228820044783,1549.9,8.8,11.7,133.4,6659.6347587,0.1992928351,9.1,0.08,80.952037813,3.7,0.334,0.0260763584,0.0404892152
1269,"-84.4226,42.2481",26075,"Michigan, Jackson",0.210662604722011,8.70780680380046,0.0413353229695951,6565,1.01544792743349,1.01232957068893,0.019040365575019,125,0.000787039660502572,1.01975923031829,1.01172747817543,0.74334845784503,1.00735871770201,0.4812,0.3795,0.7599,0.00204630311730669,1698.91,6.4,16.7,205.2,8495.5177139,0.1932563761,11,0.123,211.72805631,4,0.362,0.0792643383,0.0041996436
1270,"-85.5304,42.2454",26077,"Michigan, Kalamazoo",0.145795078957033,5.99539396685166,0.0411220598784309,10892,1.00888528281473,1.01232957068893,0.018453911127433,201,0.000758862838373542,1.01508520402988,1.01172747817543,0.74334845784503,1.00735871770201,0.3481,0.5737,0.6947,0.00309963378261034,2054.84,5.7,14.2,468.8,6792.2097588,0.1800141065,11.7,0.101,430.67411064,4.3,0.314,0.1140295239,0.0051912259
1271,"-85.0909,44.6851",26079,"Michigan, Kalkaska",0.178240740740741,4.32001795332136,0.0242369838420108,432,1.01287356327425,1.01232957068893,0.0208333333333333,9,0.000504937163375224,1.03655432261531,1.01172747817543,0.74334845784503,1.00735871770201,0.7213,0.1261,0.3123,0.000448833034111311,1458.3,9.5,19.4,26.8,8161.1918063,0.1862356365,7.4,0.149,79.226363788,3.3,0.344,0.0059470377,0.0100426391
1272,"-85.5493,43.032",26081,"Michigan, Kent",0.165249026439844,9.86561351879667,0.0597014925373134,39032,1.0108863190051,1.01232957068893,0.0115802418528387,452,0.000691357722557534,1.01761297266529,1.01172747817543,0.74334845784503,1.00735871770201,0.2812,0.7988,0.6501,0.00268130550363575,2085.36,6.5,12.9,814.5,5783.5487539,0.1505200548,11.5,0.09,614.53551939,5,0.296,0.0965545301,0.007577403
1273,"-88.4143,47.632",26083,"Michigan, Keweenaw",0.170731707317073,6.62565073355419,0.0388073828679602,82,1.01282889803762,1.01232957068893,0.024390243902439,2,0.000946521533364884,1,1.01172747817543,0.74334845784503,1.00735871770201,0.2296,0.0248,0.0347,,1628.64,8.4,33.4,3.2,10506.743991,0.1599599852,5.7,0.068,11.791965822,,0.285,0.0033128254,0.0033128254
1274,"-85.8022,43.9905",26085,"Michigan, Lake",0.248031496062992,5.30258395757933,0.0213786718289706,254,1.01811762771728,1.01232957068893,0.0236220472440945,6,0.000505007995959936,1,1.01172747817543,0.74334845784503,1.00735871770201,0.9395,0.2967,0.6877,,1058.71,7.5,27.3,18.2,7965.3058687,0.204403238,8.1,0.081,23.088365954,3,0.274,0.0836629913,0.0095951519
1275,"-83.2215,43.0905",26087,"Michigan, Lapeer",0.276583210603829,10.6670604807561,0.0385672740491662,3395,1.0197316763326,1.01232957068893,0.0215022091310751,73,0.000829281592220657,1.01897439112017,1.01172747817543,0.74334845784503,1.00735871770201,0.3487,0.3875,0.2999,0.00207888399145726,1849.93,7.4,17,112.6,6515.9948706,0.163859935,10.3,0.111,46.902892236,4,0.335,0.0113941019,0.0051801699
1276,"-85.8015,44.9443",26089,"Michigan, Leelanau",0.262,6.01911413343135,0.0229737180665319,500,1.02383309529417,1.01232957068893,0.008,4,0.000183789744532255,1.04195362743721,1.01172747817543,0.74334845784503,1.00735871770201,0.0815,0.3983,0.0242,,2437.84,5.5,28.9,53.4,4657.3502954,0.1357926846,7.5,0.097,7.5816950214,3.3,0.277,0.005789377,0.0373552656
1277,"-84.066,41.8948",26091,"Michigan, Lenawee",0.234756995581738,8.11063847108868,0.0345490810656789,3395,1.01806982302166,1.01232957068893,0.0132547864506627,45,0.000457940691592209,1.04530409898895,1.01172747817543,0.74334845784503,1.00735871770201,0.3446,0.5154,0.4206,0.0011499399588871,1746.96,5.9,17.8,113.6,6870.102479,0.1711459065,10.8,0.13,50.863116375,3.7,0.399,0.0256243258,0.0061465817
1278,"-83.913,42.603",26093,"Michigan, Livingston",0.206017852001152,7.48337028824834,0.0363238923984437,6946,1.01489652795622,1.01232957068893,0.00820616181975238,57,0.000298079738944902,1.01320174780559,1.01172747817543,0.74334845784503,1.00735871770201,0.029,0.1665,0.0516,0.000711207798184328,2799.92,4,15.9,268.8,5201.5195941,0.1375293633,10.8,0.087,187.73124239,4.3,0.276,0.0059459064,0.0048634063
1279,"-85.5447,46.4723",26095,"Michigan, Luce",0.087431693989071,2.54655419385644,0.029126213592233,183,1.00477370374412,1.01232957068893,0,0,0,,1.01172747817543,0.74334845784503,1.00735871770201,0.6748,0.4037,0.5075,0.00397899092790068,1273.18,5.8,20.8,6.5,6121.3988076,0.1991970698,6.3,0.071,23.985647577,2,0.307,0.1150724176,0.0542734363
1280,"-85.0498,46.0703",26097,"Michigan, Mackinac",0.199430199430199,6.48929266709929,0.032539167516455,351,1.01150029829051,1.01232957068893,0.00284900284900285,1,9.27041809585612e-05,1,1.01172747817543,0.74334845784503,1.00735871770201,0.5554,0.5508,0.7953,0.00139056271437842,1580.27,10.6,26.6,9.8,9529.7030822,0.1878896244,7,0.158,85.952957446,2.3,0.349,0.0308704923,0.1663113006
1281,"-82.9275,42.6916",26099,"Michigan, Macomb",0.180922525750112,9.23682980112237,0.0510540617472927,44660,1.01132031370698,1.01232957068893,0.0317510076130766,1418,0.00162101790321677,1.00854593160958,1.01172747817543,0.74334845784503,1.00735871770201,0.3166,0.7386,0.313,0.00126320506562379,2042.32,5.7,16.2,1661.2,7697.504363,0.1855809616,11,0.11,798.90743048,5,0.321,0.1205760672,0.0032946217
1282,"-86.0563,44.3335",26101,"Michigan, Manistee",0.244939271255061,4.93313763861709,0.0201402478799739,494,1.01733665181217,1.01232957068893,0.0202429149797571,10,0.000407697325505545,1.03239118471,1.01172747817543,0.74334845784503,1.00735871770201,0.499,0.2795,0.5011,0.00183463796477495,1583.92,6.8,24.4,42.9,8339.5024425,0.1613663451,7.7,0.096,103.15943624,2.3,0.3,0.0342058056,0.0225456621
1283,"-87.6404,46.4339",26103,"Michigan, Marquette",0.138307552320291,6.85549341511817,0.0495670214685189,3297,1.00814496432299,1.01232957068893,0.0130421595389748,43,0.000646461001864213,1.03411761066847,1.01172747817543,0.74334845784503,1.00735871770201,0.4287,0.3276,0.5804,0.00434481929159901,1628,5.3,17.8,35.5,6543.2941438,0.173155782,6.6,0.098,105.315931,3,0.357,0.0150039088,0.0197095436
1284,"-86.2499,43.9951",26105,"Michigan, Mason",0.24904214559387,6.70103092783505,0.0269072164948454,783,1.02099761506359,1.01232957068893,0.0178799489144317,14,0.000481099656357388,1.02226578920968,1.01172747817543,0.74334845784503,1.00735871770201,0.392,0.2426,0.327,0.00168384879725086,1587.51,6.8,22.4,57.8,7345.9721335,0.1764429208,8.4,0.145,89.71755052,3.7,0.283,0.0078006873,0.0108934708
1285,"-85.3246,43.6406",26107,"Michigan, Mecosta",0.184122748498999,6.33827075439201,0.0344241589160638,1499,1.01431895345485,1.01232957068893,0.00733822548365577,11,0.000252612240211276,1,1.01172747817543,0.74334845784503,1.00735871770201,0.7156,0.1573,0.9258,0.001584567688598,1373.08,6.5,17.7,76.6,6056.0361013,0.1883352994,8.9,0.068,152.07825602,4,0.34,0.0273739809,0.0081754507
1286,"-87.5537,45.5804",26109,"Michigan, Menominee",0.130609511051574,8.48453204542488,0.0649610581734325,1493,1.0082045909935,1.01232957068893,0.014735432016075,22,0.000957229256406909,1.02116420457606,1.01172747817543,0.74334845784503,1.00735871770201,0.2768,0.1611,0.4193,,1274.75,4.7,22.9,19.6,5758.4664362,0.173902704,7.9,0.144,170.54604084,3.7,0.309,0.0062219902,0.0308053779
1287,"-84.388,43.6433",26111,"Michigan, Midland",0.162146731373109,6.82618466752395,0.0420988114266486,3503,1.01058920660259,1.01232957068893,0.00913502711961176,32,0.000384573784085856,1.00454582940699,1.01172747817543,0.74334845784503,1.00735871770201,0.1987,0.1987,0.3999,0.00370152267182636,2292.91,4.8,17.6,167.2,5663.6618748,0.1545459736,9.4,0.123,122.60532542,3.7,0.38,0.0131355983,0.0053359613
1288,"-85.0926,44.3377",26113,"Michigan, Missaukee",0.239247311827957,5.8889697611328,0.0246145702375438,372,1.02265896859198,1.01232957068893,0.0188172043010753,7,0.000463177396943029,1.08322761045516,1.01172747817543,0.74334845784503,1.00735871770201,0.6271,0.2209,0.2802,,1418.6,8.9,19.9,23.2,6190.4305281,0.1798887075,7.3,0.141,10.083557695,3,0.373,0.004962615,0.0089327069
1289,"-83.5375,41.9273",26115,"Michigan, Monroe",0.216854778028593,9.57863320016751,0.0441707270056302,6645,1.01527451586332,1.01232957068893,0.017456734386757,116,0.000771076649007239,1.027403320897,1.01172747817543,0.74334845784503,1.00735871770201,0.2389,0.2455,0.2187,0.00144244511064285,1939.11,4.7,16.9,234.9,8230.7124999,0.1660699645,11,0.107,95.112781208,5,0.375,0.0248805164,0.0037556751
1290,"-85.1525,43.3108",26117,"Michigan, Montcalm",0.233579479207151,9.39532266133067,0.0402232366183092,2573,1.01786804107315,1.01232957068893,0.0155460551884959,40,0.000625312656328164,1.03239118471,1.01172747817543,0.74334845784503,1.00735871770201,0.5971,0.2751,0.7233,0.00231365682841421,1437.47,8.1,16.6,76.9,7647.3358061,0.1966211771,10,0.127,23.49522637,4,0.359,0.0243715608,0.0061905953
1291,"-84.127,45.0276",26119,"Michigan, Montmorency",0.328,8.85051268213708,0.0269832703723691,250,1.01842967859905,1.01232957068893,0.02,5,0.000539665407447383,1.1398522810476,1.01172747817543,0.74334845784503,1.00735871770201,0.7554,0.0401,0.1671,,1237.09,8,30.7,15.3,10297.225025,0.1662248436,7.2,0.199,12.908977141,2.3,0.357,0.0045331894,0.0074473826
1292,"-86.1518,43.2912",26121,"Michigan, Muskegon",0.14304108626946,7.0396571191557,0.0492142313984838,8543,1.00931756554294,1.01232957068893,0.0254009130282102,217,0.0012500864115031,1.01538831285077,1.01172747817543,0.74334845784503,1.00735871770201,0.6293,0.418,0.788,0.00220061294559532,1610.8,5.3,16,310.2,8556.7609773,0.197675499,10.3,0.123,225.45829909,4.3,0.355,0.1383275342,0.009908519
1293,"-85.8007,43.5544",26123,"Michigan, Newaygo",0.209547738693467,8.52900269982819,0.0407019553301154,1990,1.01212510152463,1.01232957068893,0.0135678391959799,27,0.000552237584880962,1.03655432261531,1.01172747817543,0.74334845784503,1.00735871770201,0.6723,0.4132,0.4963,0.000511331097112002,1508.68,6.4,18.4,52.6,7126.2177328,0.1906539037,9.6,0.099,21.284929979,3.7,0.347,0.0104516076,0.0082835638
1294,"-83.386,42.6609",26125,"Michigan, Oakland",0.161403380002569,6.98538200017313,0.0432790317034373,54497,1.01067549902172,1.01232957068893,0.0270840596730095,1476,0.00117217187724597,1.00614928091811,1.01172747817543,0.74334845784503,1.00735871770201,0.0834,0.7593,0.184,0.00347442544915387,2879.54,4.9,15.9,1473,5874.2136834,0.1230826608,11.1,0.088,830.4403212,5,0.247,0.1377341663,0.0031631169
1295,"-86.2673,43.6412",26127,"Michigan, Oceana",0.1854893908282,10.1784037558685,0.0548732394366197,1461,1.01372868201485,1.01232957068893,0.0212183436002738,31,0.00116431924882629,1.03120724363343,1.01172747817543,0.74334845784503,1.00735871770201,0.7436,0.7348,0.7281,0.000901408450704225,1473.19,9.9,20,44,7446.0158982,0.1841723424,9,0.141,9.4780790906,3,0.307,0.0102535211,0.0160751174
1296,"-84.1273,44.3348",26129,"Michigan, Ogemaw",0.328021248339973,11.7888507063765,0.0359392898052692,753,1.01967406274525,1.01232957068893,0.0305444887118194,23,0.00109774723176785,1.04412893385506,1.01172747817543,0.74334845784503,1.00735871770201,0.7729,0.1111,0.5632,0.00420007636502482,1368.28,7.9,24.9,37.3,9993.9735512,0.1905592199,7.9,0.166,16.46212202,3.3,0.387,0.0031977854,0.0097365407
1297,"-89.3139,46.6652",26131,"Michigan, Ontonagon",0.0771812080536913,3.96893874029336,0.0514236410698878,298,1.0029098947251,1.01232957068893,0.0503355704697987,15,0.00258843830888697,1,1.01172747817543,0.74334845784503,1.00735871770201,0.5462,0.1455,0.1952,0.00431406384814495,1283.26,8.8,34.3,4.6,9236.7552098,0.1663726442,6,0.095,11.138436449,2.3,0.303,0.0032786885,0.0150129422
1298,"-85.3257,43.9899",26133,"Michigan, Osceola",0.264285714285714,7.92596718221156,0.0299901460948545,700,1.01678703297815,1.01232957068893,0.02,14,0.000599802921897091,1.03505205734318,1.01172747817543,0.74334845784503,1.00735871770201,0.7411,0.155,0.7724,0.00107107664624481,1228.52,10.1,20.2,39.9,7846.8908276,0.1922127378,8.2,0.111,22.837460445,3.7,0.403,0.0078831241,0.0069834197
1299,"-84.1294,44.6819",26135,"Michigan, Oscoda",0.402298850574713,12.6872885451909,0.0315369743837603,261,1.01696850489722,1.01232957068893,0.0421455938697318,11,0.0013291445142581,1.01370885629547,1.01172747817543,0.74334845784503,1.00735871770201,0.8239,0.1611,0.4976,,1176.62,13.2,26.8,13.5,11248.19135,0.1733866018,7.4,0.193,26.129312363,3,0.387,0.0045915901,0.0099081682
1300,"-84.599,45.0209",26137,"Michigan, Otsego",0.166294642857143,6.04094871275086,0.0363267788364079,896,1.01116475985585,1.01232957068893,0.0212053571428571,19,0.000770322319075613,1,1.01172747817543,0.74334845784503,1.00735871770201,0.4083,0.0837,0.4508,0.00186499087776201,1695.73,6.8,20.2,51.1,8584.8521483,0.1757540031,7.2,0.12,101.83893514,3.3,0.274,0.00506791,0.0092033245
1301,"-85.9969,42.96",26139,"Michigan, Ottawa",0.177893651852301,10.100036489566,0.0567756993259758,16493,1.01071785888994,1.01232957068893,0.0129752016006791,214,0.000736676144774074,1.02666245829649,1.01172747817543,0.74334845784503,1.00735871770201,0.1182,0.6469,0.4877,0.00107059009824644,2182.9,4.2,14.1,479.5,4599.8492011,0.1363563215,11.4,0.08,159.40499593,4.3,0.272,0.0155975683,0.0058796395
1302,"-83.915,45.3402",26141,"Michigan, Presque Isle",0.36231884057971,11.7757889778615,0.0325011775788978,414,1.02983395204524,1.01232957068893,0.00966183574879227,4,0.00031402103940964,1,1.01172747817543,0.74334845784503,1.00735871770201,0.5955,0.2579,0.072,,1436.97,7.9,29.9,17.5,9050.1978248,0.1600851033,7.2,0.152,19.0343076,2.3,0.333,0.006044905,0.009656147
1303,"-84.6107,44.3347",26143,"Michigan, Roscommon",0.245982694684796,8.33193769887791,0.0338720482331268,809,1.01360149841411,1.01232957068893,0.030902348578492,25,0.00104672584156758,1.03998393266325,1.01172747817543,0.74334845784503,1.00735871770201,0.7239,0.1414,0.2101,,1341.45,7.6,31.2,41.5,10353.470531,0.1727128562,7.7,0.139,5.6093311639,3.7,0.342,0.0054429744,0.0096717468
1304,"-84.0513,43.3343",26145,"Michigan, Saginaw",0.221777198211624,12.479035639413,0.0562683438155136,10736,1.01595426842404,1.01232957068893,0.028967958271237,311,0.00162997903563941,1.01932592339114,1.01172747817543,0.74334845784503,1.00735871770201,0.6178,0.6065,0.6399,0.00471174004192872,1553.25,5.3,18.2,252.4,8880.3626022,0.1820973383,10,0.106,343.02209482,4.3,0.373,0.1850262055,0.0058438155
1305,"-82.6794,42.9266",26147,"Michigan, St. Clair",0.269706078824315,10.135750014121,0.0375807251297564,5988,1.01869058543794,1.01232957068893,0.0195390781563126,117,0.000734292725481213,1.01420492178461,1.01172747817543,0.74334845784503,1.00735871770201,0.4108,0.2483,0.2289,0.00249785046787626,1889.98,5.6,17.7,196.4,8208.2680292,0.1814869618,11,0.099,127.91645244,4.3,0.335,0.0240873118,0.0055479895
1306,"-85.528,41.9144",26149,"Michigan, St. Joseph",0.185603615235636,9.41958946971807,0.050751109873368,3098,1.01331680674168,1.01232957068893,0.0138799225306649,43,0.000704421473387612,1.02170100079106,1.01172747817543,0.74334845784503,1.00735871770201,0.5478,0.5858,0.5756,0.002358992841112,1573.08,8.1,16.9,112.9,8115.1584055,0.1846893804,12.6,0.142,71.686701689,4,0.335,0.0241796766,0.0057500451
1307,"-82.8206,43.4241",26151,"Michigan, Sanilac",0.366368805848903,10.9513865280948,0.029891700257394,1231,1.02409790164705,1.01232957068893,0.0349309504467912,43,0.00104414550046137,1.08687500659279,1.01172747817543,0.74334845784503,1.00735871770201,0.6331,0.2814,0.3002,0.0015783594774416,1531.77,10.1,20.5,40.1,7805.4017186,0.1789733922,9.8,0.128,80.899657643,3.7,0.326,0.005463552,0.0059734836
1308,"-86.1997,46.1924",26153,"Michigan, Schoolcraft",0.151960784313725,3.84234010907288,0.0252850768468022,204,1.01173663018751,1.01232957068893,0.0147058823529412,3,0.00037183936539415,1.05963402266705,1.01172747817543,0.74334845784503,1.00735871770201,0.7573,0.2076,0.2833,0.0014873574615766,1372.31,6.7,25.7,6.7,5626.6571369,0.1877069698,6.6,0.168,44.200436656,2.3,0.289,0.0044620724,0.0930837878
1309,"-84.1459,42.9539",26155,"Michigan, Shiawassee",0.240954274353877,8.88667292351009,0.036881159080244,2515,1.01373189068333,1.01232957068893,0.0202783300198807,51,0.000747888315344909,1.00573140984274,1.01172747817543,0.74334845784503,1.00735871770201,0.2822,0.0926,0.1401,0.00156909901454716,1692.04,5.7,17.4,107.7,7268.7415383,0.178803876,10.3,0.121,21.626071092,4,0.381,0.0063497184,0.005689817
1310,"-83.419,43.4661",26157,"Michigan, Tuscola",0.224066390041494,9.25432249219286,0.0413016985299718,2169,1.01599266792658,1.01232957068893,0.033195020746888,72,0.00137101073958413,1.0239673156882,1.01172747817543,0.74334845784503,1.00735871770201,0.5688,0.1971,0.382,0.000952090791377866,1407.52,5.9,19.3,55.9,7596.540196,0.1819131657,9.7,0.076,15.194021508,3.7,0.306,0.0121677203,0.0063409247
1311,"-86.0194,42.2519",26159,"Michigan, Van Buren",0.220111731843575,10.4442795037642,0.0474498992683703,3580,1.01665944817396,1.01232957068893,0.0181564245810056,65,0.000861520517442477,1.02958569090176,1.01172747817543,0.74334845784503,1.00735871770201,0.5621,0.6762,0.6842,0.00111334959177182,1741.06,8.4,17,108.9,7780.8985038,0.1845721968,11.8,0.152,51.48420088,3.7,0.336,0.0369128406,0.0119154915
1312,"-83.8385,42.2531",26161,"Michigan, Washtenaw",0.16793893129771,5.39676463690449,0.0321352803379313,11921,1.01296636791199,1.01232957068893,0.0130022649106619,155,0.000417831427932166,1.01157801036198,1.01172747817543,0.74334845784503,1.00735871770201,0.1694,0.7402,0.7873,0.00481180063779946,2612.17,3.9,12.9,564.4,5154.7043743,0.1213139277,11,0.069,587.03801419,3.7,0.245,0.1200389257,0.0039249197
1313,"-83.2813,42.281",26163,"Michigan, Wayne",0.160848571202406,6.9513932719955,0.0432170035458263,75798,1.01095703598504,1.01232957068893,0.0450143803266577,3412,0.00194538663419034,1.0043018509473,1.01172747817543,0.74334845784503,1.00735871770201,0.7936,0.9019,0.6587,0.00303952407587008,1667.02,7.2,14.7,2993.9,10587.283795,0.2105552973,11.4,0.117,1337.3870795,4.3,0.347,0.3830239359,0.004797328
1314,"-85.5771,44.3385",26165,"Michigan, Wexford",0.27497062279671,6.99217115878802,0.025428793402259,851,1.01860075701221,1.01232957068893,0.0188014101057579,16,0.000478097173250463,,1.01172747817543,0.74334845784503,1.00735871770201,0.6191,0.1197,0.3945,0.00146417259307954,1421.77,8.2,18.1,62.2,7584.2751125,0.1945162405,7.7,0.133,104.26537251,4,0.363,0.0058865714,0.0070220522
1315,"-93.4117,46.6096",27001,"Minnesota, Aitkin",0.17170626349892,9.99874229656647,0.0582316689724563,926,1.0131626763204,1.01101393940205,0.0334773218142549,31,0.00194944032197208,1.0046952487017,1.01551293122616,0.851248730436153,1.00873173727564,0.3882,0.135,0.4266,0.00157212929191297,1522.47,4.3,32,7.6,10287.669345,0.1517175861,6.1,0.145,58.242783047,3,0.295,0.0040875362,0.0264746573
1316,"-93.246,45.2748",27003,"Minnesota, Anoka",0.166547507055503,12.5094329490437,0.0751102983779567,26575,1.01099336826336,1.01101393940205,0.00985888993414864,262,0.000740504164629338,1.0096298274259,1.01551293122616,0.851248730436153,1.00873173727564,0.0322,0.6663,0.2136,0.00154318806827335,2537.85,4.1,13,659.7,5128.849931,0.1452069185,7.9,0.089,156.55749357,5,0.304,0.0667556025,0.0087221216
1317,"-95.6716,46.9348",27005,"Minnesota, Becker",0.175762439807384,12.7433010386663,0.0725029821651974,2492,1.01051836761888,1.01101393940205,0.0116372391653291,29,0.000843734543655989,1.03366890439586,1.01551293122616,0.851248730436153,1.00873173727564,0.1908,0.3158,0.439,0.00253120363096797,1896.46,7.2,19.8,23.5,6588.8149907,0.1662331734,6.8,0.091,34.938195785,3.3,0.3,0.006226179,0.0810567048
1318,"-94.9373,47.9737",27007,"Minnesota, Beltrami",0.165962351133308,9.22150831429974,0.0555638568104681,2603,1.0123310882553,1.01101393940205,0.0103726469458317,27,0.000576344269643734,1.05148105420066,1.01551293122616,0.851248730436153,1.00873173727564,0.6306,0.4015,0.9522,0.00300979785258394,1637.86,8.9,15.2,16,8713.651916,0.1942066409,6.6,0.098,96.318335489,3.3,0.338,0.0074284373,0.2196725511
1319,"-93.9951,45.698",27009,"Minnesota, Benton",0.159460976979225,14.0091256628438,0.0878530028363547,3562,1.00794704581708,1.01101393940205,0.0182481751824818,65,0.00160315698606487,1.01893940367353,1.01551293122616,0.851248730436153,1.00873173727564,0.2344,0.3247,0.8755,,1681.11,3.3,13.5,90.4,5952.3489976,0.168366963,6.8,0.11,107.50286844,3.3,0.304,0.0451103712,0.0065359477
1320,"-96.414,45.4271",27011,"Minnesota, Big Stone",0.212871287128713,17.2379234315494,0.0809781519342554,404,1.01864265698103,1.01101393940205,0.00495049504950495,2,0.000400881940268591,1,1.01551293122616,0.851248730436153,1.00873173727564,0.1713,0.1589,0.4804,0.00801763880537182,1721.98,5.3,25.5,9.5,4035.8809528,0.1460011495,5.9,0.091,52.208962087,2.3,0.345,0.0044097013,0.006614552
1321,"-94.067,44.0355",27013,"Minnesota, Blue Earth",0.118185689948893,8.23112403043291,0.0696456908953387,4696,1.00765164667317,1.01101393940205,0.00468483816013629,22,0.000326278790395539,1.03751946033925,1.01551293122616,0.851248730436153,1.00873173727564,0.3035,0.4247,0.7549,0.00403399231761757,1931.26,3.7,13.1,98.5,5371.0888958,0.1597410631,8,0.076,93.183351476,4,0.334,0.040562386,0.0039450072
1322,"-94.7256,44.2421",27015,"Minnesota, Brown",0.222772277227723,16.1283899486281,0.0723985504360639,1818,1.01316041512591,1.01101393940205,0.0126512651265127,23,0.000915933256341842,1.05321105161798,1.01551293122616,0.851248730436153,1.00873173727564,0.0608,0.2674,0.3228,0.00406196487595078,1812.11,4,20.4,45.7,5543.0181031,0.1262882474,7.5,0.104,173.16632246,3.7,0.327,0.0050177213,0.0029070925
1323,"-92.676,46.5918",27017,"Minnesota, Carlton",0.208351086493396,13.6451153835421,0.0654909730167146,2347,1.01287247071959,1.01101393940205,0.0123561994034938,29,0.000809219521723359,1.04719010295481,1.01551293122616,0.851248730436153,1.00873173727564,0.2073,0.2152,0.6641,0.00170215140776293,1716.16,4.2,16.7,38.7,6375.4383833,0.1958695725,6.6,0.098,66.087889375,3,0.304,0.016547144,0.0596032034
1324,"-93.801,44.8202",27019,"Minnesota, Carver",0.192988427501702,10.9511255323464,0.0567449855626696,5876,1.01227525278423,1.01101393940205,0.00374404356705242,22,0.000212455698158395,1.0465440871019,1.01551293122616,0.851248730436153,1.00873173727564,3e-04,0.3499,0.0809,0.00105262141360296,3447.58,3.1,10.9,247.2,3593.1929777,0.1180574992,7.5,0.071,96.771177154,3.3,0.239,0.0197100945,0.0031868355
1325,"-94.326,46.9504",27021,"Minnesota, Cass",0.185374149659864,11.077611030184,0.0597581218875978,1764,1.01304562604444,1.01101393940205,0.00736961451247166,13,0.000440394322300891,1,1.01551293122616,0.851248730436153,1.00873173727564,0.3471,0.2773,0.3158,0.000169382431654189,1748.28,7.3,24.8,12.4,10442.998663,0.1647927041,6.6,0.119,30.082165031,3,0.308,0.0044378197,0.1252074935
1326,"-95.564,45.0234",27023,"Minnesota, Chippewa",0.205908683974933,19.2888292519289,0.0936766185843677,1117,1.01053377007583,1.01101393940205,0.0161145926589078,18,0.00150956055015096,1.03655432261531,1.01551293122616,0.851248730436153,1.00873173727564,0.1449,0.6106,0.4575,0.00251593425025159,1625.68,8,20.5,20.7,5339.7146065,0.154172239,6.5,0.106,61.719512469,3,0.339,0.0075478028,0.0138376384
1327,"-92.9086,45.5021",27025,"Minnesota, Chisago",0.171056131949987,11.4981581488502,0.0672186259432781,3759,1.01178572490819,1.01101393940205,0.00638467677573823,24,0.000429169199957083,1.04195362743721,1.01551293122616,0.851248730436153,1.00873173727564,0.0449,0.1086,0.2862,0.00109080504989092,2381,3.9,14.4,105.7,4892.5113787,0.1462280109,7.4,0.09,95.230478685,3.3,0.29,0.0130181324,0.0073316405
1328,"-96.4876,46.8929",27027,"Minnesota, Clay",0.134271321869029,12.0866234070831,0.0900164177937612,5757,1.00778019388672,1.01101393940205,0.0119854090672225,69,0.00107888359002424,1.01080415086078,1.01551293122616,0.851248730436153,1.00873173727564,0.107,0.4062,0.7157,,1996.03,4.2,12.9,53.8,5389.0055454,0.1547502796,7,0.07,205.44200604,3.7,0.281,0.0378547416,0.018356657
1329,"-95.3779,47.5799",27029,"Minnesota, Clearwater",0.140983606557377,9.7616345062429,0.0692395005675369,610,1.00648835459391,1.01101393940205,0.0163934426229508,10,0.00113507377979569,1,1.01551293122616,0.851248730436153,1.00873173727564,0.6949,0.411,0.8332,0.00283768444948922,1554.61,9.1,20.1,8.1,8071.6453087,0.1898725355,6.1,0.08,55.182477937,3,0.307,0.0069239501,0.0933030647
1330,"-90.5263,47.905",27031,"Minnesota, Cook",0.257731958762887,4.6356387910254,0.0179862785091786,97,1.01734349348788,1.01101393940205,0,0,0,,1.01551293122616,0.851248730436153,1.00873173727564,0.0949,0.2442,0.6969,0.00296680882625626,1724.84,5.3,26.6,3.6,5560.8115233,0.1545754506,5.6,0.089,2.1764420681,3,0.219,0.0081587243,0.0852957538
1331,"-95.1814,44.0072",27033,"Minnesota, Cottonwood",0.232269503546099,23.2331293783808,0.100026602819899,1128,1.01462366593437,1.01101393940205,0.00443262411347518,5,0.000443380331648488,1,1.01551293122616,0.851248730436153,1.00873173727564,0.3051,0.6253,0.4413,0.00230557772457214,1641.21,5.2,22.5,18.3,5006.8366408,0.1443639753,7.4,0.151,61.981373114,2.3,0.352,0.0101977476,0.0083355502
1332,"-94.0676,46.481",27035,"Minnesota, Crow Wing",0.152486448267735,9.97087333754565,0.065388586663379,4243,1.00835276071969,1.01101393940205,0.0110770681121848,47,0.000724313828229746,1.02330573836411,1.01551293122616,0.851248730436153,1.00873173727564,0.0898,0.0675,0.2528,0.00326711769329162,1842.62,5,21.5,60.4,6001.8396254,0.1740466516,6.2,0.096,84.325212334,3.3,0.295,0.0079212193,0.0098938187
1333,"-93.063,44.6717",27037,"Minnesota, Dakota",0.18859649122807,12.0280285739135,0.0637765236012157,27132,1.01265325047796,1.01101393940205,0.00862450243255197,234,0.000550040782938393,1.0135233312237,1.01551293122616,0.851248730436153,1.00873173727564,0.0197,0.7068,0.1496,0.000608805823850615,2797.2,3.8,13.1,665.6,4288.1279281,0.1378149964,8.3,0.076,275.21682858,5,0.285,0.0676056537,0.0062196919
1334,"-92.8624,44.0224",27039,"Minnesota, Dodge",0.180171591992374,9.07693785419268,0.05037940639708,1049,1.00976739792629,1.01101393940205,0.00285986653956149,3,0.000144078378637979,1.16993081275869,1.01551293122616,0.851248730436153,1.00873173727564,0.0178,0.3244,0.0653,,2240.65,4.3,14,38.4,5116.1467609,0.1387893484,7.8,0.106,33.729590085,3.3,0.369,0.0057631351,0.0043223514
1335,"-95.4534,45.9335",27041,"Minnesota, Douglas",0.180415617128463,15.0932462332736,0.0836582025076388,3176,1.0098205221677,1.01101393940205,0.0157430730478589,50,0.00131703719313033,1.01842967859905,1.01551293122616,0.851248730436153,1.00873173727564,0.0258,0.0764,0.2098,0.00334527447055105,1998.88,3.1,22,56.9,5697.8416727,0.1339330317,6.3,0.089,67.92032597,3.7,0.328,0.0056105784,0.0038720893
1336,"-93.9479,43.6738",27043,"Minnesota, Faribault",0.271428571428571,15.1911615060329,0.0559674371274895,770,1.02050778767467,1.01101393940205,0.00649350649350649,5,0.000363424916412269,1.03239118471,1.01551293122616,0.851248730436153,1.00873173727564,0.1812,0.2849,0.1894,0.00312545428114552,1686.01,5.2,22.6,18.8,7799.2114345,0.1449127375,8,0.085,41.496727372,3,0.327,0.0053060038,0.0079953482
1337,"-92.0898,43.6739",27045,"Minnesota, Fillmore",0.239390642002176,10.447335929338,0.0436413714502802,919,1.01712668946765,1.01101393940205,0,0,0,,1.01551293122616,0.851248730436153,1.00873173727564,0.1589,0.306,0.4161,,1869.78,8.8,20.3,21.1,5634.5900944,0.1535490022,8.4,0.086,68.902421816,2.7,0.286,0.0047962769,0.0018995156
1338,"-93.3488,43.6739",27047,"Minnesota, Freeborn",0.143096702068195,8.40888188148732,0.0587636315858626,1789,1.00799544324526,1.01101393940205,0.00782560089435439,14,0.000459860727893838,1.06515354727199,1.01551293122616,0.851248730436153,1.00873173727564,0.3025,0.6431,0.3343,0.00522270398108002,1645.02,6,21.8,40.9,6753.5988652,0.1516287098,8.1,0.105,93.680370982,3.7,0.357,0.0122520037,0.0055511759
1339,"-92.7234,44.4085",27049,"Minnesota, Goodhue",0.225019069412662,12.7146951705709,0.0565049673512488,2622,1.01405175166379,1.01101393940205,0.013348588863463,35,0.000754261577915221,1.0041496628021,1.01551293122616,0.851248730436153,1.00873173727564,0.0758,0.3827,0.432,0.00178867745619895,2137.53,5.5,18.6,60.5,5377.325514,0.1476979072,8.2,0.078,122.90565992,3.7,0.324,0.0126931448,0.0153653859
1340,"-96.0114,45.9342",27051,"Minnesota, Grant",0.186588921282799,10.6294635442618,0.0569672811825278,343,1.01223970067319,1.01101393940205,0.0204081632653061,7,0.00116259757515363,1.02226578920968,1.01551293122616,0.851248730436153,1.00873173727564,0.1191,0.0965,0.121,0.0016608536787909,1828.82,5.4,23.1,10,8481.5234971,0.1507952898,6.2,0.114,38.746329899,2.3,0.331,0.006311244,0.0054808171
1341,"-93.4769,45.0076",27053,"Minnesota, Hennepin",0.16389920893674,10.2983259066814,0.0628332862219992,79134,1.01058331985888,1.01101393940205,0.0157075340561579,1243,0.00098695598319237,1.00905380558462,1.01551293122616,0.851248730436153,1.00873173727564,0.1,0.8418,0.822,0.00370644451290586,2824.67,5.2,13.3,2484.9,5091.1461175,0.1188958778,8.5,0.066,896.95204492,3.3,0.226,0.1331517165,0.0111256856
1342,"-91.4914,43.6713",27055,"Minnesota, Houston",0.297786720321932,15.9328237700506,0.0535041446872645,994,1.02192343614608,1.01101393940205,0.00503018108651911,5,0.00026913553665626,1.03239118471,1.01551293122616,0.851248730436153,1.00873173727564,0.0274,0.1105,0.0872,,1919.61,4,20.2,27,4474.8384293,0.1399796213,8.7,0.072,54.866023563,2,0.289,0.0062439445,0.0025837012
1343,"-94.9169,47.1078",27057,"Minnesota, Hubbard",0.109302325581395,6.60978811175698,0.0604725295330958,1290,1.00589517197957,1.01101393940205,0.0255813953488372,33,0.00154697168573036,1.00897148424402,1.01551293122616,0.851248730436153,1.00873173727564,0.1516,0.2477,0.3266,0.00234389649353085,1801.71,5.7,24.5,19.5,6500.2379352,0.1437228944,6.4,0.099,61.268344711,3,0.34,0.0042658916,0.0278923683
1344,"-93.2949,45.5618",27059,"Minnesota, Isanti",0.201173512154233,12.0102086773758,0.0597007456337887,2386,1.01593758446289,1.01101393940205,0.0100586756077117,24,0.000600510433868789,1.01925902092718,1.01551293122616,0.851248730436153,1.00873173727564,0.136,0.0977,0.1977,0.00215182905469649,2119.06,4.2,15,73.1,6609.0131695,0.1476542951,7.2,0.11,59.047523126,3.7,0.34,0.0079067207,0.0061552319
1345,"-93.6309,47.5101",27061,"Minnesota, Itasca",0.2122465866777,11.3727055067837,0.0535825130797198,2417,1.01280734904694,1.01101393940205,0.0119983450558544,29,0.000642901480890308,1.02142923558558,1.01551293122616,0.851248730436153,1.00873173727564,0.2818,0.192,0.6921,0.00234991575773699,1672.58,5.5,22,15.4,6294.397276,0.1592749731,7.1,0.121,76.788633915,3.7,0.332,0.0046111554,0.0386184269
1346,"-95.154,43.6742",27063,"Minnesota, Jackson",0.290697674418605,20.1795984259913,0.0694178185854102,688,1.0241905847011,1.01101393940205,0.00436046511627907,3,0.00030269397638987,1.16993081275869,1.01551293122616,0.851248730436153,1.00873173727564,0.0455,0.34,0.0382,0.00201795984259913,1832.81,3.1,20.8,14.7,4832.5381508,0.142401683,7.8,0.105,44.319684697,3,0.288,0.0096862072,0.0044395117
1347,"-93.2928,45.9459",27065,"Minnesota, Kanabec",0.267455621301775,13.9445918430308,0.0521379650768187,845,1.01874311402704,1.01101393940205,0.021301775147929,18,0.00111063120873697,1.01696850489722,1.01551293122616,0.851248730436153,1.00873173727564,0.2959,0.0675,0.4534,0.0030233849571173,1585.8,4.7,19.7,25.5,7618.4957442,0.1771806501,6.4,0.09,34.077005457,3,0.332,0.0054297526,0.0084531375
1348,"-95.0059,45.1526",27067,"Minnesota, Kandiyohi",0.18640350877193,21.8177575545444,0.117045852292615,5016,1.0096155096449,1.01101393940205,0.00937001594896332,47,0.0010967215027418,1.05181790554962,1.01551293122616,0.851248730436153,1.00873173727564,0.2143,0.7421,0.5119,0.00317349200793373,1891.86,5.5,17.9,52.3,5688.2722613,0.1547580479,6.6,0.092,121.32455733,3.7,0.279,0.0578928946,0.0054369385
1349,"-96.7832,48.7775",27069,"Minnesota, Kittson",0.308641975308642,23.5404896421846,0.076271186440678,324,1.02106945054064,1.01101393940205,0.0401234567901235,13,0.00306026365348399,1.05393640495762,1.01551293122616,0.851248730436153,1.00873173727564,0.0955,0.022,0.4607,0.00353107344632768,1757.88,6.3,23.4,4,7715.2446415,0.1497997256,6.4,0.12,34.958184934,2.3,0.3,0.0037664783,0.0042372881
1350,"-93.7835,48.2454",27071,"Minnesota, Koochiching",0.203252032520325,8.03858520900321,0.0395498392282958,492,1.01347360239092,1.01101393940205,0.0142276422764228,7,0.000562700964630225,1.02226578920968,1.01551293122616,0.851248730436153,1.00873173727564,0.4481,0.2416,0.5135,0.00393890675241158,1551.01,4,23.3,4.1,7399.8948474,0.163817053,6.1,0.106,71.454113792,2,0.288,0.006511254,0.0266881029
1351,"-96.1749,44.9974",27073,"Minnesota, Lac qui Parle",0.273603082851638,21.327726043857,0.0779513367377591,519,1.02287691191048,1.01101393940205,0.0134874759152216,7,0.00105136677680985,1.08322761045516,1.01551293122616,0.851248730436153,1.00873173727564,0.057,0.2461,0.2292,0.00480624812255933,1812.93,2.2,26.2,8.5,4801.8347865,0.1339321917,6.2,0.115,25.251432976,3,0.351,0.0069089817,0.0028537098
1352,"-91.4456,47.6427",27075,"Minnesota, Lake",0.149193548387097,6.94314130230813,0.0465378119722274,496,1.00772154887155,1.01101393940205,0.0221774193548387,11,0.00103208857196472,1.0465440871019,1.01551293122616,0.851248730436153,1.00873173727564,0.0697,0.2881,0.3095,0.00234565584537437,1856.07,4.1,25.1,4.6,7514.0295848,0.1380463629,6.4,0.1,0.4085329028,2.3,0.275,0.0074122725,0.0067554888
1353,"-94.9027,48.7722",27077,"Minnesota, Lake of the Woods",0.264705882352941,9.57956359765833,0.0361894624800426,136,1.02424975055988,1.01101393940205,0.00735294117647059,1,0.000266098988823842,1,1.01551293122616,0.851248730436153,1.00873173727564,0.1987,0.1219,0.4706,0.00399148483235764,1368.1,3.5,22.6,2.2,6253.7654938,0.1470340411,5.9,0.148,38.8582923,2.3,0.292,0.0053219798,0.0090473656
1354,"-93.7284,44.3714",27079,"Minnesota, Le Sueur",0.175084175084175,10.949673615498,0.0625394819962097,1782,1.00983548017002,1.01101393940205,0.00729517396184063,13,0.00045623640064575,1.01150029829051,1.01551293122616,0.851248730436153,1.00873173727564,0.0863,0.4712,0.1757,0.000526426616129712,2168.42,4.5,16.8,48,4553.5408378,0.1367789554,7.7,0.092,25.184132679,3.7,0.348,0.0068786411,0.0052642662
1355,"-96.2669,44.4131",27081,"Minnesota, Lincoln",0.159250585480094,11.9866032081791,0.0752688172043011,427,1.00829816206706,1.01101393940205,0.00234192037470726,1,0.000176273576590869,1,1.01551293122616,0.851248730436153,1.00873173727564,0.158,0.0146,0.1009,0.00775603736999824,1660.37,4.9,24.6,9.6,4610.682307,0.1381872844,6.7,0.116,23.150065619,3,0.282,0.0019390093,0.0040542923
1356,"-95.8381,44.4133",27083,"Minnesota, Lyon",0.161747796090456,16.4657224238168,0.101798743610753,2609,1.01002736074843,1.01101393940205,0.00881563817554619,23,0.000897420890397596,1.04412893385506,1.01551293122616,0.851248730436153,1.00873173727564,0.208,0.6498,0.7978,0.00288735416910531,1892.92,4.9,15,39.1,4341.6920446,0.1450652359,6.8,0.097,126.68819035,3.3,0.313,0.0326583168,0.0078036599
1357,"-94.2729,44.8237",27085,"Minnesota, McLeod",0.245390070921986,19.2902740222451,0.0786106542525019,2820,1.01550865592677,1.01101393940205,0.0106382978723404,30,0.00083628355587768,1.03868718652324,1.01551293122616,0.851248730436153,1.00873173727564,0.0621,0.4238,0.1503,0.00320575363086444,1959.98,5.1,17.9,71.7,4406.2017987,0.1374417035,6.9,0.101,83.042627634,3.3,0.349,0.0061606222,0.0054358431
1358,"-95.8092,47.3256",27087,"Minnesota, Mahnomen",0.173184357541899,11.2339191882587,0.0648668236999456,358,1.00996243987361,1.01101393940205,0.0167597765363128,6,0.00108715346983149,1,1.01551293122616,0.851248730436153,1.00873173727564,0.8111,0.4928,0.7679,0.00326146040949447,1465.81,14.9,17.3,10.6,18046.917193,0.2517680367,6.2,0.112,18.291451159,2,0.387,0.0045298061,0.4344990034
1359,"-96.3702,48.3583",27089,"Minnesota, Marshall",0.20096463022508,13.3120340788072,0.0662406815761448,622,1.01305862504136,1.01101393940205,0.0176848874598071,11,0.00117145899893504,1.01370885629547,1.01551293122616,0.851248730436153,1.00873173727564,0.1615,0.3216,0.2009,0.0012779552715655,1767.3,4.7,20.6,4.4,6906.6531598,0.1391320979,6.5,0.121,31.711980464,2.3,0.381,0.0040468584,0.0095846645
1360,"-94.551,43.6743",27091,"Minnesota, Martin",0.20323488045007,14.6070255243872,0.0718726307808946,1422,1.01090891517444,1.01101393940205,0.0161744022503516,23,0.00116249684104119,1,1.01551293122616,0.851248730436153,1.00873173727564,0.1831,0.2057,0.2315,0.00288097043214556,1880.37,6.1,22.4,27.5,5828.8808999,0.1374482086,7.9,0.12,71.278451202,3.7,0.324,0.0063179176,0.0054081375
1361,"-94.5284,45.1233",27093,"Minnesota, Meeker",0.260769672601953,19.6188583034441,0.0752344323927229,1741,1.01386699602439,1.01101393940205,0.0126364158529581,22,0.000950693574175705,1.07805248270485,1.01551293122616,0.851248730436153,1.00873173727564,0.0557,0.3642,0.4355,0.00151246704982499,1951.79,5.2,18.9,33.1,5103.1839181,0.1413811334,6.5,0.112,75.512034198,2.3,0.329,0.0056609481,0.0033706409
1362,"-93.6324,45.9371",27095,"Minnesota, Mille Lacs",0.179487179487179,12.8543555606565,0.0716171238379433,1872,1.01158394866481,1.01101393940205,0.0202991452991453,38,0.00145376640269329,1.0118175820723,1.01551293122616,0.851248730436153,1.00873173727564,0.4274,0.2404,0.8042,0.00107119629672137,1697.3,6.1,17.8,38,8964.7791773,0.1801955911,6.7,0.124,104.22432066,3.3,0.307,0.0060446077,0.0636596656
1363,"-94.2734,46.0127",27097,"Minnesota, Morrison",0.149779735682819,12.3006421658778,0.0821248756368899,2724,1.00784484817526,1.01101393940205,0.013215859030837,36,0.00108535077934216,1.01250777270301,1.01551293122616,0.851248730436153,1.00873173727564,0.2643,0.1948,0.4935,0.00147728300521571,1779,5.2,18.5,27.6,5787.3590406,0.1535348185,6.4,0.105,92.119158801,3.7,0.324,0.0069341855,0.0036479846
1364,"-92.7523,43.6714",27099,"Minnesota, Mower",0.152300712896954,11.7467696383495,0.0771287895828647,3086,1.00961800045669,1.01101393940205,0.00745301360985094,23,0.00057484191847242,1,1.01551293122616,0.851248730436153,1.00873173727564,0.3656,0.801,0.7116,0.00204943640498863,1820.75,6.3,18.3,54.8,5612.0613452,0.1514974134,8.1,0.112,122.36224298,3.7,0.316,0.0349153983,0.0070730549
1365,"-95.7633,44.0222",27101,"Minnesota, Murray",0.160228898426323,13.533107781537,0.0844610923151281,699,1.01290343835016,1.01101393940205,0.00715307582260372,5,0.000604156597390043,1,1.01551293122616,0.851248730436153,1.00873173727564,0.0959,0.4667,0.1168,0.00302078298695022,1834.29,4.9,25,11.1,5015.8983646,0.1380123919,7.3,0.098,24.206686845,3,0.324,0.0038666022,0.0039874335
1366,"-94.2471,44.3529",27103,"Minnesota, Nicollet",0.144286466561348,8.00701344243133,0.0554938632378726,1899,1.00743831176236,1.01101393940205,0.0157977883096366,30,0.000876680303915839,1.01516534655549,1.01551293122616,0.851248730436153,1.00873173727564,0.0904,0.5138,0.6527,0.000496785505552309,1907.03,3.3,15.1,71.8,3561.5960101,0.1385625096,7.8,0.084,159.11827285,3,0.278,0.036528346,0.0052308591
1367,"-95.7533,43.6743",27105,"Minnesota, Nobles",0.0874963050546852,13.501185914979,0.154305783616128,3383,1.00645548003299,1.01101393940205,0.0121194206325746,41,0.0018700966976829,1.0228608224892,1.01551293122616,0.851248730436153,1.00873173727564,0.6232,0.9325,0.7533,0.00218938149972633,1736.69,7.1,15.6,31.5,4882.378136,0.1443651373,7.9,0.109,55.586621737,3.7,0.334,0.0514048531,0.0128626163
1368,"-96.4562,47.3263",27107,"Minnesota, Norman",0.123115577889447,7.56756756756757,0.0614671814671815,398,1.00550323261441,1.01101393940205,0.0175879396984925,7,0.00108108108108108,,1.01551293122616,0.851248730436153,1.00873173727564,0.1917,0.5043,0.6113,0.00216216216216216,1674.03,6.2,21.2,7.2,8711.7039956,0.1513200496,6.3,0.081,38.233708705,3,0.36,0.0067953668,0.0211583012
1369,"-92.4021,44.0037",27109,"Minnesota, Olmsted",0.176441474882455,9.12482323054576,0.0517158634987874,8082,1.01133204742002,1.01101393940205,0.00569166048007919,46,0.000294349136469218,1.02766948763189,1.01551293122616,0.851248730436153,1.00873173727564,0.0385,0.7198,0.5871,0.0135656558546683,2622.15,4,14.6,273.6,4420.3809279,0.1213023824,8.1,0.078,269.98166725,4.3,0.271,0.0627091639,0.0040249045
1370,"-95.7084,46.4085",27111,"Minnesota, Otter Tail",0.186172967374417,12.2253961776508,0.0656668707066585,3862,1.01097134847123,1.01101393940205,0.00958052822371828,37,0.000629123308168401,1.0255979572807,1.01551293122616,0.851248730436153,1.00873173727564,0.1108,0.3881,0.4753,0.0022614432428756,1835.52,4.7,22.8,26.2,5698.8813226,0.1297041371,6.8,0.095,48.705076153,3.7,0.312,0.0156600694,0.0078385364
1371,"-96.0371,48.0664",27113,"Minnesota, Pennington",0.220481927710843,12.907321201862,0.0585414021723797,830,1.00854645133502,1.01101393940205,0.0120481927710843,10,0.000705318098462407,1.01516534655549,1.01551293122616,0.851248730436153,1.00873173727564,0.1073,0.2904,0.7135,0.00430244040062068,1720.02,2.8,17.5,28.1,6150.5012811,0.1443809715,6.2,0.084,138.45755194,3.7,0.265,0.0125546622,0.0196783749
1372,"-92.7407,46.1211",27115,"Minnesota, Pine",0.30675469781615,20.4863819828376,0.0667842485500119,1969,1.02486316501746,1.01101393940205,0.00507872016251905,10,0.000339178509649629,1.01516534655549,1.01551293122616,0.851248730436153,1.00873173727564,0.4315,0.3101,0.7393,0.00135671403859851,1537.87,6.4,19.4,19.4,7632.4726858,0.2011723559,6.7,0.125,33.396752999,3.7,0.35,0.0208594783,0.0345283723
1373,"-96.2584,44.023",27117,"Minnesota, Pipestone",0.130695443645084,12.0481927710843,0.0921852547805903,834,1.00813797943651,1.01101393940205,0.0215827338129496,18,0.00198960981540842,1,1.01551293122616,0.851248730436153,1.00873173727564,0.2551,0.6874,0.5823,0.00486349065988726,1684.45,6.1,20.4,20.6,7400.8011284,0.152140506,7.5,0.108,70.64146647,2.3,0.317,0.0117165911,0.0219962418
1374,"-96.4013,47.7737",27119,"Minnesota, Polk",0.157739073282944,15.2240794189476,0.0965143201497034,3043,1.00910142932183,1.01101393940205,0.0128162997042392,39,0.0012369564527895,1.03819186552583,1.01551293122616,0.851248730436153,1.00873173727564,0.214,0.4409,0.7303,0.0029179485552983,1892.85,4.5,17.8,15.1,6793.6626086,0.151962094,6.9,0.096,98.225917116,3.3,0.394,0.0263249707,0.0178565765
1375,"-95.4445,45.5861",27121,"Minnesota, Pope",0.155172413793103,8.9213300892133,0.0574930161304857,638,1.00905167590749,1.01101393940205,0.00470219435736677,3,0.000270343336036767,1.05963402266705,1.01551293122616,0.851248730436153,1.00873173727564,0.0315,0.0729,0.1324,0.00306389114175002,1884.05,3.8,23.4,15.2,5502.9081889,0.1406902543,6.2,0.089,15.159849358,2.3,0.306,0.0044156078,0.0043254934
1376,"-93.0987,45.0163",27123,"Minnesota, Ramsey",0.176009733804196,10.7795205467004,0.0612438886970429,33697,1.01197934066953,1.01101393940205,0.0175089770602724,590,0.0010723178422784,1.01273084121353,1.01551293122616,0.851248730436153,1.00873173727564,0.3038,0.9013,0.944,0.00346594936478799,2268.09,5.5,13.7,3570.2,5977.2220944,0.1364929855,9,0.078,699.45002788,4,0.262,0.1212700605,0.0095636212
1377,"-96.0956,47.872",27125,"Minnesota, Red Lake",0.222627737226277,15.2538134533633,0.0685171292823206,274,1.01031924583093,1.01101393940205,0.0109489051094891,3,0.000750187546886722,1,1.01551293122616,0.851248730436153,1.00873173727564,0.1111,0.1843,0.3225,,1523.28,3.9,19.4,8.1,7075.9868155,0.1455390925,6.2,0.092,17.684389557,3,0.367,0.0050012503,0.0215053763
1378,"-95.2521,44.4056",27127,"Minnesota, Redwood",0.206375838926175,16.1322053905174,0.078169060266247,1192,1.00906903954193,1.01101393940205,0.0184563758389262,22,0.00144271755524952,1.0066678482933,1.01551293122616,0.851248730436153,1.00873173727564,0.2045,0.2665,0.2827,0.00163945176732901,1740.26,5.7,21,18.1,6784.9266281,0.1504129502,7,0.141,83.832837897,3,0.347,0.0070824316,0.0495114434
1379,"-94.9455,44.7284",27129,"Minnesota, Renville",0.266949152542373,21.5576238707911,0.0807555433889953,1180,1.01394224867045,1.01101393940205,0.0288135593220339,34,0.0023268546400219,1.00869827228079,1.01551293122616,0.851248730436153,1.00873173727564,0.179,0.4247,0.3018,0.00109499041883384,1856.94,6,20.2,14.6,6298.3534574,0.1435061533,6.9,0.117,66.792145213,3,0.34,0.0049274569,0.0154667397
1380,"-93.2966,44.3543",27131,"Minnesota, Rice",0.15496417604913,11.3795228717887,0.0734332486508426,4885,1.00991540425359,1.01101393940205,0.00921187308085977,45,0.000676457766486779,1.02065336654354,1.01551293122616,0.851248730436153,1.00873173727564,0.2048,0.7119,0.8723,0.000736587345730048,2088.93,4.5,14.8,119.6,4768.2121239,0.1471485311,7.9,0.07,90.65387592,3.7,0.261,0.0560407679,0.0069149016
1381,"-96.253,43.6748",27133,"Minnesota, Rock",0.194818652849741,19.9702570639473,0.102506904610155,965,1.01425025558415,1.01101393940205,0.0103626943005181,10,0.00106224771616741,1,1.01551293122616,0.851248730436153,1.00873173727564,0.099,0.2292,0.2954,0.00297429360526875,1861.52,5.3,19.6,19.2,5806.8807348,0.1417370183,7.9,0.049,71.221703359,3,0.247,0.008391757,0.0082855322
1382,"-95.8108,48.775",27135,"Minnesota, Roseau",0.212121212121212,21.2541254125413,0.10019801980198,1518,1.01287211537916,1.01101393940205,0.00592885375494071,9,0.000594059405940594,1.03655432261531,1.01551293122616,0.851248730436153,1.00873173727564,0.1312,0.3843,0.5747,0.00165016501650165,1793.19,3.7,16.2,9.9,6269.2570388,0.1507497289,6.4,0.106,53.666106064,3,0.349,0.0057425743,0.019669967
1383,"-92.4688,47.6048",27137,"Minnesota, St. Louis",0.213470011689596,11.8846180802387,0.0556734783784054,11121,1.01256808938684,1.01101393940205,0.0142073554536463,158,0.000790972896662895,1.02381563029645,1.01551293122616,0.851248730436153,1.00873173727564,0.2685,0.2483,0.8182,0.00563192727054277,1774.85,4,18.3,31.2,6968.953776,0.1671538279,7.7,0.091,120.55993283,3.7,0.283,0.0158444887,0.0239094086
1384,"-93.5334,44.649",27139,"Minnesota, Scott",0.161430978099296,11.0529851201987,0.0684687985561232,10091,1.00992426077312,1.01101393940205,0.00693687444257259,70,0.000474959458817622,1.01516534655549,1.01551293122616,0.851248730436153,1.00873173727564,0.014,0.6956,0.2321,0.000963489187887177,3164.83,3.7,10,330.4,4013.6779547,0.1205193615,7.6,0.078,119.25700929,4.3,0.293,0.0464442499,0.0109783486
1385,"-93.7762,45.4445",27141,"Minnesota, Sherburne",0.161768901569187,11.8080719730101,0.0729934607855388,7010,1.01084921971039,1.01101393940205,0.00699001426533524,49,0.000510225332167104,1.00294995503671,1.01551293122616,0.851248730436153,1.00873173727564,0.0264,0.306,0.2426,0.000562289141571911,2688.73,2.9,10.5,164.8,4518.5086218,0.1514545045,7.3,0.087,53.199207589,4,0.302,0.0275417552,0.0057894956
1386,"-94.2316,44.5797",27143,"Minnesota, Sibley",0.145474137931034,8.9832313015704,0.0617513973915358,928,1.00843650936617,1.01101393940205,0.00431034482758621,4,0.000266169816342827,1,1.01551293122616,0.851248730436153,1.00873173727564,0.0962,0.6342,0.1312,0.00133084908171413,1950.01,4.6,17.8,21.7,5256.9981006,0.1409915883,7.2,0.093,56.382319964,2.3,0.393,0.0067207879,0.0047245142
1387,"-94.6108,45.5519",27145,"Minnesota, Stearns",0.137699359537863,13.7702818104184,0.100002511679309,15926,1.00798099432998,1.01101393940205,0.00910460881577295,145,0.000910483749434872,1.01350926798803,1.01551293122616,0.851248730436153,1.00873173727564,0.2637,0.6132,0.7806,0.00358542221329181,2057.91,3.8,14.1,126,4914.4553017,0.1463196423,7,0.083,129.37088204,4,0.289,0.0683490732,0.0041882252
1388,"-93.2263,44.0224",27147,"Minnesota, Steele",0.167449807774455,10.6513056000869,0.0636089449229682,2341,1.00774012963731,1.01101393940205,0.00384451089278086,9,0.000244545281634649,1.01696850489722,1.01551293122616,0.851248730436153,1.00873173727564,0.1697,0.4811,0.5699,0.00116838301225444,2014.31,3.5,16.5,92.6,4880.882949,0.141695177,7.8,0.096,39.019272558,3.7,0.313,0.0327962394,0.0048909056
1389,"-96.0016,45.5861",27149,"Minnesota, Stevens",0.176090468497577,11.1760483953655,0.0634676509791859,619,1.01286942079458,1.01101393940205,0.00807754442649435,5,0.000512662770429611,1,1.01551293122616,0.851248730436153,1.00873173727564,0.1777,0.6208,0.6539,0.0055367579206398,1763.44,2,17.1,19,3807.6795603,0.1432378017,6.2,0.097,50.457270542,3,0.313,0.009432995,0.0169178714
1390,"-95.6826,45.2829",27151,"Minnesota, Swift",0.207880434782609,16.3723916532905,0.0787586944890316,736,1.00989085527484,1.01101393940205,0.0176630434782609,13,0.00139111824505083,1.02415191411056,1.01551293122616,0.851248730436153,1.00873173727564,0.2385,0.4604,0.3012,0.00492241840556447,1574.42,4.5,21.5,12.6,8939.8977737,0.1521112605,6.3,0.136,86.226800072,2.3,0.375,0.0096308186,0.0075976458
1391,"-94.8979,46.07",27153,"Minnesota, Todd",0.140009492168961,12.0006508827597,0.0857131234236433,2107,1.00870254678826,1.01101393940205,0.00854295206454675,18,0.000732243104710764,1.02638809625704,1.01551293122616,0.851248730436153,1.00873173727564,0.3863,0.5575,0.5743,0.00288829224635912,1618.37,8.9,20.7,23.3,5425.0068121,0.145563027,6.4,0.122,42.258399203,3,0.371,0.0045154991,0.0063867871
1392,"-96.4706,45.773",27155,"Minnesota, Traverse",0.159090909090909,8.46432889963724,0.0532043530834341,176,1.00839161480858,1.01101393940205,0.0113636363636364,2,0.00060459492140266,1,1.01551293122616,0.851248730436153,1.00873173727564,0.1369,0.3375,0.3754,0.00755743651753325,1806.22,2.7,25,5.7,9955.6499854,0.1455775889,6,0.117,44.588475026,3,0.326,0.0054413543,0.0640870617
1393,"-92.2312,44.2842",27157,"Minnesota, Wabasha",0.208395802098951,12.8436128436128,0.0616308616308616,1334,1.01706383378179,1.01101393940205,0.00149925037481259,2,9.24000924000924e-05,1.10408951367381,1.01551293122616,0.851248730436153,1.00873173727564,0.0522,0.2837,0.1152,0.00115500115500116,2123.14,5,20.7,33.9,4010.0772851,0.1404510274,8.2,0.075,178.68051721,3,0.365,0.0063294063,0.0034650035
1394,"-94.9697,46.5859",27159,"Minnesota, Wadena",0.210837438423645,15.5376461192188,0.0736949103318086,1015,1.01508599336458,1.01101393940205,0.00886699507389163,9,0.000653452406883032,1.01696850489722,1.01551293122616,0.851248730436153,1.00873173727564,0.4678,0.0837,0.7962,0.00355768532636317,1332.89,5.9,21,27.6,9951.8256673,0.1598467716,6.1,0.106,73.697092357,2.3,0.343,0.0109634793,0.0079140347
1395,"-93.5872,44.0221",27161,"Minnesota, Waseca",0.110543130990415,9.25579155743406,0.0837301374993312,1565,1.00869251762964,1.01101393940205,0.00702875399361022,11,0.000588518538333957,1,1.01551293122616,0.851248730436153,1.00873173727564,0.1455,0.4578,0.4346,0.00187255898560805,1822.33,3.1,16.9,39.7,4555.5280531,0.1469762092,7.8,0.097,77.762375408,3,0.327,0.0208121556,0.0073297309
1396,"-92.8843,45.0386",27163,"Minnesota, Washington",0.168211527035056,10.9220257637895,0.0649303050528354,16830,1.01099331945896,1.01101393940205,0.0089126559714795,150,0.000578701471059139,1.02065336654354,1.01551293122616,0.851248730436153,1.00873173727564,0.0054,0.5645,0.1293,0.00070601579469215,3245.46,3,13.8,514.6,4338.0147412,0.1130941673,8.5,0.075,149.69359525,4,0.248,0.0469211153,0.0054127878
1397,"-94.6141,43.9782",27165,"Minnesota, Watonwan",0.137373737373737,12.3861566484517,0.0901639344262295,990,1.00804496919444,1.01101393940205,0.00505050505050505,5,0.000455373406193078,1.03239118471,1.01551293122616,0.851248730436153,1.00873173727564,0.3701,0.8593,0.2808,0.00227686703096539,1655.63,12,19.3,23,7539.4849501,0.1532717929,7.5,0.124,38.837439057,2.3,0.317,0.0071038251,0.0133879781
1398,"-96.4684,46.3572",27167,"Minnesota, Wilkin",0.264650283553875,22.3856731691717,0.0845858650463703,529,1.01519581095996,1.01101393940205,0.00945179584120983,5,0.000799488327470419,1,1.01551293122616,0.851248730436153,1.00873173727564,0.0366,0.0716,0.6804,0.00399744163735209,1670.88,3.3,19,7.9,7044.2980286,0.1477916831,6.4,0.148,54.162280375,2.3,0.298,0.006236009,0.0180684362
1399,"-91.7808,43.9877",27169,"Minnesota, Winona",0.158614402917046,10.2705361534678,0.064751598622725,3291,1.00885709654399,1.01101393940205,0.0118505013673655,39,0.000767338908017708,1.02415191411056,1.01551293122616,0.851248730436153,1.00873173727564,0.251,0.4008,0.7743,0.00194786030496803,1802.3,5.5,16,81.7,5746.6786545,0.1494019431,8.6,0.084,114.36988429,3.3,0.295,0.0181603542,0.0046040334
1400,"-93.9623,45.173",27171,"Minnesota, Wright",0.212625596265097,15.3649825081225,0.072263089571614,9853,1.01292350381941,1.01101393940205,0.00659697554044453,65,0.00047671783438089,1.03819186552583,1.01551293122616,0.851248730436153,1.00873173727564,0.0207,0.3152,0.1509,0.000762748535009424,2526.99,3.3,11.8,158.7,4161.4893472,0.1471159998,7.3,0.07,130.79890189,4,0.318,0.0150422812,0.004444477
1401,"-95.8684,44.7171",27173,"Minnesota, Yellow Medicine",0.181818181818182,14.7013782542113,0.0808575803981623,792,1.0097488138887,1.01101393940205,0.0164141414141414,13,0.00132720775906075,1,1.01551293122616,0.851248730436153,1.00873173727564,0.2201,0.4295,0.3464,0.00561510974987238,1761.39,5.6,19.8,13,5858.0233619,0.1516388842,6.5,0.12,57.511807853,2.3,0.353,0.0058192956,0.0395099541
1402,"-91.3533,31.4767",28001,"Mississippi, Adams",0.106741573033708,5.48217491664529,0.0513593229033085,1602,1.00725055529822,1.01212328342534,0.0324594257178527,52,0.00166709412669915,1,1.00837053624164,0.422147107177895,1.0079836774434,0.9768,0.9634,0.9742,0.00573865093613747,1128.1,14.8,17.7,62.6,12505.549473,0.2220616181,9,0.132,150.33542613,4,0.353,0.5237240318,0.0050012824
1403,"-88.58,34.8808",28003,"Mississippi, Alcorn",0.163656267104543,8.09749492213947,0.049478672985782,1827,1.01457579329592,1.01212328342534,0.0191570881226054,35,0.000947867298578199,1.01748842798917,1.00837053624164,0.422147107177895,1.0079836774434,0.8557,0.5498,0.2483,0.00541638456330399,1282.41,15.3,17.8,93.9,11917.607937,0.1902484156,10,0.186,35.335638876,5,0.353,0.1217874069,0.0043331077
1404,"-90.805,31.1747",28005,"Mississippi, Amite",0.260053619302949,15.7390881064417,0.0605224728216778,746,1.02099963668893,1.01212328342534,0.0214477211796247,16,0.00129806912218076,1.00926242190831,1.00837053624164,0.422147107177895,1.0079836774434,0.9318,0.4951,0.3926,,1001.12,15.1,22.2,14.4,9702.7353214,0.1869333547,9,0.152,5.3247030379,3,0.399,0.4019957813,0.0034885608
1405,"-89.5784,33.0866",28007,"Mississippi, Attala",0.178343949044586,13.7217533351484,0.0769398312006534,1413,1.0120896917453,1.01212328342534,0.0276008492569002,39,0.00212360468282058,1.0075488835911,1.00837053624164,0.422147107177895,1.0079836774434,0.9541,0.6004,0.9239,0.00136128505309012,1262.83,11.1,18.7,23.3,11153.956752,0.193849171,9.9,0.197,24.261520311,3.7,0.373,0.4307650422,0.0034304383
1406,"-89.1895,34.8168",28009,"Mississippi, Benton",0.119005328596803,8.10059243138677,0.0680691572965784,563,1.01197172075243,1.01212328342534,0.0337477797513321,19,0.00229718292830371,1.00775379492937,1.00837053624164,0.422147107177895,1.0079836774434,0.9573,0.6638,0.1203,,1017.83,15.9,17.6,17.3,12917.412916,0.1833024885,9.7,0.199,14.912087614,3,0.399,0.3506226575,0.0042316528
1407,"-90.8737,33.797",28011,"Mississippi, Bolivar",0.138898756660746,12.4788561580442,0.0898413812912903,2815,1.00981336922671,1.01212328342534,0.0316163410301954,89,0.00284045574952925,1.00491045603448,1.00837053624164,0.422147107177895,1.0079836774434,0.9815,0.6173,0.8386,0.00526601346822839,1089.54,14.6,14.5,36.3,12419.640466,0.2474681442,10.3,0.115,94.39912487,4,0.391,0.6357195289,0.0015957617
1408,"-89.3369,33.9368",28013,"Mississippi, Calhoun",0.143329658213892,9.00526461623718,0.062829038514824,907,1.01016644826437,1.01212328342534,0.0165380374862183,15,0.00103906899418121,1.00990485606307,1.00837053624164,0.422147107177895,1.0079836774434,0.9369,0.7243,0.7727,0.00173178165696869,1031.66,11.9,18,23.2,10056.69431,0.1988725961,9.9,0.248,16.589456204,3.7,0.383,0.2786783042,0.0035328346
1409,"-89.9199,33.4483",28015,"Mississippi, Carroll",0.125592417061611,10.6951871657754,0.0851579053576834,844,1.00731863507329,1.01212328342534,0.0201421800947867,17,0.00171526586620926,1.01804126125684,1.00837053624164,0.422147107177895,1.0079836774434,0.8,0.4072,0.4906,,1207.23,8.4,22.2,12.1,9994.7419551,0.1562934094,9.6,0.221,13.616222886,3,0.344,0.3257996166,0.0024215518
1410,"-88.9482,33.9198",28017,"Mississippi, Chickasaw",0.152582159624413,11.3563566478365,0.0744278143381282,1278,1.01456157477147,1.01212328342534,0.02660406885759,34,0.00198008269757149,1.00427381583427,1.00837053624164,0.422147107177895,1.0079836774434,0.8768,0.7491,0.7163,0.00489196901752956,1167.25,14,16.2,34.2,11032.739382,0.2080817266,10.1,0.123,17.912876259,3.7,0.453,0.4374818007,0.003610739
1411,"-89.2481,33.346",28019,"Mississippi, Choctaw",0.188235294117647,9.66417008939357,0.0513409035999034,425,1.01309699974623,1.01212328342534,0.0235294117647059,10,0.0012080212611742,1.05227402814137,1.00837053624164,0.422147107177895,1.0079836774434,0.928,0.3448,0.8074,0.00302005315293549,1019.88,8.5,20.9,17.7,11561.481594,0.1881345009,9.8,0.251,7.7272280255,3,0.377,0.2982604494,0.0033824595
1412,"-90.907,31.9706",28021,"Mississippi, Claiborne",0.0454545454545455,3.1104199066874,0.0684292379471229,616,1.00424558845164,1.01212328342534,0.025974025974026,16,0.00177738280382137,1,1.00837053624164,0.422147107177895,1.0079836774434,0.993,0.6842,1,0.00355476560764275,784.96,16.3,15.3,20.1,14650.740225,0.2547524132,9.2,0.125,39.780935589,3,0.41,0.8541435237,0.0023328149
1413,"-88.689,32.0416",28023,"Mississippi, Clarke",0.109826589595376,7.30581902076391,0.0665214047680082,1038,1.00736912061478,1.01212328342534,0.0529865125240848,55,0.00352473724685978,1,1.00837053624164,0.422147107177895,1.0079836774434,0.8589,0.3744,0.1156,0.00160215329402717,1086.22,9.3,19.5,20.2,12225.873963,0.1750845599,9.9,0.151,9.3177673853,3.7,0.287,0.3452960779,0.0048064599
1414,"-88.7778,33.6536",28025,"Mississippi, Clay",0.148523985239852,8.30496234395956,0.0559166408748581,1084,1.01173379333065,1.01212328342534,0.025830258302583,28,0.00144434127721036,1.00520889711624,1.00837053624164,0.422147107177895,1.0079836774434,0.9277,0.5142,0.2375,0.00309501702259362,1190.01,11.2,17.4,44,8194.8745138,0.2147743953,10.4,0.187,66.833001495,3.7,0.395,0.5846487156,0.0025275972
1415,"-90.6042,34.2277",28027,"Mississippi, Coahoma",0.125651418645049,9.58988863355135,0.0763213717518119,1727,1.00935707488859,1.01212328342534,0.0272148233931673,47,0.00207707265334983,1.00307703942843,1.00837053624164,0.422147107177895,1.0079836774434,0.9831,0.5428,0.8188,0.00799893936715574,1058.01,12.9,14.1,44.7,15127.78178,0.2535886079,10.2,0.209,93.799947931,3.3,0.424,0.7664398091,0.0017677214
1416,"-90.4457,31.8698",28029,"Mississippi, Copiah",0.145661157024793,9.87983043127912,0.0678274883509092,1936,1.0100593148714,1.01212328342534,0.0216942148760331,42,0.00147146410678625,1.00344843960223,1.00837053624164,0.422147107177895,1.0079836774434,0.9548,0.7848,0.8736,0.000875871492134674,1219.16,14.7,16.4,33.6,10401.287428,0.1958273565,9.7,0.187,27.009254642,3.7,0.392,0.512104544,0.0025925796
1417,"-89.5539,31.6323",28031,"Mississippi, Covington",0.205863607393244,17.1325518485122,0.083222829257943,1569,1.01497036516157,1.01212328342534,0.0388782664117272,61,0.003235559327428,1.04441692978708,1.00837053624164,0.422147107177895,1.0079836774434,0.9376,0.4327,0.2579,0.00185646846655705,1152.98,14.1,16.2,43.5,12149.27106,0.2017816802,9.9,0.168,61.330425399,3.7,0.375,0.3562297778,0.0020155943
1418,"-89.9909,34.8763",28033,"Mississippi, DeSoto",0.144205076820307,9.48895885187444,0.065801836253647,11976,1.01154957658284,1.01212328342534,0.00951903807615231,114,0.000626370184779205,1.01044840074871,1.00837053624164,0.422147107177895,1.0079836774434,0.307,0.7319,0.1414,0.00223075697386278,2121.36,8.9,12.3,309.8,8274.642424,0.1531717083,10.3,0.12,170.83090093,5,0.353,0.2870588623,0.0030164669
1419,"-89.2583,31.1896",28035,"Mississippi, Forrest",0.135915808329601,8.08945039714271,0.0595180979796364,4466,1.01092191920776,1.01212328342534,0.0206000895656068,92,0.00122607814915507,1.0031447782897,1.00837053624164,0.422147107177895,1.0079836774434,0.8627,0.6176,0.9599,0.00682339143877605,1290.39,14.2,13,182.9,11467.759863,0.1872975982,10.2,0.108,163.86450797,5,0.313,0.3751665867,0.0036649075
1420,"-90.8967,31.4779",28037,"Mississippi, Franklin",0.219730941704036,12.5834617360041,0.0572675911658962,446,1.01494875480567,1.01212328342534,0.0134529147982063,6,0.000770416024653313,1,1.00837053624164,0.422147107177895,1.0079836774434,0.728,0.4155,0.1592,0.0032100667693888,1414.1,11.1,18.7,12.3,11466.565563,0.1831493581,8.9,0.191,23.012663389,3,0.32,0.3450179764,0.0029532614
1421,"-88.6444,30.8626",28039,"Mississippi, George",0.150740242261104,9.23711340206186,0.0612783505154639,1486,1.0089652264744,1.01212328342534,0.0201884253028264,30,0.00123711340206186,1.02065336654354,1.00837053624164,0.422147107177895,1.0079836774434,0.8131,0.44,0.3298,0.00197938144329897,1465.89,15.4,14.3,43.5,10556.757168,0.1718206937,9.7,0.194,16.382311677,4,0.388,0.0781443299,0.0054020619
1422,"-88.6392,31.2144",28041,"Mississippi, Greene",0.294663573085847,18.695716178419,0.0634476667157368,862,1.03665252301888,1.01212328342534,0.0290023201856148,25,0.00184012954511998,1.01198288474998,1.00837053624164,0.422147107177895,1.0079836774434,0.8793,0.3149,0.6867,0.000515236272633593,1213.83,13,13,13.2,10193.443983,0.1680045597,9.4,0.113,2.2381245759,3,0.365,0.2526865891,0.0036066539
1423,"-89.8025,33.7704",28043,"Mississippi, Grenada",0.155820895522388,12.3961054381382,0.0795535502255996,1675,1.01387323124465,1.01212328342534,0.0304477611940299,51,0.00242222749940632,1.01804126125684,1.00837053624164,0.422147107177895,1.0079836774434,0.8838,0.5103,0.6008,0.00740916646877226,1268.05,12.1,17.1,50.5,15062.228882,0.1980867908,9.5,0.159,131.70829119,4.3,0.415,0.4242697697,0.003039658
1424,"-89.4885,30.4183",28045,"Mississippi, Hancock",0.183510638297872,5.83090379008746,0.0317742003633752,1504,1.01587444235165,1.01212328342534,0.0305851063829787,46,0.000971817298347911,1.00968102958822,1.00837053624164,0.422147107177895,1.0079836774434,0.6927,0.2967,0.3085,0.00215489922677145,1546.93,14.4,19.2,100.8,8530.8019007,0.1840440167,9.4,0.126,79.093622958,4.3,0.337,0.0794777538,0.0067393417
1425,"-89.1247,30.5136",28047,"Mississippi, Harrison",0.172855166051661,7.25381079119284,0.0419646745705299,8672,1.0158883577918,1.01212328342534,0.0141835793357934,123,0.000595209291071861,1.00840572627971,1.00837053624164,0.422147107177895,1.0079836774434,0.7764,0.7781,0.8637,0.0072054197919187,1570.27,15.8,14,367.4,9728.0519405,0.2167863045,9.8,0.113,168.30210919,5,0.339,0.2517348173,0.004843939
1426,"-90.4444,32.2656",28049,"Mississippi, Hinds",0.149249957862801,7.46989476348145,0.0500495602842862,11866,1.01152973104651,1.01212328342534,0.0187089162312489,222,0.000936373030769555,1.00934904644283,1.00837053624164,0.422147107177895,1.0079836774434,0.8182,0.7746,0.872,0.0102705780627201,1568.79,12.4,13.1,296,11071.904213,0.1885415961,10.7,0.138,299.7605046,5,0.372,0.7242929751,0.0010966531
1427,"-90.0892,33.1235",28051,"Mississippi, Holmes",0.107264086897488,8.96606514584043,0.0835886959482465,1473,1.00769950896386,1.01212328342534,0.0420909708078751,62,0.00351832936102599,1.00232563164892,1.00837053624164,0.422147107177895,1.0079836774434,0.9981,0.5053,0.9729,0.00141868119396209,732.63,17.5,14.1,23.2,14317.866117,0.2777525316,9.9,0.231,20.940312383,3,0.463,0.8195437521,0.0017591647
1428,"-90.5225,33.1283",28053,"Mississippi, Humphreys",0.13258785942492,10.0520770255541,0.0758144604577934,626,1.01171207037334,1.01212328342534,0.0335463258785942,21,0.00254329659682693,1.01440033702014,1.00837053624164,0.422147107177895,1.0079836774434,0.9984,0.5431,0.5046,,850.43,15.4,15.5,19.9,10771.405958,0.2566835241,9.9,0.14,67.634716017,3,0.463,0.7480925276,0.0021799685
1429,"-90.9739,32.7253",28055,"Mississippi, Issaquena",0.120300751879699,12.2324159021407,0.101681957186544,133,1.00437191819376,1.01212328342534,0.0300751879699248,4,0.00305810397553517,1,1.00837053624164,0.422147107177895,1.0079836774434,0.9927,0.5594,0.9997,,929.76,10.4,16.1,2.6,8358.2392648,0.272238549,9.5,0.07,4.1277872993,,0.271,0.629969419,0.003058104
1430,"-88.3607,34.2799",28057,"Mississippi, Itawamba",0.152966793685357,11.9488029935791,0.0781137049793766,1837,1.01079432539954,1.01212328342534,0.0234077299945563,43,0.00182846451503168,1.01404608493983,1.00837053624164,0.422147107177895,1.0079836774434,0.6882,0.1808,0.4562,,1284.07,11.4,17.1,38.4,9619.3341299,0.1905032208,10.2,0.149,11.329887659,4,0.337,0.0687162478,0.0033167496
1431,"-88.6418,30.5402",28059,"Mississippi, Jackson",0.132776730406679,6.88177446484781,0.0518296725922514,7426,1.01170640370643,1.01212328342534,0.019122003770536,142,0.000991087194734675,1.01158512723439,1.00837053624164,0.422147107177895,1.0079836774434,0.6439,0.6654,0.1433,0.00398528724079929,1703.82,13.5,15,188.7,8941.5579177,0.1919337123,10.1,0.138,120.30132209,5,0.329,0.2111992853,0.0047739693
1432,"-89.1179,32.0192",28061,"Mississippi, Jasper",0.194792671166827,12.2960798636474,0.0631239347455564,1037,1.01646166300626,1.01212328342534,0.0231436837029894,24,0.0014609203798393,1,1.00837053624164,0.422147107177895,1.0079836774434,0.8073,0.4534,0.3451,0.000973946919892866,1219.94,13,19.2,22.6,10981.973208,0.19368615,10,0.223,7.0106258553,3,0.454,0.5303140979,0.0025566107
1433,"-91.0376,31.734",28063,"Mississippi, Jefferson",0.145933014354067,8.58429496200394,0.0588235294117647,418,1.0081178680222,1.01212328342534,0.0287081339712919,12,0.00168871376301717,1,1.00837053624164,0.422147107177895,1.0079836774434,0.9717,0.6383,0.9962,0.00422178440754292,819.52,16.9,14.9,13.7,15171.480051,0.2653802863,8.9,0.16,13.027174182,3,0.537,0.8478750352,0.0023923445
1434,"-89.8267,31.5688",28065,"Mississippi, Jefferson Davis",0.122913505311077,7.21025458429767,0.0586612070500267,659,1.01015530526595,1.01212328342534,0.0303490136570561,20,0.00178030977390066,1.01516534655549,1.00837053624164,0.422147107177895,1.0079836774434,0.9659,0.4798,0.5113,0.00311554210432615,922.57,17.7,21.1,26.4,15358.802817,0.2457765651,9.7,0.148,5.0399848145,3,0.404,0.5964037743,0.0028484956
1435,"-89.169,31.6226",28067,"Mississippi, Jones",0.166013373299516,10.5169366500635,0.0633499364601744,4337,1.01274752156472,1.01212328342534,0.0209822457920221,91,0.00132922393771636,1.00157979458942,1.00837053624164,0.422147107177895,1.0079836774434,0.7968,0.7237,0.766,0.00452812550211069,1328.11,10.7,16.1,100.7,10882.861562,0.188023588,10.1,0.179,150.29010786,5,0.397,0.2918303852,0.0070112911
1436,"-88.6411,32.7546",28069,"Mississippi, Kemper",0.254637436762226,15.059339782587,0.0591403211329411,593,1.01810667861475,1.01212328342534,0.0320404721753794,19,0.001894883813703,1,1.00837053624164,0.422147107177895,1.0079836774434,0.9092,0.4858,0.9446,,872.78,13.3,18.7,13.8,12184.2408,0.2271281719,10,0.182,5.8630240736,3,0.386,0.6067617433,0.0352049466
1437,"-89.4849,34.3569",28071,"Mississippi, Lafayette",0.0954732510288066,6.3511762451408,0.0665230960159144,3645,1.0056928029445,1.01212328342534,0.0183813443072702,67,0.00122278393225412,1.01588891562801,1.00837053624164,0.422147107177895,1.0079836774434,0.6634,0.5769,0.8214,0.000419761648385743,1711.64,8.9,11.6,85.1,7284.5930366,0.1759089099,9.9,0.125,91.571547617,3.7,0.321,0.2325662037,0.0034493457
1438,"-89.5078,31.2057",28073,"Mississippi, Lamar",0.145053669857847,8.00678975771454,0.0551988085896841,3447,1.01149331172972,1.01212328342534,0.0150855816652161,52,0.000832706134802312,1.00561868495366,1.00837053624164,0.422147107177895,1.0079836774434,0.5545,0.511,0.3919,0.00337886527775554,1877.38,12.3,12.7,105.8,7007.2132333,0.1688335727,9.7,0.125,120.3116283,5,0.339,0.2055342931,0.0031386616
1439,"-88.6623,32.4042",28075,"Mississippi, Lauderdale",0.146037826191046,8.09910113254644,0.055458926935486,4177,1.01231588651495,1.01212328342534,0.0375867847737611,157,0.00208452275050785,1.00558208905533,1.00837053624164,0.422147107177895,1.0079836774434,0.7653,0.6402,0.9688,0.00926749605002855,1687.64,12.3,16.3,113.8,10771.744263,0.1977614016,10.4,0.133,103.09871702,5,0.358,0.4379223814,0.0032794721
1440,"-90.1084,31.5515",28077,"Mississippi, Lawrence",0.118932038834951,7.86832597350462,0.0661581694098756,824,1.00861086341575,1.01212328342534,0.0182038834951456,15,0.00120433560818948,1.00990485606307,1.00837053624164,0.422147107177895,1.0079836774434,0.8608,0.4438,0.2926,0.00200722601364914,1276.27,13.7,17.2,27.7,12820.682678,0.1958383891,9.6,0.157,2.0677220201,3.7,0.339,0.318908069,0.0026495383
1441,"-89.524,32.7537",28079,"Mississippi, Leake",0.149969268592502,10.7191494969907,0.0714756402934587,1627,1.01264524172254,1.01212328342534,0.0276582667486171,45,0.00197689232526468,1,1.00837053624164,0.422147107177895,1.0079836774434,0.9748,0.866,0.922,0.00109827351403594,1357.61,15.8,15,33.6,10555.978142,0.211860763,10.1,0.17,6.9027671726,3.7,0.404,0.4170803497,0.0660282037
1442,"-88.6815,34.2919",28081,"Mississippi, Lee",0.167203608247423,12.1828126100326,0.0728621393863994,6208,1.01224539475315,1.01212328342534,0.0169136597938144,105,0.00123236543743105,1.00990485606307,1.00837053624164,0.422147107177895,1.0079836774434,0.664,0.6533,0.7663,0.00762892889838267,1858.63,11.6,14.2,220.2,9676.3883191,0.1849426515,10.5,0.133,81.050149208,5,0.309,0.2998873266,0.0027816248
1443,"-90.299,33.5555",28083,"Mississippi, Leflore",0.107081174438687,8.57567689062554,0.0800857567689063,2316,1.00710622572676,1.01212328342534,0.0414507772020725,96,0.00331961686088731,1.00454582940699,1.00837053624164,0.422147107177895,1.0079836774434,0.9799,0.8013,0.9376,0.00719250319858916,997.68,15.8,13.4,54.3,15319.964724,0.2392784495,10.2,0.149,117.81612402,4,0.371,0.7398941872,0.0045298938
1444,"-90.4539,31.5329",28085,"Mississippi, Lincoln",0.12043795620438,7.71816985820786,0.064084198216635,2192,1.0084232905728,1.01212328342534,0.0323905109489051,71,0.00207571992398772,1.00831830034021,1.00837053624164,0.422147107177895,1.0079836774434,0.8054,0.3887,0.6033,0.00289431369682795,1378.63,13.1,16.3,57.2,10744.891682,0.2015685324,9.5,0.155,53.67768035,4.3,0.394,0.3005993276,0.0024265458
1445,"-88.4419,33.4739",28087,"Mississippi, Lowndes",0.238999683444128,12.8118106227728,0.0536059731885288,3159,1.02155123900855,1.01212328342534,0.0227920227920228,72,0.00122178856270151,1.00819891621082,1.00837053624164,0.422147107177895,1.0079836774434,0.8019,0.6839,0.6562,0.00534532496181911,1516.67,12.7,15,122.5,9739.5108976,0.1732528012,10.6,0.181,52.127110766,5,0.367,0.4457661632,0.0029017478
1446,"-90.0351,32.6339",28089,"Mississippi, Madison",0.167600611309221,9.34393638170974,0.0557512070434536,5889,1.01224679460133,1.01212328342534,0.0207165902530141,122,0.00115497491243018,1.0110077480091,1.00837053624164,0.422147107177895,1.0079836774434,0.1723,0.7959,0.2693,0.000634289501088706,2430.84,7.1,12.5,152.7,6986.8445187,0.1472905596,10.7,0.078,102.82181582,5,0.364,0.3802612894,0.0036163969
1447,"-89.8209,31.2313",28091,"Mississippi, Marion",0.194921070693205,11.4909973700182,0.058952053408861,1457,1.01642126556084,1.01212328342534,0.0370624571036376,54,0.00218490795063726,1.01105509534937,1.00837053624164,0.422147107177895,1.0079836774434,0.9331,0.5355,0.9179,0.00198260165891159,1206.29,15,17.3,46.9,12534.254206,0.1988424135,9.4,0.157,22.597047969,4,0.359,0.3153145863,0.0027109043
1448,"-89.503,34.7622",28093,"Mississippi, Marshall",0.119582664526485,8.40596880200841,0.0702942089080703,2492,1.0087235732308,1.01212328342534,0.0224719101123595,56,0.00157964514400158,1.01345052063806,1.00837053624164,0.422147107177895,1.0079836774434,0.815,0.5791,0.5368,0.00112831796000113,1234.15,15.4,16.4,43.1,11739.701788,0.1856689728,10,0.167,38.075522306,3.7,0.437,0.470113678,0.0043158162
1449,"-88.4808,33.8924",28095,"Mississippi, Monroe",0.172498970769864,11.7815768754921,0.0682994038915758,2429,1.0131318639207,1.01212328342534,0.0329353643474681,80,0.00224946575188393,1.00362337833333,1.00837053624164,0.422147107177895,1.0079836774434,0.7761,0.4352,0.3524,0.00365538184681138,1214.89,11.3,18.6,43.7,9734.2248015,0.1846112091,10.5,0.157,30.838618387,4,0.363,0.30328422,0.0026712406
1450,"-89.6173,33.4942",28097,"Mississippi, Montgomery",0.140250855188141,12.2717749176893,0.0874987528684027,877,1.00912002078249,1.01212328342534,0.0342075256556442,30,0.00299311583358276,1.02065336654354,1.00837053624164,0.422147107177895,1.0079836774434,0.9309,0.5667,0.3508,0.0024942631946523,987.45,9.3,20.3,24.6,13696.661637,0.189710234,9.6,0.174,18.885150211,4,0.379,0.4464731118,0.0037912801
1451,"-89.1173,32.7534",28099,"Mississippi, Neshoba",0.127793022344179,11.1931330472103,0.087587982832618,2551,1.0103864920999,1.01212328342534,0.0513524108192866,131,0.00449785407725322,1.00787596171979,1.00837053624164,0.422147107177895,1.0079836774434,0.9468,0.6479,0.8316,0.00233476394849785,1370.97,12,15.4,51.6,15510.567882,0.2221583779,10.4,0.142,50.440741169,4,0.428,0.2114678112,0.1719141631
1452,"-89.1184,32.4002",28101,"Mississippi, Newton",0.182509505703422,11.192463741081,0.0613253742480063,1315,1.01658241184812,1.01212328342534,0.023574144486692,31,0.00144569323322296,1.00957286878737,1.00837053624164,0.422147107177895,1.0079836774434,0.8497,0.5613,0.8383,0.00116588163969594,1255.5,11.4,15.9,33.1,10957.483721,0.1997028453,10.3,0.161,15.913447102,4,0.343,0.3076528471,0.0564286714
1453,"-88.5695,33.1101",28103,"Mississippi, Noxubee",0.105721393034826,8.06834361651637,0.0763170384432843,804,1.0078831829928,1.01212328342534,0.0211442786069652,17,0.00161366872330327,1,1.00837053624164,0.422147107177895,1.0079836774434,0.9857,0.5371,0.9685,0.00237304224015187,842.48,15.7,15.6,15.1,11550.620314,0.2183687476,10.1,0.143,26.196134466,3,0.423,0.7181775036,0.0031324158
1454,"-88.8791,33.4249",28105,"Mississippi, Oktibbeha",0.123190963642782,7.03643218613279,0.0571180870582068,2833,1.00877141152478,1.01212328342534,0.0225908930462407,64,0.00129034859573782,1.00225229790198,1.00837053624164,0.422147107177895,1.0079836774434,0.8038,0.6192,0.886,0.00193552289360673,1293.86,10.7,10.7,113.8,9025.7525916,0.1905886659,10.3,0.093,118.74321418,3.3,0.336,0.3730720377,0.0023185951
1455,"-89.9506,34.364",28107,"Mississippi, Panola",0.158997381219603,12.4348996430452,0.0782082041079057,2673,1.01140573019649,1.01212328342534,0.0239431350542462,64,0.00187254959330564,1.01925902092718,1.00837053624164,0.422147107177895,1.0079836774434,0.9019,0.7937,0.5489,0.00327696178828486,1213,12.9,14.9,47.8,11921.099745,0.2139345893,10,0.146,42.523673571,4,0.338,0.4953478846,0.0029551173
1456,"-89.5868,30.7709",28109,"Mississippi, Pearl River",0.237195425161611,8.61212919999278,0.0363081589542672,2011,1.02156572158933,1.01212328342534,0.0363003480855296,73,0.00131799880838464,1.00397639411768,1.00837053624164,0.422147107177895,1.0079836774434,0.7736,0.3703,0.5154,0.00151660136855219,1478.74,14,18.1,59.2,10772.819885,0.1874221811,9.3,0.159,42.030677954,4,0.382,0.1235127376,0.0068969253
1457,"-88.9928,31.1716",28111,"Mississippi, Perry",0.0900537634408602,5.61562316654094,0.0623585617299472,744,1.00772154887155,1.01212328342534,0.0362903225806452,27,0.00226301232084486,1,1.00837053624164,0.422147107177895,1.0079836774434,0.8236,0.2846,0.4196,0.00184393596513285,1137.48,15.1,17.2,16.3,10008.076271,0.20469624,9.6,0.151,18.333762509,3.7,0.336,0.1910988182,0.0047774705
1458,"-90.4039,31.1751",28113,"Mississippi, Pike",0.130042462845011,6.19265475317848,0.04762025124485,1884,1.01150668999677,1.01212328342534,0.0334394904458599,63,0.00159239693653161,1.0069943706001,1.00837053624164,0.422147107177895,1.0079836774434,0.9325,0.8265,0.9659,0.00497939994439249,1038.65,14.3,16.3,101.1,12688.268318,0.2261089576,9.2,0.165,86.313621557,5,0.337,0.5309759118,0.0040441827
1459,"-89.0364,34.226",28115,"Mississippi, Pontotoc",0.192660550458716,15.1729337479974,0.078754751358653,2507,1.01531326516729,1.01212328342534,0.012764260071799,32,0.00100524612823171,1,1.00837053624164,0.422147107177895,1.0079836774434,0.8914,0.7246,0.5123,0.000785348537681023,1287.88,16.2,14.4,58.3,9293.8697327,0.1831342576,10.2,0.161,33.648087475,4,0.35,0.1468915905,0.0060628907
1460,"-88.5199,34.6181",28117,"Mississippi, Prentiss",0.150543789353177,10.389097373099,0.0690104681019159,1747,1.01092948899128,1.01212328342534,0.0223239839725243,39,0.00154058858384357,1.01557919328246,1.00837053624164,0.422147107177895,1.0079836774434,0.9166,0.3629,0.8109,0.0045032589373889,1081.5,12.6,17.5,55.3,11773.150501,0.2114293583,10.1,0.19,32.813716073,4,0.323,0.1439067746,0.0027256567
1461,"-90.2891,34.2516",28119,"Mississippi, Quitman",0.0834879406307978,6.38207346475677,0.0764430577223089,539,1.0054162849991,1.01212328342534,0.012987012987013,7,0.000992766983406609,1,1.00837053624164,0.422147107177895,1.0079836774434,0.9994,0.5836,0.8013,,856.51,18.7,16,17.1,13903.172616,0.2600465327,10,0.152,22.44739482,3,0.42,0.7085519784,0.0031201248
1462,"-89.9454,32.2647",28121,"Mississippi, Rankin",0.213537358698649,10.0648464607348,0.0471338903977856,7254,1.01482371765497,1.01212328342534,0.0177832919768404,129,0.000838195734948214,1.01529032075321,1.00837053624164,0.422147107177895,1.0079836774434,0.2057,0.5466,0.5823,0.0117282426479188,2033.15,8.8,14.3,175.4,7444.1589414,0.1559652716,10.6,0.126,128.64663066,5,0.354,0.2105885564,0.0021897051
1463,"-89.5379,32.4067",28123,"Mississippi, Scott",0.145662847790507,9.43896489553505,0.0648000848446283,1833,1.01158572906139,1.01212328342534,0.0169121658483361,31,0.0010959097818786,1.0046952487017,1.00837053624164,0.422147107177895,1.0079836774434,0.9443,0.9335,0.7711,0.00212111570686181,1135.87,15.9,14.6,49.4,12938.318508,0.2147214344,10.2,0.209,23.974417609,3.7,0.486,0.3728567893,0.0073532011
1464,"-90.816,32.8815",28125,"Mississippi, Sharkey",0.0994318181818182,7.99634452821567,0.0804203792551976,352,1.00454582940699,1.01212328342534,0.0482954545454545,17,0.00388393877084761,1,1.00837053624164,0.422147107177895,1.0079836774434,0.986,0.4982,0.9284,0.00662554260909299,945.74,19.6,17.4,10.8,17603.033827,0.2351651828,9.7,0.134,49.649207259,3,0.498,0.7027644505,0.0018277359
1465,"-89.9172,31.9128",28127,"Mississippi, Simpson",0.112226816302422,7.10068017041632,0.0632707975184991,1693,1.00937034072655,1.01212328342534,0.0318960425280567,54,0.00201808804843411,1,1.00837053624164,0.422147107177895,1.0079836774434,0.9411,0.4276,0.8437,0.00369982808879587,1220.67,13.4,16.6,40.3,10359.757874,0.2059020703,9.9,0.224,38.108477435,4,0.441,0.3487181404,0.0036250841
1466,"-89.5064,32.0174",28129,"Mississippi, Smith",0.152761457109283,8.12398450193726,0.0531808523934508,851,1.01252322541082,1.01212328342534,0.0199764982373678,17,0.00106236720409949,1.00869827228079,1.00837053624164,0.422147107177895,1.0079836774434,0.6124,0.3868,0.1942,0.00181227346581677,1330,11.5,18.3,23.5,11048.337572,0.1823931174,10.1,0.121,6.5450449094,3,0.375,0.2363454568,0.00199975
1467,"-89.1155,30.7919",28131,"Mississippi, Stone",0.191555097837281,9.93748998236897,0.0518779718972057,971,1.01631559645979,1.01212328342534,0.0164778578784758,16,0.000854837847945718,1.00926242190831,1.00837053624164,0.422147107177895,1.0079836774434,0.7191,0.3301,0.5985,0.00133568413741518,1441.65,13.4,15.4,36,10400.310231,0.1754279171,9.5,0.181,28.861858924,4,0.409,0.1967729871,0.0054495913
1468,"-90.5888,33.6019",28133,"Mississippi, Sunflower",0.0887939221272555,7.2663687585001,0.0818340781037498,2106,1.00611627014394,1.01212328342534,0.0270655270655271,57,0.00221488245579949,1.00253171039416,1.00837053624164,0.422147107177895,1.0079836774434,0.9968,0.6743,0.9328,0.00544006217213911,1055.09,16.3,12.4,34.7,14359.819243,0.2450664815,10.3,0.195,58.015703087,3.7,0.504,0.7316883622,0.0032640373
1469,"-90.1729,33.9534",28135,"Mississippi, Tallahatchie",0.101476014760148,7.86444555658826,0.077500536212197,1084,1.00859031016865,1.01212328342534,0.025830258302583,28,0.00200185886894974,1.00520889711624,1.00837053624164,0.422147107177895,1.0079836774434,0.9975,0.8848,0.9548,0.00128690927289626,915.96,11.2,14.3,18.5,10688.893706,0.2229306955,10,0.16,41.332164406,3,0.441,0.5608779581,0.0041467077
1470,"-89.9449,34.6513",28137,"Mississippi, Tate",0.149442018437652,10.7096908793769,0.0716645224103759,2061,1.0115353589596,1.01212328342534,0.0252304706453178,52,0.00180812962898571,1.00277786339753,1.00837053624164,0.422147107177895,1.0079836774434,0.8197,0.6921,0.8768,0.00264265099620988,1564.33,11.9,15.7,61.6,10470.567216,0.1769525208,10,0.14,55.841242271,4.3,0.368,0.3080774714,0.0028512813
1471,"-88.9099,34.7687",28139,"Mississippi, Tippah",0.192993630573248,13.7758581495795,0.071379859058877,1570,1.01796717609272,1.01212328342534,0.0229299363057325,36,0.00163673562173221,1.02638809625704,1.00837053624164,0.422147107177895,1.0079836774434,0.9054,0.4906,0.6068,0.00113662195953626,1258.59,11.8,16.1,45.5,11756.571942,0.1927270167,9.9,0.341,47.373897987,4,0.4,0.1661741305,0.0043191634
1472,"-88.2392,34.7402",28141,"Mississippi, Tishomingo",0.157088122605364,10.5376786265035,0.0670813200370104,1305,1.012055153757,1.01212328342534,0.0360153256704981,47,0.00241595558753984,1.00623149432493,1.00837053624164,0.422147107177895,1.0079836774434,0.9073,0.1184,0.4826,0.00246735889791303,1214.03,14,20,40.6,12995.95687,0.1840760414,10,0.199,18.386114568,4,0.377,0.0246221857,0.0038552483
1473,"-90.3748,34.6497",28143,"Mississippi, Tunica",0.0734632683658171,4.92759452936444,0.0670756234915527,667,1.00502563202403,1.01212328342534,0.0284857571214393,19,0.00191069991954948,1,1.00837053624164,0.422147107177895,1.0079836774434,0.9354,0.8803,0.9707,,1063.12,14.6,11.2,34.6,14290.951725,0.2247655974,9.9,0.107,98.2730265,3.7,0.403,0.7700120676,0.0028157683
1474,"-89.0078,34.4916",28145,"Mississippi, Union",0.218533886583679,16.5699503600643,0.075823253862826,2169,1.02165008693834,1.01212328342534,0.012448132780083,27,0.000943857931902398,1.00540603558491,1.00837053624164,0.422147107177895,1.0079836774434,0.8032,0.6374,0.5298,0.00534852828078026,1340.51,11.4,16.3,68,8424.2611594,0.1726868552,10.1,0.118,57.533485505,5,0.398,0.1503880305,0.0030063623
1475,"-90.1045,31.1497",28147,"Mississippi, Walthall",0.117106773823192,7.0515036294504,0.0602143104044245,871,1.00848131677628,1.01212328342534,0.0367393800229621,32,0.00221223643276875,1.00926242190831,1.00837053624164,0.422147107177895,1.0079836774434,0.8822,0.6068,0.4403,0.00172830971310059,1066.02,18,18.7,31.3,9173.2530999,0.2003374513,9.1,0.203,8.5934270505,3,0.366,0.4306947805,0.0047701348
1476,"-90.8335,32.3581",28149,"Mississippi, Warren",0.171947809878844,7.99116424116424,0.046474358974359,2146,1.01385064698956,1.01212328342534,0.0302889095992544,65,0.00140765765765766,1.01393184552831,1.00837053624164,0.422147107177895,1.0079836774434,0.7481,0.6558,0.8354,0.00781791406791407,1453.5,12.8,15.8,81,12175.461346,0.2043317141,9.8,0.184,112.98157158,4.3,0.358,0.4888903326,0.0034216909
1477,"-90.942,33.2839",28151,"Mississippi, Washington",0.122908093278464,9.94163726338681,0.0808867585380467,3645,1.00776037785528,1.01212328342534,0.0299039780521262,109,0.00241883585202938,1.00131753219893,1.00837053624164,0.422147107177895,1.0079836774434,0.9755,0.7733,0.7883,0.00718993409227082,1189.53,18.2,14.8,65.2,14714.778032,0.2051553757,10.1,0.154,149.38226989,4,0.434,0.7189268358,0.0026629386
1478,"-88.6957,31.6414",28153,"Mississippi, Wayne",0.171309192200557,12.1194206325746,0.0707458862942162,1436,1.0142039699407,1.01212328342534,0.0174094707520891,25,0.00123164843826978,1.00584875104734,1.00837053624164,0.422147107177895,1.0079836774434,0.9083,0.5403,0.6336,0.0039412750024633,1129.18,10.2,16.4,23.6,9780.1697804,0.1918712562,9.7,0.154,11.721937234,3.7,0.424,0.3967878609,0.0032022859
1479,"-89.2839,33.613",28155,"Mississippi, Webster",0.207746478873239,12.0555782590928,0.0580302411115652,568,1.01522209774955,1.01212328342534,0.028169014084507,16,0.00163465467919902,1.01925902092718,1.00837053624164,0.422147107177895,1.0079836774434,0.7752,0.3126,0.1108,0.00388230486309767,1302.73,11.7,17.5,20.7,9509.6329301,0.1912523818,9.8,0.124,27.581723885,4,0.334,0.190641602,0.0031671434
1480,"-91.3102,31.1608",28157,"Mississippi, Wilkinson",0.164583333333333,8.98544131028208,0.0545950864422202,480,1.01217946265158,1.01212328342534,0.0458333333333333,22,0.00250227479526843,1,1.00837053624164,0.422147107177895,1.0079836774434,0.9949,0.5339,0.8201,0.0028434940855323,987.26,14.8,16.5,12.2,15252.120783,0.2453197562,8.7,0.131,12.699425791,3,0.376,0.7025705187,0.0026160146
1481,"-89.0339,33.0875",28159,"Mississippi, Winston",0.190974493132767,16.07486925406,0.0841728598954033,1529,1.01591581142129,1.01212328342534,0.0241988227599738,37,0.00203688411780897,1.03541587195434,1.00837053624164,0.422147107177895,1.0079836774434,0.8605,0.7163,0.7861,,1174.09,11.1,19.2,28.2,11354.970073,0.2029697997,10.1,0.127,26.057610776,4,0.391,0.4661161574,0.0123314066
1482,"-89.7076,34.0282",28161,"Mississippi, Yalobusha",0.135654261704682,9.11878631375081,0.0672207876049064,833,1.01148584333025,1.01212328342534,0.0348139255702281,29,0.00234021949644932,1,1.00837053624164,0.422147107177895,1.0079836774434,0.6637,0.4037,0.7689,0.00209812782440284,1113.93,13.1,19.1,22.2,11657.118934,0.20193569,9.7,0.153,20.777934294,3.7,0.332,0.3841994835,0.0037120723
1483,"-90.3966,32.7789",28163,"Mississippi, Yazoo",0.11984392419175,7.61115831209289,0.0635089209855565,1794,1.00805731920571,1.01212328342534,0.0234113712374582,42,0.00148683092608326,1.00344843960223,1.00837053624164,0.422147107177895,1.0079836774434,0.9809,0.9351,0.9405,0.000885018408382894,1038.13,13.2,13,24.6,12434.329933,0.2450964546,9.9,0.178,56.195404664,3.7,0.412,0.5665533843,0.0050269046
1484,"-92.6008,40.1906",29001,"Missouri, Adair",0.166795965865012,8.48494415722799,0.0508702000868227,1289,1.01418159517527,1.01013019554962,0.00232738557020946,3,0.000118394569635739,1,1.01087354476116,0.546850444596644,1.00606400579802,0.7255,0.5836,0.6148,0.00367023165870792,1441.66,8.5,14.2,47.7,8412.0721659,0.2052884319,9.5,0.084,45.798686547,3.7,0.279,0.0284936264,0.0032755831
1485,"-94.8016,39.9849",29003,"Missouri, Andrew",0.164225941422594,8.91690804793548,0.054296586584881,956,1.01059663224312,1.01013019554962,0.0135983263598326,13,0.000738342704606123,1.02415191411056,1.01087354476116,0.546850444596644,1.00606400579802,0.1481,0.0404,0.0423,,1777.44,7.1,18.1,27.8,6467.8532391,0.1823372316,9.9,0.121,22.27323476,3.3,0.319,0.0103367979,0.0039188959
1486,"-95.4297,40.4324",29005,"Missouri, Atchison",0.152610441767068,7.34867530458325,0.0481531618642429,249,1.01266629906468,1.01013019554962,0.0160642570281124,4,0.0007735447689035,1.04195362743721,1.01087354476116,0.546850444596644,1.00606400579802,0.1949,0.0293,0.0742,0.00348095146006575,1551.35,8.5,25,9.1,7886.29844,0.1792470635,9.2,0.226,40.829695625,3,0.39,0.0044478824,0.00406111
1487,"-91.8424,39.2159",29007,"Missouri, Audrain",0.19213649851632,10.1676284693597,0.0529187767440035,1348,1.01411774897554,1.01013019554962,0.0118694362017804,16,0.00062811604443921,1.00926242190831,1.01087354476116,0.546850444596644,1.00606400579802,0.7322,0.4438,0.4737,0.00345463824441566,1420.48,10,17.1,34.5,8793.1108464,0.206655446,10,0.157,54.8493039,3.7,0.351,0.0685824206,0.0056923017
1488,"-93.8292,36.7098",29009,"Missouri, Barry",0.113370301910043,5.12734771219974,0.0452265507440227,1623,1.00771437758028,1.01013019554962,0.0203327171903882,33,0.000919578665774954,1.01863023587289,1.01087354476116,0.546850444596644,1.00606400579802,0.7395,0.6886,0.3384,0.00119823886752494,1389.25,15.5,19.9,49.4,9525.4476995,0.2151443394,9.8,0.128,30.850280264,3.7,0.381,0.0045421613,0.0132363596
1489,"-94.3476,37.5021",29011,"Missouri, Barton",0.0922190201729107,5.42464824546533,0.0588235294117647,694,1.00742002525283,1.01013019554962,0.00864553314121038,6,0.000508560773012375,1.02638809625704,1.01087354476116,0.546850444596644,1.00606400579802,0.6525,0.1315,0.4604,0.0021190032208849,1365.04,9.7,19.9,18.6,7562.6479373,0.203953208,9.3,0.151,39.22712289,3.7,0.259,0.0063570097,0.0145787422
1490,"-94.3411,38.2527",29013,"Missouri, Bates",0.168674698795181,6.86274509803922,0.0406862745098039,664,1.01386161532928,1.01013019554962,0.0135542168674699,9,0.000551470588235294,1,1.01087354476116,0.546850444596644,1.00606400579802,0.4013,0.0837,0.404,0.00367647058823529,1345.87,9.6,19.1,16.5,9028.3597477,0.199353647,9.4,0.114,18.661804735,3.7,0.365,0.0112745098,0.0082107843
1491,"-93.2876,38.295",29015,"Missouri, Benton",0.259827420901246,14.0574748417886,0.0541031227305737,1043,1.02374448883175,1.01013019554962,0.0105465004793864,11,0.000570598609814296,1,1.01087354476116,0.546850444596644,1.00606400579802,0.7691,0.107,0.5113,,1215,12.1,29.6,23.6,10032.441123,0.1950043529,9.4,0.117,30.864183823,3,0.335,0.0051353875,0.0079365079
1492,"-90.0273,37.3245",29017,"Missouri, Bollinger",0.111849390919158,8.2997781247432,0.0742049469964664,903,1.0054978333707,1.01013019554962,0.0110741971207087,10,0.000821760210370614,1,1.01087354476116,0.546850444596644,1.00606400579802,0.7245,0.0665,0.3534,,1250.47,10.8,19.1,15,9664.4169524,0.2067041982,10.5,0.235,20.363594864,3,0.324,0.0055057934,0.007971074
1493,"-92.3072,38.9919",29019,"Missouri, Boone",0.124405570652174,8.13866281492181,0.0654204049887503,11776,1.00918408735024,1.01013019554962,0.00246263586956522,29,0.00016110663592678,1.02142923558558,1.01087354476116,0.546850444596644,1.00606400579802,0.3102,0.6313,0.7144,0.00605538735035138,1946.9,7,11.4,271.9,5844.9349766,0.1852099917,10.1,0.073,210.37491245,4.3,0.26,0.0951362462,0.0043943224
1494,"-94.8014,39.6582",29021,"Missouri, Buchanan",0.158324265505985,9.8564993056418,0.0622551399442255,5514,1.01042173084935,1.01013019554962,0.0130576713819369,72,0.00081290715922819,1.01250777270301,1.01087354476116,0.546850444596644,1.00606400579802,0.549,0.6078,0.8571,0.00397421277844893,1598.83,10.1,15.5,232.7,8761.5516006,0.2182687669,10.2,0.12,176.94921383,5,0.383,0.0566664032,0.0073500356
1495,"-90.4042,36.7146",29023,"Missouri, Butler",0.157542339503742,9.38108304603766,0.0595464246347241,2539,1.01056001065151,1.01013019554962,0.00393855848759354,10,0.000234527076150942,1.01516534655549,1.01087354476116,0.546850444596644,1.00606400579802,0.8965,0.2041,0.5998,0.00333028448134337,1387.99,12.6,18.1,66.4,10607.867806,0.2240430501,10.8,0.157,59.839297788,4.3,0.375,0.0544571871,0.0073641502
1496,"-93.9831,39.6562",29025,"Missouri, Caldwell",0.149350649350649,7.57575757575758,0.0507246376811594,462,1.00930403926136,1.01013019554962,0.00649350649350649,3,0.000329380764163373,1,1.01087354476116,0.546850444596644,1.00606400579802,0.3685,0.1999,0.6855,,1398.7,8.2,19.4,17.1,8043.6673341,0.2047410507,9.3,0.195,19.828477131,3,0.327,0.0061484409,0.0072463768
1497,"-91.9219,38.8367",29027,"Missouri, Callaway",0.143897996357013,10.5593798035153,0.0733810064826572,3294,1.00824522121815,1.01013019554962,0.00394656952034001,13,0.000289603243556328,1.02415191411056,1.01087354476116,0.546850444596644,1.00606400579802,0.3981,0.2697,0.483,0.000824255385506472,1593.84,9.5,15.5,47,7314.1792083,0.1817104277,10,0.169,68.98106046,3.7,0.372,0.0437078126,0.0057029562
1498,"-92.7608,38.022",29029,"Missouri, Camden",0.11938151743977,7.24653497762741,0.0607006438939212,2781,1.00822633751033,1.01013019554962,0.0183387270765912,51,0.00111317254174397,1.00573140984274,1.01087354476116,0.546850444596644,1.00606400579802,0.5373,0.2089,0.2945,0.00253192185965295,1803.93,13.9,27.1,63.3,8301.1232767,0.1765021983,9.8,0.118,55.121925992,4,0.233,0.0067881698,0.0066135545
1499,"-89.6844,37.3849",29031,"Missouri, Cape Girardeau",0.122865109794353,8.95203992228867,0.0728607164171524,5738,1.0069881030523,1.01013019554962,0.0155106308818404,89,0.0011301156781329,1.04363693033917,1.01087354476116,0.546850444596644,1.00606400579802,0.4634,0.3922,0.7275,0.00725051744060544,1626.32,8.2,16,146.6,7873.2051186,0.1828698703,11.3,0.133,79.03736823,5,0.319,0.07614948,0.0036697015
1500,"-93.5063,39.4276",29033,"Missouri, Carroll",0.210237659963437,13.1533798467345,0.0625643371840329,547,1.01584470425525,1.01013019554962,0.0146252285191956,8,0.000915017728468489,1.01925902092718,1.01087354476116,0.546850444596644,1.00606400579802,0.7041,0.1503,0.3687,0.00285943040146403,1589.32,10.9,20.8,11.4,8735.7784143,0.1985726415,9.3,0.205,6.9244876424,3,0.376,0.0170422052,0.0029738076
1501,"-90.9605,36.9416",29035,"Missouri, Carter",0.140350877192982,7.92864222001982,0.0564915758176412,342,1.00909390253371,1.01013019554962,0.0175438596491228,6,0.000991080277502478,1,1.01087354476116,0.546850444596644,1.00606400579802,0.7949,0.0519,0.468,,1382.46,17,19.4,11.7,12845.395792,0.2082280052,9.7,0.098,18.525205467,3,0.278,0.0029732408,0.0125536835
1502,"-94.3534,38.6479",29037,"Missouri, Cass",0.190844616376531,8.46084951502563,0.0443337081006917,4653,1.0142234298492,1.01013019554962,0.00881151944981732,41,0.000390647331211769,1.00353374509136,1.01087354476116,0.546850444596644,1.00606400579802,0.1459,0.3989,0.0684,0.00100996627093774,2198.75,7.4,16.1,121.6,6768.4165918,0.1685906274,9.9,0.108,48.267937859,5,0.366,0.0412085295,0.0070983478
1503,"-93.8545,37.7239",29039,"Missouri, Cedar",0.0536480686695279,1.76491351923756,0.0328979879985881,466,1.00310378173141,1.01013019554962,0.0171673819742489,8,0.000564772326156018,1.01925902092718,1.01087354476116,0.546850444596644,1.00606400579802,0.8271,0.0417,0.2018,0.00176491351923756,1119.28,16.1,23.1,26.8,8987.6663122,0.2251925033,9.1,0.077,58.080002735,3.7,0.338,0.003388634,0.0088245676
1504,"-92.9629,39.515",29041,"Missouri, Chariton",0.143884892086331,5.36840692524493,0.0373104281304523,278,1.00740902781791,1.01013019554962,0,0,0,,1.01087354476116,0.546850444596644,1.00606400579802,0.3312,0.0337,0.1767,,1300.64,7.3,23.3,8.5,7323.6810891,0.1942922965,9.4,0.144,16.148647078,3,0.294,0.0237552006,0.0042947255
1505,"-93.1854,36.9712",29043,"Missouri, Christian",0.180410122164049,9.50760493429751,0.0526999528643528,4584,1.01354468676544,1.01013019554962,0.00632635253054101,29,0.00033339848016279,1.027403320897,1.01087354476116,0.546850444596644,1.00606400579802,0.2468,0.2359,0.1248,,1966.14,8.9,15,117.6,6093.6038022,0.1851559859,9.9,0.118,65.42954493,5,0.314,0.007645172,0.0076566685
1506,"-91.7366,40.4104",29045,"Missouri, Clark",0.113095238095238,5.55393159894768,0.0491084478222742,336,1.00520889711624,1.01013019554962,0.0119047619047619,4,0.000584624378836597,1,1.01087354476116,0.546850444596644,1.00606400579802,0.3787,0.2518,0.2986,,1473.52,15.2,20.4,10.8,7161.0974581,0.201257492,10.1,0.147,25.834299436,3,0.296,0.0040923707,0.0024846536
1507,"-94.4185,39.3113",29047,"Missouri, Clay",0.159545204474601,3.53134576745885,0.0221338258275323,5453,1.0111716942018,1.01013019554962,0.0148542086924629,81,0.00032878046800479,1.00914381073454,1.01087354476116,0.546850444596644,1.00606400579802,0.0732,0.5826,0.1442,0.00343392933249447,2334.59,7.4,13.5,550.7,6009.9391959,0.1589509277,10,0.103,310.84400565,5,0.333,0.066523248,0.0064700749
1508,"-94.4047,39.6013",29049,"Missouri, Clinton",0.182238667900092,9.6238397655105,0.0528089887640449,1081,1.01352144476008,1.01013019554962,0.0444033302497687,48,0.00234489496824621,1.003012157342,1.01087354476116,0.546850444596644,1.00606400579802,0.2764,0.1433,0.0786,0.00283341475329751,1760.88,7.9,17.4,39.2,7329.8307301,0.1846007774,9.7,0.139,50.653577644,4,0.332,0.0129457743,0.0070835369
1509,"-92.2786,38.5046",29051,"Missouri, Cole",0.114709268854347,10.3781446950362,0.0904734621594875,6948,1.00576433133779,1.01013019554962,0.00935521013241221,65,0.000846398249908849,1.01150029829051,1.01087354476116,0.546850444596644,1.00606400579802,0.2,0.3789,0.5145,0.00348976509193187,1895.8,8.7,15.4,224.4,6853.6046595,0.181544757,10,0.107,178.91734669,5,0.356,0.1215037242,0.0039064535
1510,"-92.809,38.8445",29053,"Missouri, Cooper",0.120754716981132,9.08935976822132,0.0752712605805829,1325,1.00870506962218,1.01013019554962,0.00754716981132075,10,0.000568084985513833,1.01516534655549,1.01087354476116,0.546850444596644,1.00606400579802,0.4576,0.2187,0.4852,0.00397659489859683,1536.52,9.3,17,26.6,7481.500753,0.1934786561,9.7,0.066,20.169431587,3.7,0.341,0.0698744532,0.0060217008
1511,"-91.3053,37.9766",29055,"Missouri, Crawford",0.14867762687634,8.68222231498101,0.0583962933589348,1399,1.01120798688372,1.01013019554962,0.0100071479628306,14,0.000584380348123722,1,1.01087354476116,0.546850444596644,1.00606400579802,0.9245,0.1741,0.4276,0.0014609508703093,1278.73,17.2,18.7,29.4,10309.505595,0.2291994905,9.8,0.166,90.810322447,3.7,0.403,0.0052594231,0.0069708227
1512,"-93.8503,37.4318",29057,"Missouri, Dade",0.111455108359133,4.75624256837099,0.0426740652662175,323,1.00822514884732,1.01013019554962,0.0247678018575851,8,0.00105694279297133,1,1.01087354476116,0.546850444596644,1.00606400579802,0.8513,0.1859,0.4327,,1258.41,13,22.7,13.9,9151.9532424,0.2131746644,9.2,0.158,20.938752894,3,0.341,0.0046241247,0.0097767208
1513,"-93.0213,37.6811",29059,"Missouri, Dallas",0.0743034055727554,2.86362009306765,0.0385395537525355,646,1.00450284069738,1.01013019554962,0.0201238390092879,13,0.000775563775205823,1.03819186552583,1.01087354476116,0.546850444596644,1.00606400579802,0.6701,0.2305,0.5444,,1157.66,19.3,19.9,24.8,10346.656621,0.2041006191,9.4,0.133,28.156247162,3.7,0.329,0.0032215726,0.0093067653
1514,"-93.9852,39.9615",29061,"Missouri, Daviess",0.171641791044776,8.30025261638398,0.0483579935041501,402,1.01036712599087,1.01013019554962,0.0199004975124378,8,0.000962348129435823,1,1.01087354476116,0.546850444596644,1.00606400579802,0.4637,0.2241,0.6533,,1486.03,15.5,20,12.6,5600.6663022,0.2037434984,9.4,0.073,12.292749918,3,0.454,0.0062552628,0.0048117406
1515,"-94.4048,39.892",29063,"Missouri, DeKalb",0.142235123367199,7.75930324623911,0.0545526524148852,689,1.0105947445371,1.01013019554962,0.02322206095791,16,0.00126682501979414,1.00926242190831,1.01087354476116,0.546850444596644,1.00606400579802,0.507,0.2677,0.8558,,1431.92,7.4,16.5,22.5,8235.0128402,0.2037000034,9.6,0.129,50.385251277,4,0.369,0.1155977831,0.0054631829
1516,"-91.5079,37.6066",29065,"Missouri, Dent",0.151815181518152,5.95816333139045,0.0392461628132893,606,1.00727955742922,1.01013019554962,0.00825082508250825,5,0.00032381322453209,1.03239118471,1.01087354476116,0.546850444596644,1.00606400579802,0.8188,0.0471,0.4123,0.00356194546985299,1255.64,16.3,21.2,19,8963.3807404,0.2208857298,9.4,0.137,56.06792581,3.7,0.222,0.0056991128,0.0113334629
1517,"-92.4991,36.9326",29067,"Missouri, Douglas",0.150684931506849,5.75787033575114,0.0382113213190758,511,1.01325623156371,1.01013019554962,0.0352250489236791,18,0.00134599566290286,1.02638809625704,1.01087354476116,0.546850444596644,1.00606400579802,0.8564,0.1547,0.2047,,1127.51,14.9,23.3,14.6,9797.3400553,0.2218645698,9.5,0.184,27.686134881,3.7,0.306,0.0038884319,0.0085246392
1518,"-90.0912,36.2717",29069,"Missouri, Dunklin",0.0864397622906537,5.43792271352343,0.0629099683920742,1851,1.00584551651577,1.01013019554962,0.0075634792004322,14,0.0004758182374333,1,1.01087354476116,0.546850444596644,1.00606400579802,0.9506,0.6816,0.6316,,1109.9,15,17.9,54,11932.032022,0.2576735325,11.3,0.182,58.542078336,4,0.411,0.1017571288,0.0048261564
1519,"-91.0752,38.4113",29071,"Missouri, Franklin",0.147878572696609,8.03511141120864,0.0543358734445838,5633,1.01090953763218,1.01013019554962,0.0170424285460678,96,0.000926015240667503,1.0076705094895,1.01087354476116,0.546850444596644,1.00606400579802,0.3054,0.1016,0.17,0.0014276068293624,1864.12,8.2,16.5,105.5,9128.7508606,0.1865849698,10.7,0.14,120.38656553,4.3,0.333,0.0095109482,0.0040513167
1520,"-91.5085,38.4395",29073,"Missouri, Gasconade",0.167253521126761,6.46038762325739,0.0386263175790547,568,1.01103475382561,1.01013019554962,0.0475352112676056,27,0.00183611016661,1.01105509534937,1.01087354476116,0.546850444596644,1.00606400579802,0.2659,0.0764,0.0443,0.00163209792587555,1520.83,6.7,21.8,28.2,8831.5853371,0.1845202507,9.9,0.112,59.15062392,3,0.311,0.0053043183,0.0032641959
1521,"-94.4094,40.211",29075,"Missouri, Gentry",0.194174757281553,15.0875075437538,0.0777006638503319,515,1.01284013658245,1.01013019554962,0.0271844660194175,14,0.00211225105612553,1.01064309218431,1.01087354476116,0.546850444596644,1.00606400579802,0.55,0.114,0.4635,0.00528062764031382,1363.32,10.9,19.7,12.7,7715.3845515,0.1899351958,9.3,0.166,28.035545778,3,0.291,0.0057332529,0.0042245021
1522,"-93.3423,37.2576",29077,"Missouri, Greene",0.147184010856826,8.17338818798108,0.055531766938542,16211,1.01072053090243,1.01013019554962,0.0141262105977423,229,0.000784453434638586,1.01108032694074,1.01087354476116,0.546850444596644,1.00606400579802,0.4252,0.4062,0.8087,0.00356943440564806,1641.24,10.4,15.8,495.1,8399.319154,0.195064008,10.1,0.112,299.92097702,5,0.328,0.032762064,0.0077451931
1523,"-93.5651,40.1141",29079,"Missouri, Grundy",0.147899159663866,8.87633649384708,0.0600161387936252,595,1.01182452321685,1.01013019554962,0.0285714285714286,17,0.00171474682267501,1.02812481341586,1.01087354476116,0.546850444596644,1.00606400579802,0.5118,0.4317,0.6759,0.00252168650393383,1390.22,16.2,21.1,23.3,10611.798914,0.1985745345,9.3,0.11,66.16549369,3,0.338,0.0095824087,0.0051442405
1524,"-93.9922,40.3557",29081,"Missouri, Harrison",0.251893939393939,15.8069883527454,0.0627525552650345,528,1.02212757046117,1.01013019554962,0.0132575757575758,7,0.000831946755407654,1.12867293805389,1.01087354476116,0.546850444596644,1.00606400579802,0.6551,0.3935,0.4002,0.00225814119324935,1304.47,13.7,21.9,11.6,8131.2748447,0.20914508,9.2,0.109,23.554630002,3.7,0.317,0.0057047778,0.0061801759
1525,"-93.7929,38.3848",29083,"Missouri, Henry",0.141613924050633,8.2140234948605,0.0580029368575624,1264,1.00901931395789,1.01013019554962,0.0126582278481013,16,0.000734214390602056,1.04195362743721,1.01087354476116,0.546850444596644,1.00606400579802,0.6869,0.1923,0.539,0.0025697503671072,1447.37,11.4,20.9,29.3,9205.15268,0.2060382,9.3,0.109,74.256646063,4,0.313,0.0125734214,0.0073421439
1526,"-93.3203,37.9416",29085,"Missouri, Hickory",0.0918114143920596,3.89105058365759,0.0423809023030813,403,1.0069229981151,1.01013019554962,0.0148883374689826,6,0.000630981175728257,1,1.01087354476116,0.546850444596644,1.00606400579802,0.7745,0.3502,0.1235,,1197.11,16.9,33.5,20.9,11468.565177,0.2041709364,9.2,0.105,11.106696046,3,0.326,0.0059943212,0.0112524976
1527,"-95.2164,40.098",29087,"Missouri, Holt",0.133986928104575,9.30971843778383,0.0694822888283379,306,1.00869827228079,1.01013019554962,0.0163398692810458,5,0.00113533151680291,1.03239118471,1.01087354476116,0.546850444596644,1.00606400579802,0.3363,0.0162,0.256,,1324.07,8.7,23.9,9.2,7843.6000376,0.1865092463,9.6,0.152,23.225137953,3,0.293,0.0031789282,0.0115803815
1528,"-92.6976,39.1436",29089,"Missouri, Howard",0.102836879432624,5.72161388971096,0.0556377626516721,564,1.00703263608028,1.01013019554962,0.00354609929078014,2,0.000197297030679688,1,1.01087354476116,0.546850444596644,1.00606400579802,0.4968,0.262,0.4101,,1661.24,8.6,18,17,8747.7765345,0.1962865553,9.5,0.071,58.823881265,3,0.337,0.0489296636,0.0076945842
1529,"-91.8868,36.7738",29091,"Missouri, Howell",0.232038834951456,11.9273380576904,0.0514023355624314,2060,1.03123299062957,1.01013019554962,0.016504854368932,34,0.000848388062680906,1.01328364254971,1.01087354476116,0.546850444596644,1.00606400579802,0.6911,0.1223,0.6909,0.00346841002096018,1286.56,12.8,19.2,45.7,9109.0755042,0.2189545888,9.9,0.177,36.593995183,4,0.37,0.0051402336,0.0076354926
1530,"-90.7735,37.5549",29093,"Missouri, Iron",0.190972222222222,5.40434312665815,0.0282991058268645,288,1.01583853430855,1.01013019554962,0.00347222222222222,1,9.82607841210573e-05,1,1.01087354476116,0.546850444596644,1.00606400579802,0.8777,0.0519,0.7861,0.00147391176181586,1151.39,12.9,21.3,20.8,11315.782593,0.2200096996,9.8,0.138,39.39101947,3,0.259,0.0146408568,0.0074678196
1531,"-94.3472,39.01",29095,"Missouri, Jackson",0.160329282634261,4.67223660480332,0.0291415050827708,20408,1.01069099058073,1.01013019554962,0.0096530772246178,197,0.000281305199005579,1.00518190222137,1.01087354476116,0.546850444596644,1.00606400579802,0.358,0.8201,0.5479,0.00521057193487999,1871.19,11.6,14.3,1260.1,8820.9210175,0.2005158693,10.4,0.111,370.21992047,5,0.321,0.2326608188,0.0060187889
1532,"-94.3405,37.2035",29097,"Missouri, Jasper",0.0941837409120952,7.0874365860937,0.0752511688053317,9078,1.00647488016397,1.01013019554962,0.0148711169861203,135,0.00111906893464637,1.01221589950921,1.01087354476116,0.546850444596644,1.00606400579802,0.6197,0.6281,0.5813,0.000207234987897477,1482.32,13,14.8,204.2,8947.6160627,0.191765551,10,0.112,110.44271057,5,0.388,0.0204333698,0.0183775987
1533,"-90.5387,38.2593",29099,"Missouri, Jefferson",0.163350865157405,9.55216695565352,0.0584763781106946,13119,1.01078454619565,1.01013019554962,0.00861346139187438,113,0.000503684025193116,1.00648617206528,1.01087354476116,0.546850444596644,1.00606400579802,0.3459,0.2069,0.1547,0.00111880256923427,2036,8.4,14.1,256.1,9149.42363,0.188276909,11.3,0.129,187.65691603,5,0.327,0.0111300797,0.003476757
1534,"-93.8069,38.7472",29101,"Missouri, Johnson",0.119387399930386,6.39305151718482,0.0535487959442332,2873,1.00907186443844,1.01013019554962,0.00765750087017055,22,0.000410049951539551,1.0465440871019,1.01087354476116,0.546850444596644,1.00606400579802,0.4522,0.3206,0.8036,0.00139789756206665,1605.8,8.8,12,63.1,6379.0234396,0.2000215289,9.4,0.106,35.160531476,4,0.336,0.0471184672,0.0063930515
1535,"-92.1478,40.127",29103,"Missouri, Knox",0.05,1.77349885989359,0.0354699771978718,140,1.00309929244648,1.01013019554962,0.00714285714285714,1,0.000253356979984799,1,1.01087354476116,0.546850444596644,1.00606400579802,0.7363,0.0153,0.2235,,1269.71,17.1,21.3,7.5,9394.7661143,0.1938140611,9.5,0.177,29.083072654,3,0.351,0.0053204966,0.0043070687
1536,"-92.5888,37.659",29105,"Missouri, Laclede",0.185067873303167,11.4524122868423,0.0618822277601994,2210,1.01364334583449,1.01013019554962,0.0171945701357466,38,0.00106403830537899,1.02035855033694,1.01087354476116,0.546850444596644,1.00606400579802,0.7478,0.1127,0.6256,0.00162405846610478,1352.84,11.8,17.3,46.6,10052.016084,0.2187336575,9.5,0.152,64.127412198,4,0.313,0.0086803125,0.0075882732
1537,"-93.7808,39.0699",29107,"Missouri, Lafayette",0.136723163841808,7.42376832934536,0.0542978096815756,1770,1.00946895067252,1.01013019554962,0.019774011299435,35,0.00107368550217805,1.02226578920968,1.01087354476116,0.546850444596644,1.00606400579802,0.3089,0.2321,0.5842,0.000981655316277072,1583.36,8.4,18.2,44.8,8342.8414449,0.1866729143,9.5,0.107,37.04097914,4,0.322,0.0205534082,0.0065648199
1538,"-93.8329,37.1063",29109,"Missouri, Lawrence",0.096437054631829,5.29210876195938,0.0548763002163769,2105,1.00597680852692,1.01013019554962,0.0194774346793349,41,0.00106884955290805,1.00716992752008,1.01087354476116,0.546850444596644,1.00606400579802,0.7475,0.5766,0.5333,0.00138168356839334,1408.46,13.6,17.6,55,10419.645833,0.2112511451,9.7,0.119,55.421872931,4,0.329,0.0045621627,0.0115227196
1539,"-91.7207,40.0967",29111,"Missouri, Lewis",0.108108108108108,5.27650938609843,0.0488077118214105,481,1.00515362273132,1.01013019554962,0.00415800415800416,2,0.000202942668696093,1,1.01087354476116,0.546850444596644,1.00606400579802,0.4904,0.1726,0.7771,,1343.85,10.1,18.2,16.1,11213.002095,0.1961946881,10.3,0.177,21.135164417,3,0.334,0.030644343,0.0049720954
1540,"-90.9559,39.0535",29113,"Missouri, Lincoln",0.188685524126456,9.82907464549458,0.0520923620982561,3005,1.01417717838703,1.01013019554962,0.0043261231281198,13,0.000225357972471657,1,1.01087354476116,0.546850444596644,1.00606400579802,0.4022,0.1611,0.276,0.000433380716291648,1698.65,8.4,12.7,71.7,8428.3243486,0.206029638,10.9,0.188,43.283021621,4.3,0.367,0.0191727629,0.0040564435
1541,"-93.107,39.87",29115,"Missouri, Linn",0.151193633952255,4.73539918584365,0.0313200963695273,377,1.01233349684279,1.01013019554962,0.0291777188328912,11,0.000913848965689125,1,1.01087354476116,0.546850444596644,1.00606400579802,0.4105,0.0675,0.1006,0.00448616764974661,1363.54,11.5,20.6,20,11046.867396,0.2044679123,9.3,0.167,16.996180677,3,0.333,0.0083077179,0.0033230871
1542,"-93.5465,39.7811",29117,"Missouri, Livingston",0.105142857142857,6.07421101280866,0.0577710286544302,875,1.00739781411653,1.01013019554962,0.0205714285714286,18,0.00118843258946256,1.01696850489722,1.01087354476116,0.546850444596644,1.00606400579802,0.5127,0.1277,0.4495,0.00165060081869801,1489.4,11.8,20,28.7,7884.0271164,0.1975383711,9.3,0.139,77.267468973,3.7,0.423,0.0371055064,0.0050178265
1543,"-94.3487,36.6287",29119,"Missouri, McDonald",0.0664451827242525,4.33313112054771,0.065213623364243,1505,1.00503585373247,1.01013019554962,0.0112956810631229,17,0.00073663229049311,1.00869827228079,1.01087354476116,0.546850444596644,1.00606400579802,0.7844,0.8052,0.68,,1225.38,19.2,14.9,42.9,9847.945724,0.2304237367,9.7,0.085,27.916509059,4,0.3,0.0204523789,0.0310685501
1544,"-92.5645,39.8305",29121,"Missouri, Macon",0.123056994818653,6.26938560021118,0.0509470071932951,772,1.00723684911113,1.01013019554962,0.00518134715025907,4,0.000263974130535208,1.04195362743721,1.01087354476116,0.546850444596644,1.00606400579802,0.5917,0.1859,0.4514,0.00164983831584505,1310.77,11.4,21.9,17.4,7948.3726754,0.1963345027,9.5,0.086,80.521757769,3.7,0.345,0.0238236653,0.0038936184
1545,"-90.3467,37.4787",29123,"Missouri, Madison",0.136319376825706,11.4867082376108,0.0842632097144733,1027,1.0096842958642,1.01013019554962,0.00973709834469328,10,0.00082047915982934,1.01516534655549,1.01087354476116,0.546850444596644,1.00606400579802,0.6312,0.0793,0.574,0.0118148999015425,1110.23,9.3,18.6,22.9,10437.846363,0.2176786794,10,0.187,14.806231366,3,0.354,0.0054972104,0.0054151625
1546,"-91.9225,38.1619",29125,"Missouri, Maries",0.118932038834951,5.58786634736002,0.0469836925533128,412,1.00567448755603,1.01013019554962,0.00970873786407767,4,0.000456152354886532,1,1.01087354476116,0.546850444596644,1.00606400579802,0.6904,0.1611,0.4129,,1386.45,12.3,20.7,12.2,9349.5172325,0.198907019,9.6,0.161,23.679081259,3,0.357,0.0065001711,0.0078686281
1547,"-91.622,39.806",29127,"Missouri, Marion",0.156844106463878,11.5416899832121,0.0735870173475098,2104,1.0104005141613,1.01013019554962,0.00950570342205323,20,0.000699496362618914,1.01516534655549,1.01087354476116,0.546850444596644,1.00606400579802,0.615,0.1837,0.6033,0.00346250699496363,1501.09,9.8,17.2,71,7365.4219099,0.2039553503,10.4,0.161,160.23673136,4.3,0.36,0.0466913822,0.0024482373
1548,"-93.5683,40.4221",29129,"Missouri, Mercer",0.19047619047619,5.49299642955232,0.0288382312551497,105,1.01906106808688,1.01013019554962,0.00952380952380952,1,0.000274649821477616,1,1.01087354476116,0.546850444596644,1.00606400579802,0.3401,0.0933,0.4374,,1254.69,17.2,20.7,8.8,10087.45317,0.2013636756,9.1,0.075,31.098833786,3,0.241,0.0041197473,0.0054929964
1549,"-92.4261,38.2145",29131,"Missouri, Miller",0.154064809550881,10.6962425007894,0.069426902431323,1759,1.00891862848589,1.01013019554962,0.0176236498010233,31,0.00122355541521945,1.02544558793768,1.01087354476116,0.546850444596644,1.00606400579802,0.6812,0.0369,0.4893,,1475.52,10.7,18.2,36.4,7907.6637266,0.2027778379,9.8,0.085,49.334379084,4,0.389,0.0064335333,0.0063940638
1550,"-89.2951,36.8252",29133,"Missouri, Mississippi",0.164581328200193,12.8224355128974,0.0779094181163767,1039,1.00897595943234,1.01013019554962,0.00769971126082772,8,0.000599880023995201,1.01925902092718,1.01087354476116,0.546850444596644,1.00606400579802,0.951,0.3206,0.8746,,1146.91,13.6,17.1,27.9,12792.640813,0.2705096801,11.4,0.2,65.281380854,3,0.382,0.2446760648,0.0039742052
1551,"-92.5798,38.6357",29135,"Missouri, Moniteau",0.105839416058394,8.99447925066683,0.0849823211959556,1370,1.00576137710872,1.01013019554962,0.0109489051094891,15,0.000930463370758638,1,1.01087354476116,0.546850444596644,1.00606400579802,0.6045,0.4769,0.639,,1489.75,15.4,15.4,31.6,6337.8954057,0.1857453463,9.7,0.114,50.649979084,4,0.422,0.0396997705,0.0040320079
1552,"-92.0004,39.4959",29137,"Missouri, Monroe",0.125842696629213,6.46352723915051,0.0513619575253924,445,1.01036886052373,1.01013019554962,0.0112359550561798,5,0.000577100646352724,1.07570373984278,1.01087354476116,0.546850444596644,1.00606400579802,0.4099,0.2114,0.306,,1312.22,10.8,22,10.6,7445.4773693,0.1806393259,9.7,0.138,45.659309121,3,0.308,0.0264312096,0.0060018467
1553,"-91.47,38.9402",29139,"Missouri, Montgomery",0.151960784313725,5.37541182590602,0.0353736778220912,408,1.01445643082402,1.01013019554962,0.0147058823529412,6,0.000520201144442518,1,1.01087354476116,0.546850444596644,1.00606400579802,0.6146,0.0885,0.3973,,1344.39,9.8,20.1,18.3,10162.50879,0.2073084151,10,0.132,84.961375911,3,0.274,0.0166464366,0.0028611063
1554,"-92.8879,38.4182",29141,"Missouri, Morgan",0.172734314484895,10.9539247470282,0.0634148737597013,1291,1.01366399497339,1.01013019554962,0.010844306738962,14,0.000687690342862757,1.01064309218431,1.01087354476116,0.546850444596644,1.00606400579802,0.7525,0.1697,0.5463,,1225.85,22.8,23.4,31.8,10003.778369,0.2178167502,9.6,0.029,31.848978026,3,0.351,0.0079084389,0.0084487671
1555,"-89.6607,36.5967",29143,"Missouri, New Madrid",0.076714188730482,6.53330249768733,0.0851641998149861,1473,1.00555238290962,1.01013019554962,0.0176510522742702,26,0.00150323774283071,1.01150029829051,1.01087354476116,0.546850444596644,1.00606400579802,0.9392,0.3868,0.5934,,1214.26,16.3,18.2,28.2,12632.042543,0.2522816015,11.3,0.148,28.012366073,4,0.358,0.1561054579,0.0027752081
1556,"-94.3394,36.9052",29145,"Missouri, Newton",0.0582831802343997,3.15793086877424,0.0541825421343494,3157,1.00409354519948,1.01013019554962,0.0123535001583782,39,0.000669344042838019,1.0037176772541,1.01087354476116,0.546850444596644,1.00606400579802,0.4118,0.5403,0.4422,0.00743143514227852,1541.44,13,17.5,92.8,8720.9459546,0.201383502,10,0.104,85.643316824,5,0.29,0.0091820273,0.0259156283
1557,"-94.8813,40.3608",29147,"Missouri, Nodaway",0.0859375,8.38414634146342,0.0975609756097561,2176,1.00461392497694,1.01013019554962,0.0078125,17,0.00076219512195122,1.02812481341586,1.01087354476116,0.546850444596644,1.00606400579802,0.5315,0.1706,0.5384,0.00363163558106169,1417.44,8.2,14.5,27.3,5824.1048617,0.2010424766,9.4,0.087,13.110977568,3.7,0.351,0.0294117647,0.0039903156
1558,"-91.4034,36.6871",29149,"Missouri, Oregon",0.210970464135021,9.48676596148373,0.0449672706574329,474,1.02381563029645,1.01013019554962,0.00421940928270042,2,0.000189735319229675,1,1.01087354476116,0.546850444596644,1.00606400579802,0.7401,0.0592,0.171,,984.21,17.3,23.6,12.6,11503.397618,0.2163162119,9.7,0.09,34.80018304,3,0.306,0.004174177,0.0147044872
1559,"-91.8614,38.4604",29151,"Missouri, Osage",0.111954459203036,8.60434592387342,0.0768557678284964,1054,1.00596809713273,1.01013019554962,0.00569259962049336,6,0.000437509114773224,1.05963402266705,1.01087354476116,0.546850444596644,1.00606400579802,0.2038,0.0232,0.1691,,1565.35,5.3,16.7,20.4,6395.1746631,0.1744780122,9.8,0.204,51.980616367,3,0.292,0.0036459093,0.003937582
1560,"-92.4446,36.6492",29153,"Missouri, Ozark",0.132352941176471,4.99057336142841,0.037706554286348,340,1.01281755032325,1.01013019554962,0.0117647058823529,4,0.000443606521015859,1.04195362743721,1.01087354476116,0.546850444596644,1.00606400579802,0.8997,0.0252,0.3906,,1018.81,14.1,26.9,11.2,10574.267998,0.2237937388,9.4,0.095,7.0166491456,2.3,0.241,0.0019962293,0.0107574581
1561,"-89.7874,36.2131",29155,"Missouri, Pemiscot",0.0946398659966499,6.94444444444444,0.0733775811209439,1194,1.00525344911401,1.01013019554962,0.0159128978224456,19,0.00116764995083579,1,1.01087354476116,0.546850444596644,1.00606400579802,0.9688,0.4241,0.6199,0.0102630285152409,1133.19,13.7,16.2,32.2,13773.708266,0.2501550294,11,0.196,24.578529241,3.7,0.363,0.257313176,0.0049778761
1562,"-89.8274,37.7066",29157,"Missouri, Perry",0.0890207715133531,7.83289817232376,0.0879895561357702,1685,1.00457605362455,1.01013019554962,0.00890207715133531,15,0.000783289817232376,1.03239118471,1.01087354476116,0.546850444596644,1.00606400579802,0.3338,0.0544,0.2499,0.00130548302872063,1611.44,5.9,17.5,42.2,7182.659091,0.1917880296,10.8,0.086,53.374245992,4,0.374,0.0060574413,0.0057963446
1563,"-93.2847,38.728",29159,"Missouri, Pettis",0.240646258503401,19.9567486248883,0.0829298105401721,3528,1.02490056477017,1.01013019554962,0.0107709750566893,38,0.000893234920784166,1.00775379492937,1.01087354476116,0.546850444596644,1.00606400579802,0.7051,0.6721,0.6412,0.00340839640825537,1451.83,13.4,16.2,65.1,8301.0691876,0.2155263947,9.5,0.153,142.81370358,4,0.37,0.0302994688,0.0076865216
1564,"-91.7935,37.8774",29161,"Missouri, Phelps",0.165016501650165,7.82437628543325,0.0474157202897255,2121,1.00973006649771,1.01013019554962,0.0282885431400283,60,0.00134132164893141,1.02638809625704,1.01087354476116,0.546850444596644,1.00606400579802,0.6978,0.4164,0.8265,0.0054099973173567,1581.1,8.8,15.4,70.9,9474.7858356,0.2028756324,9.7,0.115,176.88000833,4.3,0.351,0.0211928821,0.0084056157
1565,"-91.1698,39.3431",29163,"Missouri, Pike",0.176151761517615,10.538261997406,0.0598249027237354,1107,1.01049269437758,1.01013019554962,0.00993676603432701,11,0.000594466061392131,1.01370885629547,1.01087354476116,0.546850444596644,1.00606400579802,0.5895,0.3645,0.6794,0.00135105923043666,1452.55,10.8,16.8,25.1,8647.3100983,0.2118311082,10.4,0.156,35.001066752,3.7,0.372,0.0777669693,0.0023778642
1566,"-94.7707,39.3815",29165,"Missouri, Platte",0.164646464646465,3.1655095402243,0.0192261008884789,1980,1.0092818416313,1.01013019554962,0.00858585858585859,17,0.00016507258338593,1,1.01087354476116,0.546850444596644,1.00606400579802,0.0213,0.5638,0.1254,0.000941884740496189,2588.25,6.2,13.9,230.8,5605.0677545,0.1798841385,10.2,0.115,292.10465139,4.3,0.3,0.0712142545,0.0056124678
1567,"-93.3983,37.6162",29167,"Missouri, Polk",0.148423005565863,7.45318468370547,0.0502158318064656,1617,1.00954211640998,1.01013019554962,0.00927643784786642,15,0.000465824042731592,1,1.01087354476116,0.546850444596644,1.00606400579802,0.5605,0.1433,0.823,0.00267072451166113,1329.65,12.4,17.7,46.4,7627.3164577,0.207425614,9.5,0.129,51.043340495,4,0.382,0.0090680414,0.0073289649
1568,"-92.2078,37.8246",29169,"Missouri, Pulaski",0.249302325581395,10.3049179067174,0.041335025185527,2150,1.01471645593391,1.01013019554962,0.0111627906976744,24,0.000461414234629138,1,1.01087354476116,0.546850444596644,1.00606400579802,0.6363,0.6336,0.7323,0.000884377283039182,1565.65,10.4,8.3,106.7,8119.2680976,0.2024168858,9.6,0.077,50.293563519,4,0.324,0.1114123121,0.0118237398
1569,"-93.0204,40.4794",29171,"Missouri, Putnam",0.112994350282486,4.20433046037418,0.0372083245743115,177,1.00162471251043,1.01013019554962,0.00564971751412429,1,0.000210216523018709,1,1.01087354476116,0.546850444596644,1.00606400579802,0.5911,0.241,0.2537,0.00315324784528064,1102.19,16,23.7,8.4,10450.465351,0.2160429318,9.1,0.139,26.186475318,3,0.289,0.0018919487,0.0021021652
1570,"-91.5184,39.5282",29173,"Missouri, Ralls",0.166371681415929,9.20485703094399,0.0553270661966314,565,1.01054484749389,1.01013019554962,0.00353982300884956,2,0.000195848021934978,1,1.01087354476116,0.546850444596644,1.00606400579802,0.3854,0.0866,0.0436,,1628.89,9.3,20.4,17.9,6193.4180441,0.1850585956,10.2,0.091,44.211298597,3,0.303,0.0140031336,0.0023501763
1571,"-92.4971,39.4401",29175,"Missouri, Randolph",0.164335664335664,9.48996486693858,0.0577474457860518,1430,1.00997694063671,1.01013019554962,0.00769230769230769,11,0.000444211121431167,1.02908210240756,1.01087354476116,0.546850444596644,1.00606400579802,0.6774,0.163,0.7256,0.00403828292210152,1433.46,10,15.9,49.6,8695.431523,0.2159321942,9.6,0.153,24.093053997,4,0.404,0.0546379679,0.0055324476
1572,"-93.9891,39.3537",29177,"Missouri, Ray",0.202298850574713,7.69129921775991,0.0380194904514268,870,1.01405889405089,1.01013019554962,0.00689655172413793,6,0.000262203382423633,1,1.01087354476116,0.546850444596644,1.00606400579802,0.464,0.1047,0.1901,0.00148581916706726,1617.82,10.6,17.6,31.4,9366.9383202,0.1950833818,9.4,0.146,12.768273488,4,0.351,0.0131538697,0.0063365817
1573,"-90.9701,37.3609",29179,"Missouri, Reynolds",0.122549019607843,3.99744163735209,0.0326191237607931,204,1.00573140984274,1.01013019554962,0.00980392156862745,2,0.000319795330988168,1,1.01087354476116,0.546850444596644,1.00606400579802,0.8175,0.0637,0.4027,,1288.56,12.4,22.1,9.3,10087.875439,0.205913665,9.5,0.137,10.305074239,3,0.316,0.0102334506,0.0110329389
1574,"-90.8599,36.6546",29181,"Missouri, Ripley",0.146911519198664,6.56667412879636,0.0446981568539661,599,1.00686235140151,1.01013019554962,0.013355592654424,8,0.000596970375345124,1,1.01087354476116,0.546850444596644,1.00606400579802,0.9226,0.107,0.3432,0.00156704723528095,1099.09,14.3,19.8,20.4,13345.01646,0.2385362393,10.2,0.19,19.599547875,3,0.364,0.0058950825,0.0097753899
1575,"-90.6666,38.7788",29183,"Missouri, St. Charles",0.1547482958635,9.15622447905968,0.0591684995816445,23619,1.0105702301385,1.01013019554962,0.00990727803886701,234,0.000586198776497938,1.009509125077,1.01087354476116,0.546850444596644,1.00606400579802,0.0188,0.3801,0.1213,0.00179116292818814,2706.38,4.9,14.2,589.7,5871.088027,0.1612922479,11.7,0.079,262.20616288,5,0.298,0.0499321112,0.0024424949
1576,"-93.7763,38.037",29185,"Missouri, St. Clair",0.147959183673469,6.17349654071314,0.0417243214475785,392,1.00712287933366,1.01013019554962,0.0076530612244898,3,0.000319318786588611,1.16993081275869,1.01087354476116,0.546850444596644,1.00606400579802,0.6369,0.0471,0.4747,0.00127727514635444,1179.2,12.3,26.7,13.2,7401.3299303,0.207671741,9.1,0.139,20.945129014,3,0.367,0.0058541778,0.0087280468
1577,"-90.195,37.8909",29186,"Missouri, Ste. Genevieve",0.1536,10.7334525939177,0.0698792486583184,1250,1.00961664111298,1.01013019554962,0.0016,2,0.000111806797853309,1,1.01087354476116,0.546850444596644,1.00606400579802,0.3669,0.0866,0.0974,0.00262745974955277,1542.66,5.7,18.5,30.8,6836.1868581,0.1937015216,10.6,0.13,22.810454965,4,0.347,0.0083855098,0.0032423971
1578,"-90.476,37.8121",29187,"Missouri, St. Francois",0.116518402232688,10.0161938463384,0.0859623343129611,5733,1.00909319753575,1.01013019554962,0.00889586603872318,51,0.000764709410424039,1.01173663018751,1.01087354476116,0.546850444596644,1.00606400579802,0.6914,0.2353,0.9112,0.00199424218796857,1386.94,10.6,15.8,139.9,9846.0016689,0.2220081864,10.3,0.094,87.120594267,5,0.386,0.0454177413,0.0043933305
1579,"-90.4458,38.6377",29189,"Missouri, St. Louis",0.145525680512778,8.76778558496206,0.0602490608809914,60065,1.01036291111609,1.01013019554962,0.0191958711395988,1153,0.00115653320895335,1.00700684791742,1.01087354476116,0.546850444596644,1.00606400579802,0.1277,0.7431,0.3273,0.00489796327781372,2576.32,6.7,17.3,2124,7988.917825,0.1571373411,12.1,0.113,577.58592033,5,0.279,0.2466033733,0.0021495669
1580,"-93.2026,39.1373",29195,"Missouri, Saline",0.103624009060023,7.9930115745796,0.077134745577637,1766,1.0087084722795,1.01013019554962,0.00792751981879955,14,0.000611487224284778,1.02226578920968,1.01087354476116,0.546850444596644,1.00606400579802,0.5981,0.7545,0.8739,0.00327582441581131,1407.29,8.7,17.8,29.5,7229.2995782,0.2027650786,9.6,0.115,22.121232882,3.7,0.358,0.0513649268,0.009215986
1581,"-92.5231,40.4692",29197,"Missouri, Schuyler",0.138157894736842,4.5662100456621,0.0330506631876495,152,1.00976933473607,1.01013019554962,0.00657894736842105,1,0.000217438573602957,1,1.01087354476116,0.546850444596644,1.00606400579802,0.6213,0.0261,0.212,,1257.29,17.1,19.3,11.5,6728.5815743,0.205777961,9.3,0.136,39.976071968,3,0.309,0.0013046314,0.0032615786
1582,"-92.1471,40.4521",29199,"Missouri, Scotland",0.111650485436893,4.63149416028997,0.0414820781312928,206,1.00351634800124,1.01013019554962,0.00970873786407767,2,0.000402738622633911,1.10408951367381,1.01087354476116,0.546850444596644,1.00606400579802,0.6885,0.0226,0.7004,0.00503423278292388,1515.72,35.4,18.2,10,6923.625861,0.2111973445,9.5,0.087,26.609855628,3,0.321,0.0010068466,0.0034232783
1583,"-89.5647,37.0559",29201,"Missouri, Scott",0.133093525179856,10.5829736335743,0.0795153154090176,3058,1.00691442353698,1.01013019554962,0.0147155003270111,45,0.00117010764990379,1.00990485606307,1.01087354476116,0.546850444596644,1.00606400579802,0.7111,0.4333,0.6017,0.00374434447969213,1466.23,12.1,17.5,92.2,10533.826575,0.2240641182,11.5,0.165,52.732517706,4.3,0.355,0.1191169588,0.0039263612
1584,"-91.4019,37.1577",29203,"Missouri, Shannon",0.0984042553191489,4.51825619733789,0.0459152521675418,376,1.00865037587617,1.01013019554962,0.023936170212766,9,0.00109903529124435,1,1.01087354476116,0.546850444596644,1.00606400579802,0.9022,0.0637,0.2888,,1042.94,17,20.7,7.6,9513.1065476,0.2375526419,9.4,0.137,24.208807153,3,0.349,0.0041519111,0.0125778483
1585,"-92.0763,39.7974",29205,"Missouri, Shelby",0.211538461538462,9.09090909090909,0.0429752066115702,260,1.00793850056176,1.01013019554962,0.00384615384615385,1,0.000165289256198347,1,1.01087354476116,0.546850444596644,1.00606400579802,0.4239,0.1681,0.3712,,1249.24,12.9,20.4,11.3,10710.71844,0.1936112007,9.7,0.076,26.605112855,3,0.287,0.0085950413,0.0051239669
1586,"-89.9444,36.8557",29207,"Missouri, Stoddard",0.13034188034188,8.35444771622269,0.0640964185441348,1872,1.00698284417765,1.01013019554962,0.0133547008547009,25,0.00085598849551462,1.00584875104734,1.01087354476116,0.546850444596644,1.00606400579802,0.7398,0.0544,0.2445,0.00164349791138807,1273.79,11.6,19.5,33.7,9398.4242632,0.2107352141,11.3,0.157,49.854939881,4,0.356,0.0122919948,0.005135931
1587,"-93.4526,36.75",29209,"Missouri, Stone",0.159025787965616,6.99234621562884,0.0439698888153958,1396,1.01056356157923,1.01013019554962,0.0143266475644699,20,0.000629941100507103,1.00735452613864,1.01087354476116,0.546850444596644,1.00606400579802,0.5169,0.107,0.4438,,1442.28,9.8,29.7,56.8,10913.53889,0.1851353286,9.8,0.128,27.891343734,5,0.311,0.0035906643,0.0085042049
1588,"-93.1115,40.2099",29211,"Missouri, Sullivan",0.0472972972972973,4.50088410223437,0.0951615495900981,592,1.00317705865984,1.01013019554962,0.0135135135135135,8,0.00128596688635268,1.04195362743721,1.01087354476116,0.546850444596644,1.00606400579802,0.6115,0.8093,0.4944,0.00401864651985211,1335.16,14.6,20.2,9.8,8449.6249219,0.1984301812,9.3,0.212,10.768729282,3,0.308,0.0326314097,0.0102877351
1589,"-93.0408,36.6547",29213,"Missouri, Taney",0.163727219282775,9.97278521807634,0.0609109790159708,3402,1.01114683431395,1.01013019554962,0.0135214579659024,46,0.000823605242426413,1.02386309509196,1.01087354476116,0.546850444596644,1.00606400579802,0.6513,0.4422,0.9526,0.00281100050132493,1435.06,17,20.8,91.7,9151.5566765,0.2077652829,9.8,0.101,73.701655002,5,0.288,0.0142340471,0.01031297
1590,"-91.9656,37.3173",29215,"Missouri, Texas",0.156552330694811,6.96101051972938,0.0444644323647882,1137,1.01171229067765,1.01013019554962,0.00879507475813544,10,0.00039106800672637,1,1.01087354476116,0.546850444596644,1.00606400579802,0.9185,0.2483,0.6797,0.00258104884439404,1144.67,16.4,20.1,20.3,9142.1895572,0.229218501,9.6,0.142,23.987707864,3.7,0.31,0.0367603926,0.0089945642
1591,"-94.3413,37.8458",29217,"Missouri, Vernon",0.172670807453416,6.77123928293063,0.0392147310989868,805,1.00882139893595,1.01013019554962,0.0161490683229814,13,0.000633281371784879,1.03819186552583,1.01087354476116,0.546850444596644,1.00606400579802,0.4207,0.135,0.617,0.00345869056897896,1452.39,13.9,18.4,24.8,10820.010621,0.2059681482,9.4,0.063,62.555857921,3.7,0.281,0.0095479345,0.0081352299
1592,"-91.1612,38.7653",29219,"Missouri, Warren",0.123376623376623,4.92639220996226,0.0399297052807467,1386,1.00819891621082,1.01013019554962,0.00216450216450216,3,8.64279335081098e-05,1,1.01087354476116,0.546850444596644,1.00606400579802,0.458,0.2728,0.3181,,1760.01,8.8,17.3,65.2,8637.9361682,0.1952760063,10.5,0.073,77.957933308,4,0.361,0.0222407882,0.006021146
1593,"-90.8795,37.9613",29221,"Missouri, Washington",0.121512709237446,7.85791604859079,0.0646674417672293,1613,1.00663813291556,1.01013019554962,0.0173589584624923,28,0.00112255943551297,1.00520889711624,1.01087354476116,0.546850444596644,1.00606400579802,0.9414,0.0885,0.7695,0.00100228521027944,1218.93,13.4,15.9,28.7,11721.252871,0.2226173624,9.9,0.12,30.583056282,4,0.314,0.0244156677,0.0048510604
1594,"-90.46,37.113",29223,"Missouri, Wayne",0.147313691507799,6.47767108672458,0.0439719554945892,577,1.01112520526649,1.01013019554962,0.00519930675909879,3,0.000228623685413809,1,1.01087354476116,0.546850444596644,1.00606400579802,0.9653,0.0675,0.6323,,1101.72,14.8,22.8,17.2,11486.733117,0.2356356537,10.1,0.13,19.681061389,3,0.339,0.0076207895,0.0053345527
1595,"-92.8763,37.2814",29225,"Missouri, Webster",0.127934834690944,6.82707305223861,0.0533636758802322,2087,1.00982094166173,1.01013019554962,0.0138955438428366,29,0.000741517297808689,1.01026070714042,1.01087354476116,0.546850444596644,1.00606400579802,0.6322,0.4088,0.8335,,1534.66,15.1,15.2,53.9,7344.7245001,0.2236314703,9.6,0.137,58.208648641,4,0.275,0.0102278248,0.0079777033
1596,"-94.4233,40.4795",29227,"Missouri, Worth",0.300970873786408,15.1960784313725,0.0504901960784314,103,1.02273928002313,1.01013019554962,0,0,0,,1.01087354476116,0.546850444596644,1.00606400579802,0.4936,0.0131,0.1862,,1428.63,6.9,24.1,7,15533.121345,0.1901334686,9,0.224,1.083698072,3,0.254,0.0093137255,0.0034313725
1597,"-92.4691,37.2703",29229,"Missouri, Wright",0.142217245240761,6.91043639133747,0.0485907062792469,893,1.01085469309052,1.01013019554962,0.019036954087346,17,0.00092501904450974,1.01804126125684,1.01087354476116,0.546850444596644,1.00606400579802,0.9248,0.3114,0.6963,,1152.57,18.8,19.5,24.9,11932.506937,0.2482780858,9.5,0.16,49.539778004,4,0.292,0.0053868756,0.007073675
1598,"-90.2435,38.6356",29510,"Missouri, St. Louis City",0.134499799652731,6.6504203567584,0.0494455781639028,14974,1.01003637131416,1.01013019554962,0.0180312541739014,270,0.000891565787648842,1.0070743161698,1.01087354476116,0.546850444596644,1.00606400579802,0.7121,0.8828,0.7985,0.0111511765366301,1577.98,11.7,12.6,6440.1,13079.299418,0.2460123418,11.5,0.115,870.8095931,4.3,0.344,0.4555934196,0.0030874593
1599,"-112.8985,45.1343",30001,"Montana, Beaverhead",0.15929203539823,11.4844746916206,0.072096980008507,678,1.01568929112957,1.01105115460505,0.0103244837758112,7,0.000744364100382816,1.12867293805389,1.0152047505594,0.67994408385539,1.0059840750925,0.2424,0.447,0.5094,0.00265844321565291,1761.98,9,21.2,1.7,5050.9262305,0.1461220347,7.3,0.078,55.120283372,3,0.267,0.0032964696,0.0192471289
1600,"-107.4923,45.4234",30003,"Montana, Big Horn",0.0739583333333333,10.6462738041685,0.143949617633828,1920,1.00393010930926,1.01105115460505,0.0296875,57,0.00427350427350427,1.01889460922101,1.0152047505594,0.67994408385539,1.0059840750925,0.892,0.8322,0.4862,0.00457339931024142,1620.04,37.9,11.8,2.7,20451.041587,0.2893644287,6,0.146,30.506454211,3,0.379,0.0038236617,0.6603688709
1601,"-108.9583,48.4318",30005,"Montana, Blaine",0.0891608391608392,7.49228735125606,0.084031144410166,572,1.0071957292347,1.01105115460505,0.034965034965035,20,0.00293815190245336,1.01516534655549,1.0152047505594,0.67994408385539,1.0059840750925,0.8898,0.4511,0.9153,,1214.53,17.9,14.6,1.5,12508.748684,0.2604204289,5.7,0.136,13.738928765,2.3,0.391,0.0038195975,0.5008079918
1602,"-111.4956,46.3328",30007,"Montana, Broadwater",0.219123505976096,9.03861955628595,0.0412489728841413,251,1.01901064323331,1.01105115460505,0.00398406374501992,1,0.000164338537387017,1,1.0152047505594,0.67994408385539,1.0059840750925,0.1583,0.135,0.0232,0.00723089564502876,1742.25,6.5,23.1,4.1,6197.4362553,0.1528703608,6,0.088,50.593713147,3,0.34,0.0037797864,0.0167625308
1603,"-109.0274,45.2285",30009,"Montana, Carbon",0.101538461538462,6.16016427104723,0.0606682844875863,650,1.00747110461105,1.01105115460505,0.0107692307692308,7,0.000653350756020161,1.02226578920968,1.0152047505594,0.67994408385539,1.0059840750925,0.0892,0.3177,0.022,0.000933358222885944,1711.12,7.5,24.2,4.4,6990.3637101,0.1440672961,5.4,0.061,30.898384789,3.3,0.275,0.0054134777,0.0127870077
1604,"-104.5396,45.5198",30011,"Montana, Carter",0.145038167938931,15.3473344103393,0.105815831987076,131,1.00904249107074,1.01105115460505,0.0305343511450382,4,0.00323101777059774,1,1.0152047505594,0.67994408385539,1.0059840750925,0.1242,0.0083,0.2165,0.0250403877221325,1793.15,17.9,25.4,0.3,,0.1445730294,5.2,0.121,1.2044608666,,0.335,0.0008077544,0.0088852989
1605,"-111.3468,47.308",30013,"Montana, Cascade",0.172125668449198,12.6159009345565,0.0732947098955207,5984,1.01217420258173,1.01105115460505,0.0135360962566845,81,0.000992124248251534,1.00914381073454,1.0152047505594,0.67994408385539,1.0059840750925,0.2452,0.2875,0.8564,0.0053403231140453,1732.72,8.8,17.9,30.5,7298.5505148,0.1683570847,5.8,0.089,229.4441866,3.3,0.273,0.0150655904,0.0493857404
1606,"-110.4353,47.8808",30015,"Montana, Chouteau",0.13015873015873,7.13664055700609,0.0548302872062663,315,1.00795708384136,1.01105115460505,0.00952380952380952,3,0.000522193211488251,1,1.0152047505594,0.67994408385539,1.0059840750925,0.4264,0.6049,0.6173,0.0142732811140122,1471.37,15,19.3,1.3,6912.1899229,0.1945985832,5.7,0.098,8.4734523456,2.3,0.289,0.001740644,0.1907745866
1607,"-105.5738,46.2532",30017,"Montana, Custer",0.151095732410611,11.3067495252891,0.0748316934230968,867,1.01300926292886,1.01105115460505,0.00922722029988466,8,0.000690488520628345,1.01925902092718,1.0152047505594,0.67994408385539,1.0059840750925,0.0914,0.2677,0.6593,0.00776799585706888,1586.45,6.6,18.7,3.1,5894.1295812,0.1520074476,5.7,0.11,142.06437854,3.7,0.328,0.0046607975,0.0235629208
1608,"-105.5476,48.7842",30019,"Montana, Daniels",0.182481751824818,14.3102461362335,0.0784201488265598,137,1.0064181662416,1.01105115460505,0.0364963503649635,5,0.00286204922724671,1.03239118471,1.0152047505594,0.67994408385539,1.0059840750925,0.0048,0.078,0.0869,0.0309101316542645,1774.03,6.5,26.9,1.2,7717.5265608,0.1342179688,6,0.186,21.667486262,,0.268,0.0034344591,0.0291929021
1609,"-104.8944,47.2658",30021,"Montana, Dawson",0.255369928400955,24.6543778801843,0.0965437788018433,838,1.02090792035925,1.01105115460505,0.0190930787589499,16,0.00184331797235023,1.01925902092718,1.0152047505594,0.67994408385539,1.0059840750925,0.0363,0.1009,0.5285,0.0110599078341014,1717.45,6.3,17.9,3.7,4842.0387778,0.1445488617,5.6,0.084,98.671748198,3,0.29,0.0043778802,0.0239631336
1610,"-113.0734,46.0595",30023,"Montana, Deer Lodge",0.0975,8.54232833205563,0.0876136239185193,800,1.0064113069809,1.01105115460505,0.0125,10,0.00109517029898149,1,1.0152047505594,0.67994408385539,1.0059840750925,0.4424,0.1369,0.8128,0.00952798160113898,1475.72,7.9,22.2,12.3,9949.0393684,0.1876629567,7.4,0.145,1.9475412812,2,0.287,0.0041616471,0.0393166137
1611,"-104.4184,46.3348",30025,"Montana, Fallon",0.0727969348659004,6.50684931506849,0.0893835616438356,261,1.00332793419842,1.01105115460505,0.00383141762452107,1,0.000342465753424658,1,1.0152047505594,0.67994408385539,1.0059840750925,0.0268,0.0755,0.1471,0.0136986301369863,1933.53,7.1,17.6,2,6947.7956387,0.1349986768,5.2,0.095,54.309470569,3,0.351,0.0017123288,0.0089041096
1612,"-109.2245,47.2633",30027,"Montana, Fergus",0.221526908635795,15.9272923602987,0.0718977773778458,799,1.01660536652062,1.01105115460505,0.0150187734668335,12,0.00107981643120669,1.10408951367381,1.0152047505594,0.67994408385539,1.0059840750925,0.1688,0.0885,0.7291,0.00809862323405021,1692.12,12.4,22.7,2.6,6500.1812681,0.1464997543,4.8,0.119,106.86928476,3,0.308,0.0023396023,0.0169171241
1613,"-114.0521,48.2958",30029,"Montana, Flathead",0.157907876669579,12.3890858519578,0.0784576812332282,8011,1.0119852386383,1.01105115460505,0.00549244788415928,44,0.000430924725285488,1.01738190700167,1.0152047505594,0.67994408385539,1.0059840750925,0.1478,0.1656,0.3098,0.00226235480774881,1953.74,9.7,18.2,19.6,6259.2059764,0.1583357938,8.9,0.071,123.68840037,3,0.219,0.0027324545,0.0135643351
1614,"-111.1693,45.5449",30031,"Montana, Gallatin",0.134856736916884,10.1809145840037,0.0754942972576781,8446,1.00853842395123,1.01105115460505,0.00355197726734549,30,0.000268154027673496,1.03239118471,1.0152047505594,0.67994408385539,1.0059840750925,0.0768,0.2372,0.4486,0.000804462083020487,2172.56,8.3,11.8,42.6,4171.4552415,0.1437268088,7.1,0.044,110.63606322,3.3,0.17,0.0041653259,0.0103239301
1615,"-107.0002,47.2755",30033,"Montana, Garfield",0.0447761194029851,2.36593059936909,0.0528391167192429,67,1.00215057737634,1.01105115460505,0.0298507462686567,2,0.00157728706624606,1,1.0152047505594,0.67994408385539,1.0059840750925,0.0459,0,0.1054,0.0189274447949527,1623.45,12.5,19.8,0.3,,0.1468980363,5.2,0.111,12.283220818,,0.269,0.0039432177,0.0055205047
1616,"-112.9934,48.7051",30035,"Montana, Glacier",0.0369458128078818,3.27344147814069,0.0886011493416746,1218,1.00284706726514,1.01105115460505,0.0180623973727422,22,0.001600349167091,1.0066678482933,1.0152047505594,0.67994408385539,1.0059840750925,0.8545,0.5778,0.9596,0.00283698261438859,1248.22,38.2,11.4,4.5,17636.882108,0.3059191378,6.6,0.156,26.419870663,2,0.369,0.00254601,0.6463955772
1617,"-109.1769,46.3816",30037,"Montana, Golden Valley",0.225806451612903,8.47457627118644,0.0375302663438257,31,1.03120724363343,1.01105115460505,0,0,0,,1.0152047505594,0.67994408385539,1.0059840750925,0.2417,0.283,0.0054,,1234.9,11.9,25,0.6,,0.1554080208,4.8,0.056,30.639824193,,0.262,0.0060532688,0.0169491525
1618,"-113.4414,46.4061",30039,"Montana, Granite",0.16,7.10479573712256,0.044404973357016,150,1.01093959898792,1.01105115460505,0.00666666666666667,1,0.00029603315571344,1,1.0152047505594,0.67994408385539,1.0059840750925,0.1844,0.0201,0.1299,0.00266429840142096,1610.97,10.2,28.6,1.9,5600.4731758,0.141929136,6.7,0.108,46.943585555,3,0.231,0.0053285968,0.007696862
1619,"-110.1129,48.6288",30041,"Montana, Hill",0.110363391655451,10.0324218511042,0.0909035296996391,1486,1.00671394072179,1.01105115460505,0.0195154777927322,29,0.00177402581513428,1.00502563202403,1.0152047505594,0.67994408385539,1.0059840750925,0.6688,0.3754,0.6122,0.00299749189453722,1449.46,8,14.3,5.8,9359.1784241,0.2291344156,6.1,0.105,45.898490522,2.3,0.381,0.0045879978,0.2429803634
1620,"-112.0944,46.1491",30043,"Montana, Jefferson",0.263322884012539,13.8877407621724,0.0527403488468215,638,1.02089972271162,1.01105115460505,0.00156739811912226,1,8.26651235843598e-05,1,1.0152047505594,0.67994408385539,1.0059840750925,0.1143,0.0917,0.1328,,2114.81,6.9,20.1,5.9,5994.5262998,0.1451936762,7.3,0.071,35.401105156,3,0.265,0.0035546003,0.0181863272
1621,"-110.2661,47.0458",30045,"Montana, Judith Basin",0.23943661971831,8.70901639344262,0.0363729508196721,71,1.01048676686507,1.01105115460505,0,0,0,,1.0152047505594,0.67994408385539,1.0059840750925,0.1564,0.0287,0.0226,,1614.07,6.9,20.8,1,3363.1587399,0.1498125135,4.5,0.092,11.707624196,2.3,0.312,0.0005122951,0.0097336066
1622,"-114.0898,47.6451",30047,"Montana, Lake",0.184723304754482,7.83471074380165,0.0424132231404959,1283,1.0151276738887,1.01105115460505,0.0124707716289945,16,0.000528925619834711,1.01925902092718,1.0152047505594,0.67994408385539,1.0059840750925,0.5939,0.5702,0.4253,0.00419834710743802,1664.49,16.3,20.8,18.1,9607.0045233,0.1952538709,8.8,0.094,50.645653799,2.3,0.29,0.0050247934,0.2452231405
1623,"-112.3947,47.1261",30049,"Montana, Lewis and Clark",0.286116082843263,16.2882096069869,0.0569286754002911,3911,1.02033257646912,1.01105115460505,0.00690360521605727,27,0.000393013100436681,1.05963402266705,1.0152047505594,0.67994408385539,1.0059840750925,0.0825,0.1541,0.454,0.00263464337700146,2027.58,6.4,17.3,20.9,6902.6977404,0.1414021642,6.1,0.082,172.79622103,3,0.267,0.004279476,0.0225909753
1624,"-111.0243,48.5608",30051,"Montana, Liberty",0.103092783505155,4.11522633744856,0.039917695473251,97,1,1.01105115460505,0.0103092783505155,1,0.000411522633744856,1,1.0152047505594,0.67994408385539,1.0059840750925,0.3341,0.3381,0.6154,0.0102880658436214,1812.32,9.8,24.9,1.7,,0.145263184,5.9,0.145,17.077213237,,0.351,0.004526749,0.0082304527
1625,"-115.4046,48.5427",30053,"Montana, Lincoln",0.173719376391982,7.88117611397393,0.0453672830150551,898,1.01236142693113,1.01105115460505,0.010022271714922,9,0.00045468323734465,1,1.0152047505594,0.67994408385539,1.0059840750925,0.7602,0.2499,0.1359,0.00126300899262403,1359.17,12.3,27,5.6,8381.8353778,0.1613272834,9,0.096,53.167001683,2.3,0.263,0.0038900677,0.0126300899
1626,"-105.7945,47.6447",30055,"Montana, McCone",0.206349206349206,15.5223880597015,0.0752238805970149,126,1.01188315252133,1.01105115460505,0,0,0,,1.0152047505594,0.67994408385539,1.0059840750925,0.0857,0.3578,0.155,0.0149253731343284,1809.4,5.2,25.7,0.6,12770.468509,0.1327318372,5.5,0.088,19.083651622,,0.248,0.0053731343,0.0131343284
1627,"-111.9173,45.3008",30057,"Montana, Madison",0.120171673819742,6.38686131386861,0.0531478102189781,466,1.00823528308747,1.01105115460505,0.00643776824034335,3,0.000342153284671533,1,1.0152047505594,0.67994408385539,1.0059840750925,0.0634,0.5638,0.3954,0.00228102189781022,1923.16,12.1,27.8,2.4,5490.7301426,0.1384794954,6.8,0.063,20.288752191,2,0.241,0.0043339416,0.0076414234
1628,"-110.8899,46.5991",30059,"Montana, Meagher",0.0181818181818182,1.07181136120043,0.0589496248660236,110,1,1.01105115460505,0.0636363636363636,7,0.0037513397642015,1,1.0152047505594,0.67994408385539,1.0059840750925,0.2799,0.1665,0.0124,0.0133976420150054,1308.92,11.6,22.8,0.8,3919.8991788,0.1697987153,4.7,0.07,15.145178707,,0.259,0.0037513398,0.0075026795
1629,"-115.0015,47.1528",30061,"Montana, Mineral",0.342342342342342,8.80444856348471,0.0257182576459685,111,1.03041339475808,1.01105115460505,0,0,0,,1.0152047505594,0.67994408385539,1.0059840750925,0.6522,0.1178,0.4008,0.00579240037071362,1338.77,9.3,28,3.3,10923.504469,0.1779198375,8.5,0.089,76.289407634,3,0.277,0.0046339203,0.0196941613
1630,"-113.9214,47.0373",30063,"Montana, Missoula",0.16728624535316,7.95514811728161,0.0475541076344167,5649,1.01087726378617,1.01105115460505,0.0079660116834838,45,0.00037881657701341,1,1.0152047505594,0.67994408385539,1.0059840750925,0.2159,0.3101,0.6714,0.00340093104696484,1864.46,7.8,14.6,48.1,6134.3146943,0.1697689863,8.6,0.061,244.45469942,3.3,0.222,0.0042427457,0.0265087422
1631,"-108.395,46.4968",30065,"Montana, Musselshell",0.173228346456693,9.46033111158891,0.0546119114168996,254,1.00933812984055,1.01105115460505,0.0236220472440945,6,0.00129004515158031,1,1.0152047505594,0.67994408385539,1.0059840750925,0.6659,0.114,0.3066,0.00537518813158461,1463.4,7.6,24.3,2.5,6767.2226721,0.1780968448,5.2,0.081,61.93638442,3,0.28,0.0077402709,0.0197806923
1632,"-110.5264,45.4897",30067,"Montana, Park",0.182284980744544,8.48470363288719,0.0465463671128107,779,1.011515757092,1.01105115460505,0.00513478818998716,4,0.000239005736137667,1.04195362743721,1.0152047505594,0.67994408385539,1.0059840750925,0.0952,0.2697,0.2557,0.00149378585086042,1729.69,11.9,21,5.6,7524.9414903,0.1408404282,5.4,0.076,114.41597653,3,0.243,0.0032265774,0.0114722753
1633,"-108.2509,47.1182",30069,"Montana, Petroleum",0.3,5.84795321637427,0.0194931773879142,10,1,1.01105115460505,0.1,1,0.00194931773879142,1,1.0152047505594,0.67994408385539,1.0059840750925,0.0296,0.0045,0.0363,,1452.3,11.8,19.4,0.3,,0.1471489552,5.1,0.043,0.8147472511,,0.27,0,0.0097465887
1634,"-107.9129,48.2594",30071,"Montana, Phillips",0.225895316804408,20.1276386843397,0.0891016200294551,363,1.01196557021055,1.01105115460505,0.0247933884297521,9,0.00220913107511046,1.03655432261531,1.0152047505594,0.67994408385539,1.0059840750925,0.6105,0.2267,0.2945,0.00147275405007364,1444.49,17.1,21.5,0.8,6000.4469479,0.1768961845,4.8,0.106,44.846905338,2,0.348,0.0017182131,0.0940108002
1635,"-112.2253,48.2277",30073,"Montana, Pondera",0.135593220338983,8.03750837240455,0.0592766242464836,354,1.00705534143961,1.01105115460505,0.00847457627118644,3,0.000502344273275285,1,1.0152047505594,0.67994408385539,1.0059840750925,0.6025,0.5441,0.8803,0.0132283991962492,1564.42,10.6,19.8,3.5,8215.3762896,0.1898557132,6,0.121,15.691218876,3,0.349,0.0033489618,0.143335566
1636,"-105.6367,45.3962",30075,"Montana, Powder River",0.032967032967033,1.74825174825175,0.053030303030303,91,1.00157979458942,1.01105115460505,0.0549450549450549,5,0.00291375291375291,1,1.0152047505594,0.67994408385539,1.0059840750925,0.0541,0.0853,0.12,,1645.5,11.4,24.3,0.5,,0.1548837048,5.5,0.092,28.269939495,,0.268,0.0017482517,0.0186480186
1637,"-112.9359,46.8554",30077,"Montana, Powell",0.0759162303664921,8.32376578645235,0.109644087256028,764,1.00751324589697,1.01105115460505,0.00523560209424084,4,0.000574052812858783,1.04195362743721,1.0152047505594,0.67994408385539,1.0059840750925,0.3213,0.1894,0.4998,0.00229621125143513,1739.56,8.9,19.5,2.4,6893.6978144,0.1788678578,6.9,0.115,33.995705718,3,0.316,0.0114810563,0.0539609644
1638,"-105.3794,46.8605",30079,"Montana, Prairie",0.231404958677686,25.7589696412144,0.111315547378105,121,1.00729194587265,1.01105115460505,0.0165289256198347,2,0.00183992640294388,1,1.0152047505594,0.67994408385539,1.0059840750925,0.2414,0.0025,0.0322,0.0202391904323827,1424.2,2.8,28.2,0.6,9967.1118961,0.1317165581,5.4,0.086,8.27699927,,0.349,0.0018399264,0.0110395584
1639,"-114.1189,46.0852",30081,"Montana, Ravalli",0.187731359069276,8.22292226443065,0.0438015380339109,1891,1.01014486548127,1.01105115460505,0.00793231094658911,15,0.00034744741962383,1,1.0152047505594,0.67994408385539,1.0059840750925,0.4115,0.0853,0.1098,0.000857036968405448,1660.5,11.6,24.3,16.9,6657.96951,0.1532736336,8.7,0.066,45.555912229,3.3,0.265,0.0035671268,0.0121374965
1640,"-104.5611,47.7867",30083,"Montana, Richland",0.323684210526316,22.5419224777788,0.069641711719967,760,1.00835508086586,1.01105115460505,0.0118421052631579,9,0.000824704480894346,1,1.0152047505594,0.67994408385539,1.0059840750925,0.0411,0.553,0.5167,0.010812792082837,2049.25,11,14.2,5.6,7790.1363844,0.1407001498,6.2,0.076,149.57429305,2.3,0.309,0.0050398607,0.0240080638
1641,"-105.0079,48.2961",30085,"Montana, Roosevelt",0.0598938589840788,7.14350302920698,0.119269373361063,1319,1.00530974435165,1.01105115460505,0.0318423047763457,42,0.00379781173704675,1,1.0152047505594,0.67994408385539,1.0059840750925,0.9124,0.5209,0.9131,0.00605841396147934,1517.2,25,10.8,4.8,19911.880785,0.311958458,6.3,0.172,67.909119938,2.3,0.352,0.0034361154,0.6060222443
1642,"-106.7293,46.234",30087,"Montana, Rosebud",0.130434782608696,14.2336974511751,0.109125013792342,989,1.01260087686917,1.01105115460505,0.0262891809908999,26,0.00286880723822134,1.00561868495366,1.0152047505594,0.67994408385539,1.0059840750925,0.7519,0.4616,0.4409,0.00606863069623745,1819.18,19.7,14.8,2,14405.883797,0.2099619251,6.1,0.125,17.67101705,2.3,0.319,0.0040825334,0.3888337195
1643,"-115.133,47.6766",30089,"Montana, Sanders",0.293255131964809,8.44309354947653,0.028790949003715,341,1.02544558793768,1.01105115460505,0.00879765395894428,3,0.000253292806484296,1,1.0152047505594,0.67994408385539,1.0059840750925,0.7248,0.2254,0.1016,0.00371496116176967,1209.27,15.5,28.9,4.2,9974.0749073,0.1837693074,9.5,0.105,11.771546446,3,0.248,0.0028706518,0.0415400203
1644,"-104.5038,48.7209",30091,"Montana, Sheridan",0.154078549848943,14.8948598130841,0.0966705607476635,331,1.01081096753791,1.01105115460505,0.00906344410876133,3,0.000876168224299065,1,1.0152047505594,0.67994408385539,1.0059840750925,0.0965,0.1601,0.34,0.0283294392523364,1927.88,8.1,21.9,2.1,3946.6258563,0.1451009065,6.2,0.076,61.148627991,2,0.379,0.0046728972,0.0224883178
1645,"-112.662,45.9002",30093,"Montana, Silver Bow",0.1797583081571,13.6027205441088,0.0756722773126054,2648,1.01199237998244,1.01105115460505,0.0117069486404834,31,0.000885891464007087,1,1.0152047505594,0.67994408385539,1.0059840750925,0.4726,0.2986,0.8415,0.0028005601120224,1370.39,7.9,18.3,49.1,8685.821896,0.1736256653,8,0.079,164.85334865,3.7,0.252,0.006944246,0.0231189095
1646,"-109.395,45.6707",30095,"Montana, Stillwater",0.140845070422535,7.34214390602056,0.052129221732746,497,1.01111323203551,1.01105115460505,0.0160965794768612,8,0.000839102160688064,1.01925902092718,1.0152047505594,0.67994408385539,1.0059840750925,0.0513,0.2165,0.0926,0.00241241871197818,2121.71,7.1,21.1,4.8,4105.7055413,0.1344880817,5.3,0.088,40.867818497,3,0.251,0.0022026432,0.0121669813
1647,"-109.9426,45.8137",30097,"Montana, Sweet Grass",0.133561643835616,10.5121293800539,0.0787061994609164,292,1.00756220672773,1.01105115460505,0.0171232876712329,5,0.00134770889487871,1,1.0152047505594,0.67994408385539,1.0059840750925,0.0328,0.0876,0.0099,0.0134770889487871,1716.93,4.9,29.7,2.1,6412.5342013,0.1395205648,4.8,0.05,47.539828931,3,0.28,0.0037735849,0.0113207547
1648,"-112.2411,47.8374",30099,"Montana, Teton",0.28,12.4959428756897,0.0446283674131775,275,1.01428944632183,1.01105115460505,0.0109090909090909,3,0.000486854917234664,1,1.0152047505594,0.67994408385539,1.0059840750925,0.2118,0.0716,0.7383,0.00649139889646219,1554.39,11.2,22.6,2.5,7705.7495845,0.1488789666,5.9,0.066,13.438516949,3,0.243,0.0022719896,0.0172022071
1649,"-111.6942,48.6558",30101,"Montana, Toole",0.0842266462480858,11.3331959612611,0.134555944776427,653,1.00513561513632,1.01105115460505,0.0122511485451761,8,0.00164846486709252,1,1.0152047505594,0.67994408385539,1.0059840750925,0.4045,0.4664,0.8526,0.00515145270966413,1560.34,12,16.3,2.5,10274.061598,0.176224944,6.4,0.052,38.815024099,3,0.259,0.0105089635,0.053162992
1650,"-107.2667,46.2097",30103,"Montana, Treasure",0.263157894736842,14.7275405007364,0.0559646539027982,38,1.00775379492937,1.01105115460505,0.0263157894736842,1,0.00147275405007364,1,1.0152047505594,0.67994408385539,1.0059840750925,0.2462,0.0175,0.0729,,1257.91,4.9,23.6,0.7,,0.1628501474,5.6,0.106,0.7168486816,,0.33,0,0.0338733432
1651,"-106.667,48.3644",30105,"Montana, Valley",0.0923824959481361,7.66438079870916,0.0829635605755009,617,1.00423858977477,1.01105115460505,0.0113452188006483,7,0.000941239747209896,1,1.0152047505594,0.67994408385539,1.0059840750925,0.215,0.2639,0.1,0.00336157052574963,1780.79,7.8,21.7,1.4,8163.2727397,0.1603464045,5.7,0.119,75.093847442,2.3,0.306,0.0048406616,0.0930482722
1652,"-109.8465,46.4665",30107,"Montana, Wheatland",0.134453781512605,7.15563506261181,0.0532200357781753,119,1.01129807908619,1.01105115460505,0.0504201680672269,6,0.00268336314847943,1,1.0152047505594,0.67994408385539,1.0059840750925,0.6742,0.426,0.3359,0.0111806797853309,1236.11,13.7,20.5,1.5,8464.2801416,0.1748251596,4.7,0.093,40.309575065,,0.321,0.0040250447,0.051431127
1653,"-104.2511,46.9593",30109,"Montana, Wibaux",0.155339805825243,15.4738878143133,0.0996131528046422,103,1.01946113458596,1.01105115460505,0.0388349514563107,4,0.00386847195357834,1.04195362743721,1.0152047505594,0.67994408385539,1.0059840750925,0.4707,0.3852,0.0697,,1410.86,14.5,20.9,1,,0.1623065243,5.3,0.077,39.496346801,,0.303,0,0.0116054159
1654,"-108.2691,45.9396",30111,"Montana, Yellowstone",0.136849551957239,10.8719409006039,0.0794444756677095,12722,1.01128373003393,1.01105115460505,0.0113189750039302,144,0.000899230034283145,1.0239673156882,1.0152047505594,0.67994408385539,1.0059840750925,0.0761,0.312,0.7453,0.00368434527935455,1933.11,8.8,16.1,64,7198.3521251,0.1618898273,6.3,0.083,277.79510626,3.7,0.268,0.006569375,0.0484522628
1655,"-98.5012,40.5245",31001,"Nebraska, Adams",0.213106796116505,13.931642918346,0.0653739963822157,2060,1.01138928309496,1.00897676302958,0.012621359223301,26,0.000825108692202723,1.00561868495366,1.01882042146574,0.806796671069027,1.00871062622828,0.2675,0.6285,0.4565,0.00510932690171686,1714.76,7.1,17.2,57.2,7241.2696029,0.1459706455,8,0.11,53.446151505,3.7,0.367,0.0099647742,0.0131065342
1656,"-98.0666,42.177",31003,"Nebraska, Antelope",0.135770234986945,8.20707070707071,0.0604482323232323,383,1.00848681495184,1.00897676302958,0.00783289817232376,3,0.000473484848484848,,1.01882042146574,0.806796671069027,1.00871062622828,0.2197,0.3075,0.0115,0.00394570707070707,1616.97,6.6,22.8,7.1,6363.13405,0.1420167286,7.5,0.095,22.160367139,3,0.325,0.0029987374,0.0052083333
1657,"-101.696,41.569",31005,"Nebraska, Arthur",0,0,0.0344086021505376,16,1,1.00897676302958,0,0,0,,1.01882042146574,0.806796671069027,1.00871062622828,0.1268,0.0369,0.0013,,1284.43,10.3,25.4,0.6,,0.1465289338,5.3,0.038,1.8348773149,,0.345,0,0.0043010753
1658,"-103.7114,41.5463",31007,"Nebraska, Banner",0.2,5.47945205479452,0.0273972602739726,20,1.02348860217202,1.00897676302958,0,0,0,,1.01882042146574,0.806796671069027,1.00871062622828,0.0169,0.3002,0.001,,1745.25,5.9,19.3,0.7,,0.1456652801,4.6,0.096,0.2252640792,,0.288,0.0191780822,0.002739726
1659,"-99.9768,41.9131",31009,"Nebraska, Blaine",0,0,0.0315126050420168,15,1,1.00897676302958,0,0,0,,1.01882042146574,0.806796671069027,1.00871062622828,0.1443,0.3082,0.1261,,1500.47,6.7,25.6,0.6,,0.1314945388,5.8,0.069,6.4422910525,,0.35,0.0042016807,0.0021008403
1660,"-98.0674,41.7076",31011,"Nebraska, Boone",0.164921465968586,12.0251956480244,0.0729146783737354,382,1.00891063978477,1.00897676302958,0.00523560209424084,2,0.000381752242794426,1,1.01882042146574,0.806796671069027,1.00871062622828,0.0261,0.1051,0.0904,0.00477190303493033,1758.26,5.6,22,8,5364.1268268,0.1387906685,7.7,0.107,24.968878156,3,0.333,0.0038175224,0.0030540179
1661,"-103.0879,42.2208",31013,"Nebraska, Box Butte",0.116504854368932,7.7979948013368,0.0669327887114742,721,1.01075096315648,1.00897676302958,0.0110957004160888,8,0.000742666171555886,1,1.01882042146574,0.806796671069027,1.00871062622828,0.2901,0.446,0.4744,0.00232083178611214,1757.81,7.6,17.2,10.6,6181.7075419,0.1551019114,4.7,0.111,28.052636625,2.3,0.361,0.0088191608,0.0452098032
1662,"-98.7649,42.8997",31015,"Nebraska, Boyd",0.133757961783439,10.7416879795396,0.080306905370844,157,1.01444892639344,1.00897676302958,0.0127388535031847,2,0.0010230179028133,1,1.01882042146574,0.806796671069027,1.00871062622828,0.1057,0.1414,0.0847,0.010230179028133,1328.62,13.1,28.2,3.5,7256.6181793,0.1331625689,6.3,0.16,6.1466909757,3,0.362,0.0010230179,0.0148337596
1663,"-99.929,42.4302",31017,"Nebraska, Brown",0.136842105263158,8.74537504204507,0.0639085099226371,190,1.00775379492937,1.00897676302958,0.00526315789473684,1,0.000336360578540195,1,1.01882042146574,0.806796671069027,1.00871062622828,0.2169,0.2225,0.1636,0.00773629330642449,1473.01,10.8,26.5,2.5,11582.484774,0.1562561432,5.6,0.086,36.15783625,2.3,0.385,0.0047090481,0.008745375
1664,"-99.075,40.8549",31019,"Nebraska, Buffalo",0.106159238858287,8.54580268064094,0.0804998488360375,3994,1.00529681603143,1.00897676302958,0.0112669003505258,45,0.000906983775068024,1.0133874519632,1.01882042146574,0.806796671069027,1.00871062622828,0.1892,0.5915,0.6211,0.00526050589539454,1860.75,8.4,13.5,53.4,5301.9846749,0.1479660832,7.8,0.084,63.347668286,4,0.295,0.0109241157,0.0060465585
1665,"-96.3261,41.8506",31021,"Nebraska, Burt",0.153535353535354,11.7139334155364,0.0762946979038224,495,1.00682011995272,1.00897676302958,0.0101010101010101,5,0.000770653514180025,1.1398522810476,1.01882042146574,0.806796671069027,1.00871062622828,0.222,0.2436,0.276,0.00277435265104809,1526.13,9.3,23.8,12.2,7164.9590058,0.1703178364,8.8,0.107,35.645265359,3,0.36,0.0050863132,0.0225030826
1666,"-97.1311,41.227",31023,"Nebraska, Butler",0.162721893491124,13.6510300322661,0.083891784561926,676,1.00364513333257,1.00897676302958,0.0133136094674556,9,0.00111690245718541,1.03655432261531,1.01882042146574,0.806796671069027,1.00871062622828,0.1175,0.3763,0.0914,0.00248200546041201,1650.47,4.8,20.2,12,6342.0942545,0.1364821212,8.5,0.095,16.634631991,3,0.337,0.0058327128,0.0044676098
1667,"-96.1397,40.909",31025,"Nebraska, Cass",0.180858550316678,9.82453457700982,0.0543216483810543,1421,1.01212894022356,1.00897676302958,0.00492610837438424,7,0.000267594327000268,1,1.01882042146574,0.806796671069027,1.00871062622828,0.0229,0.1385,0.0493,,2286.58,6.1,16.5,35.3,5415.0946371,0.1558773076,9.3,0.117,19.94238127,4,0.398,0.006078214,0.005925303
1668,"-97.2531,42.5989",31027,"Nebraska, Cedar",0.237154150197628,14.207909069382,0.0599100165758939,506,1.02489004314932,1.00897676302958,0.0158102766798419,8,0.000947193937958797,1.15041007378781,1.01882042146574,0.806796671069027,1.00871062622828,0.0799,0.0306,0.0156,,1788.15,5.9,21.1,10.5,5715.3631606,0.1263550952,8.1,0.088,13.957650329,3,0.364,0.0029599811,0.0063935591
1669,"-101.6978,40.5237",31029,"Nebraska, Chase",0.0983050847457627,7.29192858938899,0.0741765149610259,295,1.00544349343078,1.00897676302958,0.0101694915254237,3,0.000754337440281619,1,1.01882042146574,0.806796671069027,1.00871062622828,0.172,0.6794,0.0901,0.00553180789539854,1681.89,8.5,22.4,4.6,7119.040803,0.1441586791,6.2,0.076,13.212865398,3,0.322,0.0047774705,0.0045260246
1670,"-101.1244,42.545",31031,"Nebraska, Cherry",0.181034482758621,7.29040097205346,0.0402707863218191,232,1.01712515440452,1.00897676302958,0.0172413793103448,4,0.00069432390210033,1,1.01882042146574,0.806796671069027,1.00871062622828,0.1675,0.6017,0.2929,0.00433952438812706,1607.73,6.9,21.1,1,6128.6628651,0.1434746814,5,0.078,23.077590091,3,0.275,0.0036452005,0.063530637
1671,"-102.9942,41.22",31033,"Nebraska, Cheyenne",0.169544740973312,11.6004296455424,0.068421052631579,637,1.00954944898878,1.00897676302958,0.0141287284144427,9,0.000966702470461869,1.01696850489722,1.01882042146574,0.806796671069027,1.00871062622828,0.0717,0.1882,0.2732,0.00268528464017186,2008.98,7.3,17.9,9,7123.3829199,0.1395940291,5.3,0.088,10.782332237,3.7,0.293,0.0048335124,0.0105263158
1672,"-98.0513,40.5244",31035,"Nebraska, Clay",0.197916666666667,15.2880592211136,0.0772449308014162,480,1.01250777270301,1.00897676302958,0.00833333333333333,4,0.000643707756678468,1,1.01882042146574,0.806796671069027,1.00871062622828,0.2583,0.5591,0.0178,,1677.81,9.9,19.6,10,6058.1330321,0.1478798001,8,0.098,6.3446196269,3,0.352,0.0045059543,0.0128741551
1673,"-97.0869,41.5749",31037,"Nebraska, Colfax",0.0587382160986222,7.44416873449132,0.126734675121772,1379,1.00198395101215,1.00897676302958,0.0101522842639594,14,0.00128664644793677,1,1.01882042146574,0.806796671069027,1.00871062622828,0.5834,0.965,0.3139,0.00229758294274423,1631.43,11.7,12.4,25.6,6303.3330268,0.1487880765,8.6,0.067,31.041802337,3,0.316,0.0378641669,0.0334528076
1674,"-96.7873,41.9164",31039,"Nebraska, Cuming",0.136231884057971,10.5145413870246,0.0771812080536913,690,1.01170989225487,1.00897676302958,0.0101449275362319,7,0.000782997762863535,1.04924143725562,1.01882042146574,0.806796671069027,1.00871062622828,0.2162,0.5361,0.0933,0.00279642058165548,1727.31,7.6,21.6,15.4,3837.4364308,0.1306847538,8.7,0.096,45.165273114,3,0.355,0.0025727069,0.0082774049
1675,"-99.7281,41.3937",31041,"Nebraska, Custer",0.169550173010381,9.04059040590406,0.0533210332103321,578,1.01383419122602,1.00897676302958,0.0242214532871972,14,0.00129151291512915,1.01064309218431,1.01882042146574,0.806796671069027,1.00871062622828,0.0946,0.3282,0.1379,0.00322878228782288,1679.55,9.4,21.6,4.3,5833.9899,0.1479918233,6.7,0.11,40.620420246,3,0.36,0.0056273063,0.0063653137
1676,"-96.5666,42.3904",31043,"Nebraska, Dakota",0.0632081097197376,10.5561918040133,0.167006921276702,3354,1.00437755589978,1.00897676302958,0.0152057245080501,51,0.00253946123587113,1,1.01882042146574,0.806796671069027,1.00871062622828,0.7236,0.9599,0.8055,,1557.47,14.2,12.9,85.6,5596.0362007,0.1689220353,8.9,0.109,141.76873361,4,0.386,0.0539759996,0.040382413
1677,"-103.1314,42.7199",31045,"Nebraska, Dawes",0.0813492063492064,4.70399265718219,0.0578246902248738,504,1.0069943706001,1.00897676302958,0.0357142857142857,18,0.00206516750803121,1,1.01882042146574,0.806796671069027,1.00871062622828,0.2127,0.2159,0.5441,0.0028682882055989,1248.92,10.7,17.7,6.6,5947.9194698,0.1495495499,4.1,0.076,37.970682814,3,0.28,0.0174391923,0.040614961
1678,"-99.8201,40.8703",31047,"Nebraska, Dawson",0.114234716644355,10.7975874140622,0.0945210679488802,2241,1.00593962038948,1.00897676302958,0.00937081659973226,21,0.000885739592559787,1.01440033702014,1.01882042146574,0.806796671069027,1.00871062622828,0.5261,0.9319,0.7475,0.00244632839849846,1647.79,11,15.4,23.5,5770.0118422,0.1395749112,7.2,0.114,31.876543995,3.7,0.356,0.0571512928,0.0186848876
1679,"-102.3333,41.1117",31049,"Nebraska, Deuel",0.305084745762712,9.86301369863014,0.0323287671232877,59,1.01820570017907,1.00897676302958,0,0,0,,1.01882042146574,0.806796671069027,1.00871062622828,0.3121,0.5275,0.0137,,1642.31,14.6,24.6,3.8,5507.7627247,0.1394962069,5.6,0.12,20.933097321,3,0.355,0.0021917808,0.015890411
1680,"-96.8678,42.4919",31051,"Nebraska, Dixon",0.105381165919283,8.23261516903135,0.0781222630933614,446,1.00759250269214,1.00897676302958,0.00896860986547085,4,0.00070064809949203,1,1.01882042146574,0.806796671069027,1.00871062622828,0.3264,0.702,0.1904,,1759.59,6.3,19.6,9.8,4694.2019391,0.130838361,8.5,0.092,15.228810258,3,0.359,0.0035032405,0.0099842354
1681,"-96.656,41.5807",31053,"Nebraska, Dodge",0.136064593301435,12.3671550107363,0.0908917941887962,3344,1.00967701718547,1.00897676302958,0.0122607655502392,41,0.00111440297898943,1.01477293605939,1.01882042146574,0.806796671069027,1.00871062622828,0.3771,0.7393,0.5737,0.0022016253975157,1644.17,9.9,18.7,68.5,6973.3621372,0.1739900728,9,0.12,42.985863043,4,0.352,0.0093772934,0.0153841972
1682,"-96.1509,41.2952",31055,"Nebraska, Douglas",0.151766004415011,12.6128986734406,0.0831075359864522,47112,1.00908463749405,1.00897676302958,0.00885124808965869,417,0.000735605419136325,1.01184729684089,1.01882042146574,0.806796671069027,1.00871062622828,0.2338,0.8459,0.6606,0.00402554332486593,2203.78,9.6,12.3,1860.1,6440.1113627,0.1589361354,9.5,0.088,309.62297626,5,0.301,0.1104254869,0.0122283376
1683,"-101.6877,40.1764",31057,"Nebraska, Dundy",0.285714285714286,13.5593220338983,0.0474576271186441,84,1.01440033702014,1.00897676302958,0.0476190476190476,4,0.00225988700564972,1,1.01882042146574,0.806796671069027,1.00871062622828,0.3666,0.6689,0.0509,0.00790960451977401,1639.71,19.3,19.9,2.2,7653.3028004,0.156888851,6.2,0.073,4.8570409244,2.3,0.345,0.004519774,0.0163841808
1684,"-97.5965,40.5246",31059,"Nebraska, Fillmore",0.125984251968504,8.68463904468971,0.0689343224172245,381,1.00614768011292,1.00897676302958,0.015748031496063,6,0.00108557988058621,1.05963402266705,1.01882042146574,0.806796671069027,1.00871062622828,0.0822,0.2627,0.0656,0.00361859960195404,1757.71,7.9,23.3,10.2,4510.4390391,0.1377712701,8.2,0.128,8.3989458678,3,0.324,0.0070562692,0.0085037091
1685,"-98.953,40.1764",31061,"Nebraska, Franklin",0.0655737704918033,3.96956665564009,0.0605358914985114,183,1.00477370374412,1.00897676302958,0.0109289617486339,2,0.000661594442606682,1,1.01882042146574,0.806796671069027,1.00871062622828,0.2022,0.1579,0.0481,0.00463116109824677,1614.63,4.7,26.5,4.7,12124.060048,0.1471571437,7.3,0.064,6.9425647649,2.3,0.303,0.0016539861,0.0056235528
1686,"-100.3925,40.5299",31063,"Nebraska, Frontier",0.138461538461538,6.90184049079755,0.0498466257668712,130,1.01150029829051,1.00897676302958,0.00769230769230769,1,0.000383435582822086,1,1.01882042146574,0.806796671069027,1.00871062622828,0.1344,0.0341,0.2222,,1588.99,8.2,24.9,2.6,4131.1839347,0.1385209261,6.5,0.111,8.4476533919,3,0.435,0.004601227,0.0053680982
1687,"-99.9125,40.1764",31065,"Nebraska, Furnas",0.214501510574018,15.0583244962884,0.0702014846235419,331,1.0146309717078,1.00897676302958,0.0120845921450151,4,0.000848356309650053,1.04195362743721,1.01882042146574,0.806796671069027,1.00871062622828,0.2605,0.1433,0.1621,0.00424178154825027,1401.8,6.8,23.9,6.8,6771.5591233,0.1553281938,6.9,0.103,29.505276545,2.3,0.341,0.0044538706,0.0072110286
1688,"-96.6895,40.2619",31067,"Nebraska, Gage",0.221749696233293,16.9822732982832,0.0765830735588331,1646,1.0104947399021,1.00897676302958,0.00607533414337789,10,0.000465267761596799,1.01516534655549,1.01882042146574,0.806796671069027,1.00871062622828,0.2242,0.1159,0.1264,0.001163169403992,1648.13,4.8,20.4,24.2,7768.3859175,0.1459456533,8.9,0.109,38.361104649,3.7,0.386,0.0073047039,0.0066998558
1689,"-102.3314,41.617",31069,"Nebraska, Garden",0.105882352941176,4.74433315761729,0.0448075909330522,85,1.00169206673884,1.00897676302958,0,0,0,,1.01882042146574,0.806796671069027,1.00871062622828,0.0328,0.0519,0.0287,0.00527148128624143,1699.11,8.1,26,1.1,3888.8555434,0.1426143155,5,0.124,14.414235199,3,0.289,0.0036900369,0.0126515551
1690,"-98.9911,41.9143",31071,"Nebraska, Garfield",0.111111111111111,6.54252642174132,0.0588827377956719,117,1.00885231906857,1.00897676302958,0.0341880341880342,4,0.00201308505284348,1,1.01882042146574,0.806796671069027,1.00871062622828,0.0624,0.0131,0.086,,1453.3,3.8,28.3,3.7,10692.009637,0.1334198696,6.5,0.068,3.7898289258,3,0.275,0.0020130851,0.0025163563
1691,"-99.8302,40.5148",31073,"Nebraska, Gosper",0.195488721804511,13.0260521042084,0.0666332665330661,133,1.0184794114679,1.00897676302958,0.0075187969924812,1,0.000501002004008016,1,1.01882042146574,0.806796671069027,1.00871062622828,0.0096,0.0812,0.0315,,1870.35,4,25.2,3.7,6619.8169512,0.1228790391,6.9,0.069,17.210813943,3,0.252,0.0065130261,0.006012024
1692,"-101.7407,41.9153",31075,"Nebraska, Grant",0.0952380952380952,3.03030303030303,0.0318181818181818,21,1,1.00897676302958,0.0952380952380952,2,0.00303030303030303,1,1.01882042146574,0.806796671069027,1.00871062622828,0.4589,0.0118,0.1363,,1287.21,14.7,22.1,0.8,,0.1639898566,5.1,0.072,6.7699875711,,0.334,0.0015151515,0.0015151515
1693,"-98.5215,41.5674",31077,"Nebraska, Greeley",0.239263803680982,16.553480475382,0.0691850594227504,163,1.02301459376754,1.00897676302958,0,0,0,,1.01882042146574,0.806796671069027,1.00871062622828,0.1299,0.0764,0.0175,,1565.16,5.8,25,3.8,4743.8701958,0.1326973918,7.1,0.1,5.3870920493,3,0.384,0.0067911715,0.0012733447
1694,"-98.5022,40.8726",31079,"Nebraska, Hall",0.135881907645723,11.6545197785966,0.0857694742480562,5284,1.00612212028033,1.00897676302958,0.0166540499621499,88,0.00142840910935446,1.0066678482933,1.01882042146574,0.806796671069027,1.00871062622828,0.4455,0.8838,0.5909,0.00258087554985635,1862.95,13.1,14.4,122.5,6880.4191097,0.1571880189,7.9,0.103,59.6542743,5,0.349,0.0306134043,0.0193484507
1695,"-98.021,40.8735",31081,"Nebraska, Hamilton",0.134920634920635,9.15948275862069,0.0678879310344828,630,1.00723435978012,1.00897676302958,0.0206349206349206,13,0.00140086206896552,1,1.01882042146574,0.806796671069027,1.00871062622828,0.0194,0.0675,0.0185,0.00150862068965517,1949.25,6,19,15.8,5047.1307983,0.1253978336,8.1,0.094,33.857917453,3,0.306,0.0034482759,0.0033405172
1696,"-99.4044,40.1766",31083,"Nebraska, Harlan",0.148148148148148,7.05674801528962,0.0476330491032049,162,1.00448869125544,1.00897676302958,0,0,0,,1.01882042146574,0.806796671069027,1.00871062622828,0.2124,0.2257,0.0662,0.00558659217877095,1487.42,7.7,25,5.3,8620.5592176,0.1503883813,7.1,0.111,13.080131488,3,0.347,0.0023522493,0.0058806233
1697,"-101.0604,40.5245",31085,"Nebraska, Hayes",0.122448979591837,6.55021834061135,0.0534934497816594,49,1.00906641053247,1.00897676302958,0,0,0,,1.01882042146574,0.806796671069027,1.00871062622828,0.2987,0.4998,6e-04,,1639.03,10.5,18.1,1.2,,0.1415429243,6.2,0.08,0.6732426954,,0.253,0.0032751092,0.0054585153
1698,"-101.0416,40.1761",31087,"Nebraska, Hitchcock",0.302816901408451,15.3243050605845,0.0506058446186743,142,1.02073237671469,1.00897676302958,0.0140845070422535,2,0.000712758374910905,1.10408951367381,1.01882042146574,0.806796671069027,1.00871062622828,0.2691,0.0863,0.1372,,1423.07,12.8,24.8,3.3,11965.239993,0.1610582183,6.3,0.102,14.285344341,3,0.377,0.0021382751,0.0053456878
1699,"-98.784,42.4552",31089,"Nebraska, Holt",0.103626943005181,5.89506779327962,0.0568874042051484,579,1.00632531956338,1.00897676302958,0.0172711571675302,10,0.000982511298879937,1.01516534655549,1.01882042146574,0.806796671069027,1.00871062622828,0.0615,0.3407,0.1086,0.00422479858518373,1614.19,6.5,21.2,4.3,4770.251107,0.1344544389,6.7,0.102,36.898369414,3,0.32,0.0032422873,0.0073688347
1700,"-101.1354,41.9159",31091,"Nebraska, Hooker",0.0638297872340425,4.39882697947214,0.0689149560117302,47,1,1.00897676302958,0.0212765957446809,1,0.00146627565982405,1,1.01882042146574,0.806796671069027,1.00871062622828,0.2882,0.0169,0.1557,,1325.47,7.5,32.7,1.2,,0.1300172646,5.3,0.087,10.457354356,,0.266,0,0.004398827
1701,"-98.5166,41.2201",31093,"Nebraska, Howard",0.138271604938272,8.65800865800866,0.0626159554730983,405,1.00540603558491,1.00897676302958,0.0197530864197531,8,0.00123685837971552,1.01925902092718,1.01882042146574,0.806796671069027,1.00871062622828,0.1997,0.2044,0.0261,0.00386518243661101,1709.63,5.8,21.1,8.8,3153.8985357,0.148096562,7.5,0.111,9.370162663,3,0.373,0.0047928262,0.0060296846
1702,"-97.1426,40.1758",31095,"Nebraska, Jefferson",0.265182186234818,18.4585035930675,0.0696068761448499,494,1.01766889775789,1.00897676302958,0,0,0,,1.01882042146574,0.806796671069027,1.00871062622828,0.2293,0.4432,0.0793,0.00239537832887135,1488.2,5.7,23.2,13.1,4778.4052485,0.1544844593,8.4,0.097,38.637827936,3,0.366,0.0046498521,0.007890658
1703,"-96.2652,40.3926",31097,"Nebraska, Johnson",0.209068010075567,16.1667315932996,0.0773276197896377,397,1.02153219186792,1.00897676302958,0.0125944584382872,5,0.000973899493572263,1.1398522810476,1.01882042146574,0.806796671069027,1.00871062622828,0.3414,0.7141,0.8287,0.00350603817686015,1457.28,7,18.2,12.4,7717.9489563,0.158611278,8.9,0.1,11.100506886,3,0.365,0.0619400078,0.0155823919
1704,"-98.9488,40.5066",31099,"Nebraska, Kearney",0.103321033210332,8.55745721271394,0.0828239608801956,542,1.00401739861183,1.00897676302958,0.00553505535055351,3,0.000458435207823961,1.16993081275869,1.01882042146574,0.806796671069027,1.00871062622828,0.0771,0.2932,0.1792,0.0015281173594132,1806.36,6.4,19.1,12.4,6942.977531,0.1492266342,7.5,0.1,30.042933103,2.3,0.374,0.0024449878,0.0056540342
1705,"-101.662,41.1993",31101,"Nebraska, Keith",0.212121212121212,13.0906370776711,0.0617130033661638,495,1.01306686105598,1.00897676302958,0.00202020202020202,1,0.000124672734073058,1,1.01882042146574,0.806796671069027,1.00871062622828,0.2341,0.3021,0.2932,0.00224410921331505,1503.25,8.6,26.5,7.4,7369.0038453,0.1510700571,6,0.097,20.468365082,3.7,0.301,0.0077297095,0.0076050368
1706,"-99.7134,42.8799",31103,"Nebraska, Keya Paha",0.333333333333333,13.5802469135802,0.0407407407407407,33,1.0465440871019,1.00897676302958,0,0,0,,1.01882042146574,0.806796671069027,1.00871062622828,0.0108,0.0032,0.0032,,1450.2,5.2,23.2,0.9,,0.1185104217,5.6,0.136,3.4474032318,,0.299,0,0.0061728395
1707,"-103.7148,41.1977",31105,"Nebraska, Kimball",0.381132075471698,27.9159756771697,0.0732448866777225,265,1.04556048955812,1.00897676302958,0.0150943396226415,4,0.00110558319513543,1.04195362743721,1.01882042146574,0.806796671069027,1.00871062622828,0.529,0.4524,0.2423,0.0033167495854063,1433.48,11.8,24.4,3.8,9489.4303569,0.1514006041,4.8,0.119,21.46410979,3,0.386,0.002763958,0.0226644555
1708,"-97.8918,42.6376",31107,"Nebraska, Knox",0.259322033898305,18.1731797125549,0.0700795818980877,590,1.02991536945222,1.00897676302958,0.00508474576271186,3,0.00035633685710892,1.05963402266705,1.01882042146574,0.806796671069027,1.00871062622828,0.2201,0.4565,0.4721,0.00273191590450172,1562.28,9.2,24.1,7.2,7026.6635809,0.1348708893,7.6,0.102,5.5038923208,3,0.32,0.0034445896,0.1027437938
1709,"-96.6878,40.7842",31109,"Nebraska, Lancaster",0.167105930055753,10.3917143649613,0.0621863889659346,19730,1.00924585894168,1.00897676302958,0.00527116066903193,104,0.000327794447666356,1.03098080370314,1.01882042146574,0.806796671069027,1.00871062622828,0.1573,0.6988,0.6925,0.00310143977407398,2025.81,7.3,13,390,5410.9664078,0.1289922142,9.1,0.075,106.42396083,5,0.287,0.0396568244,0.0098149222
1710,"-100.7475,41.0466",31111,"Nebraska, Lincoln",0.154275092936803,11.7947989199943,0.0764530339633367,2690,1.01028852958294,1.00897676302958,0.00855018587360595,23,0.000653687650987637,1.03563782609416,1.01882042146574,0.806796671069027,1.00871062622828,0.1338,0.333,0.7491,0.00329685945715504,1786.34,9.5,18.3,14.5,7487.8134017,0.1581891442,6.5,0.119,42.745367725,3.7,0.372,0.010686372,0.0108853204
1711,"-100.4818,41.5665",31113,"Nebraska, Logan",0.0943396226415094,6.67556742323097,0.0707610146862483,53,1,1.00897676302958,0,0,0,,1.01882042146574,0.806796671069027,1.00871062622828,0.1494,0.3677,0.1009,,1469.18,6.5,19.4,1.2,,0.1465860801,5.8,0.113,4.7218284742,,0.349,0.0013351135,0.0093457944
1712,"-99.4544,41.9137",31115,"Nebraska, Loup",0.0606060606060606,3.23624595469256,0.0533980582524272,33,1,1.00897676302958,0,0,0,,1.01882042146574,0.806796671069027,1.00871062622828,0.0439,0.0048,0.0067,,1641.59,3.8,28.9,1,,0.1305580222,6.1,0.074,7.6797664989,,0.306,0.0113268608,0.003236246
1713,"-101.0599,41.568",31117,"Nebraska, McPherson",0.166666666666667,6.09756097560976,0.0365853658536585,18,1.00819891621082,1.00897676302958,0,0,0,,1.01882042146574,0.806796671069027,1.00871062622828,0.3682,0.0417,0.0643,,1570.3,3.7,22,0.5,,0.1428615174,5.6,0.194,1.7032188259,,0.268,0.0040650407,0
1714,"-97.6005,41.9168",31119,"Nebraska, Madison",0.128401360544218,12.7995027124774,0.0996835443037975,3528,1.00660962978552,1.00897676302958,0.00992063492063492,35,0.000988924050632911,1.03239118471,1.01882042146574,0.806796671069027,1.00871062622828,0.3331,0.7896,0.6848,0.00370140144665461,1645.8,8.4,15.3,67.8,7492.3454509,0.15489283,8.3,0.11,66.339493775,5,0.342,0.0120931284,0.0203718354
1715,"-98.0375,41.1662",31121,"Nebraska, Merrick",0.131782945736434,8.793482477693,0.0667270140954351,516,1.00682720684153,1.00897676302958,0.0155038759689922,8,0.00103452735031682,1.01925902092718,1.01882042146574,0.806796671069027,1.00871062622828,0.1086,0.2165,0.5587,0.00258631837579206,1584.19,7.4,19.8,14.3,5579.3228668,0.1555087525,8,0.155,39.967180622,3.7,0.383,0.0036208457,0.0085348506
1716,"-103.0061,41.7171",31123,"Nebraska, Morrill",0.0916230366492147,7.46905676483141,0.0815194195475886,382,1.00850980097788,1.00897676302958,0.0183246073298429,7,0.00149381135296628,1.08322761045516,1.01882042146574,0.806796671069027,1.00871062622828,0.4124,0.7026,0.1172,0.00426803243704652,1528.77,10.4,20.2,3.2,6527.87474,0.1459330521,4.9,0.137,32.138479397,3,0.377,0.0027742211,0.0185659411
1717,"-97.9933,41.3975",31125,"Nebraska, Nance",0.178041543026706,16.9875424688562,0.0954133635334088,337,1.00742196936729,1.00897676302958,0.0118694362017804,4,0.00113250283125708,1,1.01882042146574,0.806796671069027,1.00871062622828,0.1818,0.0653,0.0487,0.00537938844847112,1564.41,7.3,20.1,7.3,4397.2041395,0.1513503873,7.8,0.114,23.435505319,3,0.307,0.004813137,0.0076443941
1718,"-95.8543,40.3851",31127,"Nebraska, Nemaha",0.28537170263789,17.102615694165,0.0599310146593849,417,1.02041152460472,1.00897676302958,0.0167865707434053,7,0.00100603621730382,,1.01882042146574,0.806796671069027,1.00871062622828,0.2541,0.1821,0.2245,0.00229951135383731,1808.45,6.5,19.4,17.7,7625.9832884,0.1470043137,9,0.105,32.522440249,3,0.386,0.0135096292,0.0050301811
1719,"-98.0474,40.1764",31129,"Nebraska, Nuckolls",0.216117216117216,14.0643623361144,0.06507747318236,273,1.01440033702014,1.00897676302958,0.00366300366300366,1,0.000238379022646007,1,1.01882042146574,0.806796671069027,1.00871062622828,0.1994,0.326,0.1598,0.00595947556615018,1388.06,6.9,26.8,6.8,6028.4132361,0.1418944577,7.8,0.103,21.952807556,3,0.344,0.0019070322,0.0057210965
1720,"-96.1337,40.6484",31131,"Nebraska, Otoe",0.158962795941375,8.82076947137942,0.0554895214263372,887,1.01005598026945,1.00897676302958,0.00225479143179256,2,0.000125117297466375,1.10408951367381,1.01882042146574,0.806796671069027,1.00871062622828,0.1659,0.545,0.1487,0.00225211135439475,1781.67,6.4,19,24.5,4863.977397,0.137629247,9.2,0.124,30.360134145,3.7,0.397,0.0078198311,0.0066312168
1721,"-96.2371,40.1314",31133,"Nebraska, Pawnee",0.381294964028777,20.1367781155015,0.0528115501519757,139,1.02244101476836,1.00897676302958,0.00719424460431655,1,0.000379939209726444,,1.01882042146574,0.806796671069027,1.00871062622828,0.4057,0.1716,0.3212,0.00417933130699088,1504.41,12.1,27.4,6,6571.304274,0.1529865176,8.7,0.075,11.6931611,3,0.329,0.0056990881,0.001899696
1722,"-101.6503,40.8508",31135,"Nebraska, Perkins",0.295336787564767,19.4605667463298,0.0658927961761693,193,1.01491512087314,1.00897676302958,0.0569948186528497,11,0.00375554796858996,1.01370885629547,1.01882042146574,0.806796671069027,1.00871062622828,0.0694,0.2155,0.0439,0.00682826903379993,1796.01,6.6,22.7,3.5,5039.3454019,0.1206933963,6.1,0.108,20.883162724,2.3,0.256,0.0058040287,0.0034141345
1723,"-99.4146,40.5116",31137,"Nebraska, Phelps",0.148377125193199,10.6714095153401,0.0719208537127612,647,1.00963437700897,1.00897676302958,0.00927357032457496,6,0.000666963094708759,1.02638809625704,1.01882042146574,0.806796671069027,1.00871062622828,0.0392,0.3954,0.2674,0.00277901289461983,1761.33,4.1,19.8,17.7,4782.9429012,0.1338236257,7.5,0.1,82.869131163,3.7,0.368,0.0038906181,0.0082258782
1724,"-97.6012,42.2643",31139,"Nebraska, Pierce",0.118609406952965,8.12097451694203,0.0684682161859423,489,1.0094000924167,1.00897676302958,0.0347648261758691,17,0.00238028563427611,1.03906724058202,1.01882042146574,0.806796671069027,1.00871062622828,0.0417,0.1732,0.0385,0.00560067208064968,1725.61,3.7,18.5,10.1,8884.905533,0.145828616,7.9,0.114,22.131668279,3,0.323,0.0043405209,0.0037804537
1725,"-97.5214,41.5725",31141,"Nebraska, Platte",0.0830367734282325,8.39253064772353,0.101070047657585,3372,1.00435377763926,1.00897676302958,0.0100830367734282,34,0.00101909300722357,1.00869827228079,1.01882042146574,0.806796671069027,1.00871062622828,0.2067,0.8032,0.3442,0.00152863951083536,1846.68,8.8,16.9,52.2,5279.8235926,0.1489869763,8.6,0.094,84.979024191,4,0.358,0.0064442646,0.0132182358
1726,"-97.5663,41.1881",31143,"Nebraska, Polk",0.0393939393939394,2.46305418719212,0.0625236832133384,330,1.00174370035108,1.00897676302958,0.0272727272727273,9,0.00170519136036377,1.01696850489722,1.01882042146574,0.806796671069027,1.00871062622828,0.1978,0.3973,0.2464,0.00303145130731338,2030.37,10.8,21.1,10.3,7933.6375451,0.1360169647,8.2,0.104,22.000801487,2.3,0.352,0.0017051914,0.0060629026
1727,"-100.477,40.1756",31145,"Nebraska, Red Willow",0.275561097256858,20.6041394741749,0.0747715830691777,802,1.01552751775182,1.00897676302958,0.00623441396508728,5,0.000466157001678165,,1.01882042146574,0.806796671069027,1.00871062622828,0.2248,0.2343,0.4365,0.00233078500839083,1560.18,7.3,19.6,15.7,6658.4148777,0.1562492246,6.7,0.09,38.682919182,3.3,0.349,0.0131456274,0.007924669
1728,"-95.7176,40.1247",31147,"Nebraska, Richardson",0.200923787528868,10.9613203981353,0.054554617613708,433,1.01247740809733,1.00897676302958,0.0277136258660508,12,0.00151190626181177,1.21901365420448,1.01882042146574,0.806796671069027,1.00871062622828,0.1981,0.1328,0.029,0.00302381252362354,1506.08,6.8,23.8,12.9,7602.6255435,0.1681022825,9.3,0.104,37.519408797,3,0.363,0.0037797657,0.0317500315
1729,"-99.4483,42.4225",31149,"Nebraska, Rock",0.10989010989011,7.35294117647059,0.0669117647058824,91,1.00979166340371,1.00897676302958,0.021978021978022,2,0.00147058823529412,1,1.01882042146574,0.806796671069027,1.00871062622828,0.0076,0.1592,0.0713,0.0176470588235294,1613.35,13,27.2,1.4,11081.210588,0.1318272905,5.9,0.152,17.338118976,2.3,0.347,0.0014705882,0.0095588235
1730,"-97.1409,40.5242",31151,"Nebraska, Saline",0.104622871046229,11.98606271777,0.114564459930314,1644,1.00568861185057,1.00897676302958,0.00182481751824818,3,0.000209059233449477,1,1.01882042146574,0.806796671069027,1.00871062622828,0.501,0.8784,0.5339,0.00299651567944251,1557.64,11.1,14.2,25.5,5900.7422415,0.1547058982,8.6,0.118,34.527495863,2.7,0.366,0.008989547,0.0183275261
1731,"-96.1116,41.1131",31153,"Nebraska, Sarpy",0.170075427908326,12.7128521785329,0.0747483180544186,13788,1.01049818879555,1.00897676302958,0.00464171743545112,64,0.00034696057118384,1.00926242190831,1.01882042146574,0.806796671069027,1.00871062622828,0.0121,0.6001,0.1439,0.000954141570755561,2517.31,5.7,11,647.7,4882.6882578,0.1297344456,9.5,0.093,90.479860142,5,0.326,0.0391414894,0.0073674909
1732,"-96.6377,41.2278",31155,"Nebraska, Saunders",0.184159690920798,13.4253391541097,0.0729005304417218,1553,1.00925623273427,1.00897676302958,0.00579523502897617,9,0.00042247570764681,1.01696850489722,1.01882042146574,0.806796671069027,1.00871062622828,0.049,0.2365,0.0302,0.000751067924705441,2197.66,4.7,17.8,22.4,5986.5438283,0.1404424784,9.1,0.109,18.667959843,3.7,0.345,0.0049288833,0.0048819415
1733,"-103.7081,41.8507",31157,"Nebraska, Scotts Bluff",0.0858620689655172,6.918780738559,0.08058017727639,2900,1.00502563202403,1.00897676302958,0.0141379310344828,41,0.00113923698908,1.03149500910428,1.01882042146574,0.806796671069027,1.00871062622828,0.4229,0.7412,0.2878,0.00461252049237267,1633.91,11.5,18.4,50.7,7424.3131464,0.1820336043,5,0.115,50.896775683,4,0.355,0.0080580177,0.0337881019
1734,"-97.1397,40.8724",31159,"Nebraska, Seward",0.133468149646107,7.62212726642799,0.0571082111098279,989,1.0075921586199,1.00897676302958,0.019211324570273,19,0.00109712437925857,1.11265039734651,1.01882042146574,0.806796671069027,1.00871062622828,0.0347,0.155,0.2394,0.00138584132116873,2111.81,5.4,16.7,26.6,5410.8471509,0.1358258961,8.6,0.097,33.670815946,4,0.314,0.0068137198,0.005196905
1735,"-102.4127,42.5028",31161,"Nebraska, Sheridan",0.164670658682635,10.597302504817,0.064354527938343,334,1.01740422437085,1.00897676302958,0.0269461077844311,9,0.00173410404624277,1.01696850489722,1.01882042146574,0.806796671069027,1.00871062622828,0.3525,0.49,0.7736,0.00481695568400771,1429.59,13.5,25.1,2,8397.9003461,0.162492126,4.6,0.126,15.395860596,3,0.319,0.0040462428,0.1069364162
1736,"-98.9759,41.2205",31163,"Nebraska, Sherman",0.117241379310345,5.59578670177749,0.0477287689269256,145,1.00814050037388,1.00897676302958,0.0275862068965517,4,0.00131665569453588,1,1.01882042146574,0.806796671069027,1.00871062622828,0.1529,0.1764,0.0627,,1474.96,9.1,26.1,4.7,7279.6535047,0.1400569482,7.1,0.114,5.3012856583,3,0.357,0.0023041475,0.0039499671
1737,"-103.7577,42.4893",31165,"Nebraska, Sioux",0.0869565217391304,1.6849199663016,0.0193765796124684,23,1,1.00897676302958,0,0,0,,1.01882042146574,0.806796671069027,1.00871062622828,0.1398,0.1178,0.0325,,1582.64,8.3,21.8,0.5,,0.1414451132,3.8,0.07,1.8857519721,,0.232,0.00168492,0.0151642797
1738,"-97.1939,41.917",31167,"Nebraska, Stanton",0.245353159851301,11.0552763819095,0.0450586264656616,269,1.00654062488853,1.00897676302958,0.00371747211895911,1,0.00016750418760469,,1.01882042146574,0.806796671069027,1.00871062622828,0.0666,0.4909,0.0057,,1780.78,7.1,16.6,11.5,6264.3121024,0.1406903313,8.3,0.072,5.1281148915,3,0.381,0.008040201,0.0083752094
1739,"-97.595,40.1763",31169,"Nebraska, Thayer",0.173633440514469,10.7164119865053,0.0617185949593173,311,1.01255006096178,1.00897676302958,0.00643086816720257,2,0.000396904147648343,1,1.01882042146574,0.806796671069027,1.00871062622828,0.0796,0.1334,0.0608,0.00377058940265926,1651.58,4.8,25.1,9.2,7484.2596593,0.1346677152,8.1,0.089,3.9717954808,3,0.33,0.0041674936,0.0041674936
1740,"-100.5557,41.9136",31171,"Nebraska, Thomas",0.285714285714286,16.6666666666667,0.0583333333333333,42,1.01827231923937,1.00897676302958,0,0,0,,1.01882042146574,0.806796671069027,1.00871062622828,0.1264,0.007,0.0029,,1716.47,7.1,22.3,1,,0.1376504718,5.5,0.063,14.138532102,,0.274,0.0083333333,0.0180555556
1741,"-96.5416,42.1573",31173,"Nebraska, Thurston",0.110929853181077,9.31124195536081,0.0839381076270026,613,1.00893356467449,1.00897676302958,0.0114192495921697,7,0.000958510201287142,1.04924143725562,1.01882042146574,0.806796671069027,1.00871062622828,0.8952,0.8437,0.6377,0.00287553060386143,1506.8,25.6,12.1,19.5,16595.712285,0.2701198096,8.7,0.192,33.553073173,2,0.441,0.004792551,0.585649733
1742,"-98.982,41.5673",31175,"Nebraska, Valley",0.168888888888889,9.06921241050119,0.0536992840095465,225,1.00718632533074,1.00897676302958,0.0133333333333333,3,0.000715990453460621,1.16993081275869,1.01882042146574,0.806796671069027,1.00871062622828,0.1258,0.2194,0.1859,0.00381861575178998,1662.99,9.5,24.4,7.7,4533.591559,0.141785654,6.9,0.11,58.189788246,3,0.318,0.0035799523,0.0031026253
1743,"-96.2202,41.5282",31177,"Nebraska, Washington",0.168965517241379,11.8546475056854,0.0701601587071176,1450,1.00940834385425,1.00897676302958,0.0096551724137931,14,0.000677408428896308,1.02226578920968,1.01882042146574,0.806796671069027,1.00871062622828,0.0159,0.2028,0.1038,0.00120965790874341,2371.33,4.7,17.2,50.8,4632.8703341,0.1361038606,8.8,0.113,68.888061458,3.7,0.32,0.0069676296,0.0042579958
1744,"-97.1193,42.2093",31179,"Nebraska, Wayne",0.101109741060419,8.72062107837924,0.0862490694459215,811,1.00725183678347,1.00897676302958,0.0061652281134402,5,0.000531745187706051,1,1.01882042146574,0.806796671069027,1.00871062622828,0.1914,0.3932,0.3645,0.00265872593853026,1820.43,3.6,15.1,21.8,3487.4382666,0.1392901606,8.4,0.105,41.148078607,2.3,0.346,0.0138253749,0.008614272
1745,"-98.5002,40.1764",31181,"Nebraska, Webster",0.144486692015209,10.7557316727993,0.0744409849985848,263,1.01076983978965,1.00897676302958,0.0114068441064639,3,0.000849136711010473,1,1.01882042146574,0.806796671069027,1.00871062622828,0.1927,0.1146,0.0611,0.00367959241437872,1386.27,8.2,22.3,5.9,7966.2716142,0.1513020966,7.5,0.105,13.456831163,3,0.332,0.0050948203,0.003962638
1746,"-98.528,41.9148",31183,"Nebraska, Wheeler",0.3,7.45341614906832,0.0248447204968944,20,1.02348860217202,1.00897676302958,0,0,0,,1.01882042146574,0.806796671069027,1.00871062622828,0.0723,0.0022,0.0086,,1608.69,11.9,23.6,1.5,,0.1451294559,6.9,0.115,2.7262322363,,0.289,0,0.001242236
1747,"-97.5971,40.8727",31185,"Nebraska, York",0.158567774936061,13.5056636654081,0.0851728144060412,1173,1.00843749189248,1.00897676302958,0.0051150895140665,6,0.000435666569851873,1.02638809625704,1.01882042146574,0.806796671069027,1.00871062622828,0.0787,0.4489,0.3604,0.00275922160906186,1757.74,6.8,19.3,25.7,6967.4009222,0.1420626977,8.3,0.111,32.303520604,4,0.365,0.0155387743,0.0087133314
1748,"-118.3395,39.5811",32001,"Nevada, Churchill",0.2663139329806,12.3567921440262,0.0463993453355155,1134,1.01973683921419,1.01517371276427,0.0255731922398589,29,0.00118657937806874,1.0402538481091,1.01328180344929,0.60813072272798,1.00784190663124,0.471,0.8188,0.6358,0.0016366612111293,1590.31,12.1,18.5,5,8859.1817091,0.1810033228,7.4,0.085,172.58983525,3.3,0.324,0.0205810147,0.054705401
1749,"-115.013,36.2146",32003,"Nevada, Clark",0.18438586429325,11.6689601894923,0.0632855465044427,141231,1.01435660114441,1.01517371276427,0.0141541163059102,1999,0.000895750985706969,1.01097130808646,1.01328180344929,0.60813072272798,1.00784190663124,0.5459,0.9608,0.7443,0.002479334769343,2025.53,12.5,14.1,279.6,7166.9123543,0.1697970467,9.4,0.107,849.97979398,3.7,0.255,0.1166743665,0.0122649326
1750,"-119.6171,38.9129",32005,"Nevada, Douglas",0.385650224215247,12.4208224152516,0.0322074813790827,1561,1.04435959359613,1.01517371276427,0.00640614990390775,10,0.000206325953741721,1.07570373984278,1.01328180344929,0.60813072272798,1.00784190663124,0.1239,0.667,0.1452,0.000474549693605959,2285.2,9.7,26.4,66.5,6073.4697505,0.1415392219,7.5,0.089,238.75437338,2.7,0.25,0.0086656901,0.0230672416
1751,"-115.3578,41.1453",32007,"Nevada, Elko",0.193651718112988,12.6763248189096,0.0654593976362943,3434,1.0104491938731,1.01517371276427,0.00844496214327315,29,0.00055280213495997,1.0402538481091,1.01328180344929,0.60813072272798,1.00784190663124,0.3283,0.8434,0.5893,0.00142966069386199,2321.4,9.9,10.5,3.1,7179.6759726,0.1718416404,5.8,0.102,129.595164,3.7,0.291,0.0109035456,0.0646969119
1752,"-117.632,37.7844",32009,"Nevada, Esmeralda",0.666666666666667,21.7917675544794,0.0326876513317191,27,1.11005826087366,1.01517371276427,0,0,0,,1.01328180344929,0.60813072272798,1.00784190663124,0.2669,0.7886,0.937,,1188.96,14.2,27.4,0.2,,0.1929152261,5.2,0.056,54.045843435,,0.275,0.0363196126,0.0714285714
1753,"-116.2683,39.981",32011,"Nevada, Eureka",0.25,3.49475786320519,0.0139790314528208,28,1.01632157731989,1.01517371276427,0,0,0,,1.01328180344929,0.60813072272798,1.00784190663124,0.0156,0.1722,0.1824,,1749.96,9.6,15.5,1.4,,0.1707759367,4.7,0.075,23.213444071,3,0.232,0.007988018,0.0314528208
1754,"-118.1109,41.4069",32013,"Nevada, Humboldt",0.368217054263566,11.3189562730847,0.0307399022995353,516,,1.01517371276427,0.0135658914728682,7,0.000417014178482068,1.02226578920968,1.01328180344929,0.60813072272798,1.00784190663124,0.4172,0.8695,0.6084,0.00399142142261408,2062.32,13.2,12.3,1.9,9342.316202,0.1713560073,6.7,0.087,79.509667915,3.7,0.333,0.0079232694,0.048671512
1755,"-117.0397,39.9332",32015,"Nevada, Lander",0.364485981308411,20.9865470852018,0.0575784753363229,321,1.03056634317512,1.01517371276427,0.0124610591900312,4,0.000717488789237668,1,1.01328180344929,0.60813072272798,1.00784190663124,0.5777,0.8558,0.9083,0.00538116591928251,2001.69,7.6,14.3,1.1,8814.3430512,0.1711454245,4.8,0.161,55.182711337,3,0.349,0.0077130045,0.0584753363
1756,"-114.879,37.6427",32017,"Nevada, Lincoln",0.253968253968254,12.3053258988656,0.0484522207267833,252,1.00520889711624,1.01517371276427,0.00396825396825397,1,0.000192270717169775,1,1.01328180344929,0.60813072272798,1.00784190663124,0.5707,0.3922,0.3327,0.0038454143433955,1455.14,7.2,23.7,0.5,5784.4951767,0.1606139244,4.6,0.079,21.466549015,3,0.297,0.0301865026,0.0186502596
1757,"-119.187,39.0178",32019,"Nevada, Lyon",0.297956867196368,9.40725344036697,0.0315725344036697,1762,1.0276256424579,1.01517371276427,0.0147559591373439,26,0.000465883027522936,1.03098080370314,1.01328180344929,0.60813072272798,1.00784190663124,0.5618,0.7361,0.3419,0.00112887041284404,1551.98,8.8,20.6,24.1,8005.3059061,0.2064720726,8.3,0.124,115.21710273,3.3,0.349,0.0108765768,0.0333643922
1758,"-118.4345,38.5384",32021,"Nevada, Mineral",0.320754716981132,11.298183429331,0.0352237483385024,159,1.02257231579343,1.01517371276427,0.0251572327044025,4,0.000886132033673017,1,1.01328180344929,0.60813072272798,1.00784190663124,0.8503,0.4419,0.8663,0.0077536552946389,1347.6,13.1,24.7,1.3,10732.295347,0.2147184907,5.5,0.132,84.807490477,3,0.3,0.0363314134,0.1809924679
1759,"-116.4723,38.0426",32023,"Nevada, Nye",0.20205066344994,7.38764168835178,0.0365633131919023,1658,1.01655296910152,1.01517371276427,0.0199034981905911,33,0.000727737837957041,1.00897148424402,1.01328180344929,0.60813072272798,1.00784190663124,0.7261,0.7167,0.5664,0.00055131654390685,1486.01,10.9,28.9,2.6,11506.385223,0.1801625477,6.5,0.136,33.285839812,3.3,0.335,0.0322189388,0.018127288
1760,"-118.4006,40.44",32027,"Nevada, Pershing",0.673333333333333,30.3030303030303,0.045004500450045,300,1.1602325775798,1.01517371276427,0.00333333333333333,1,0.00015001500150015,,1.01328180344929,0.60813072272798,1.00784190663124,0.7978,0.858,0.9984,0.0057005700570057,1403.01,14.6,16,0.9,6842.5185906,0.1795000836,5.7,0.068,60.762601784,3,0.348,0.0432043204,0.0453045305
1761,"-119.525,39.4488",32029,"Nevada, Storey",0.1875,2.97840655249442,0.0158848349466369,64,1.00926242190831,1.01517371276427,0.03125,2,0.000496401092082403,1,1.01328180344929,0.60813072272798,1.00784190663124,0.0545,0.3403,0.0197,,2062.67,9.4,29.8,12.5,5869.6546288,0.1528190069,7.5,0.126,299.90193395,3,0.246,0.0156366344,0.018615041
1762,"-119.6632,40.6656",32031,"Nevada, Washoe",0.192906631474761,12.5543495764759,0.0650799274265408,30310,1.01382214111658,1.01517371276427,0.0117782909930716,357,0.000766530323037779,1.01850379742297,1.01328180344929,0.60813072272798,1.00784190663124,0.3347,0.8787,0.772,0.00370811727699228,2225.44,10.2,15.5,73,6943.3778907,0.1516561963,8.4,0.075,1106.1089227,3.3,0.233,0.0227296639,0.0221757008
1763,"-114.9,39.4416",32033,"Nevada, White Pine",,,0.0328232189973615,311,,1.01517371276427,0.00964630225080386,3,0.000316622691292876,1,1.01328180344929,0.60813072272798,1.00784190663124,0.3691,0.6364,0.4935,0.0012664907651715,1689.23,9.4,16.3,1.1,7201.5947824,0.1775645913,4.5,0.084,202.41206505,3.3,0.328,0.0490765172,0.0506596306
1764,"-119.748,39.1551",32510,"Nevada, Carson City",0.360424966799469,24.4883964341141,0.0679431190673837,3765,1.04395892085059,1.01517371276427,0.00903054448871182,34,0.000613563359439853,1.03348020979159,1.01328180344929,0.60813072272798,1.00784190663124,0.4615,0.843,0.9605,0.00380770202475909,1906.78,10.6,19.6,398.8,10026.294098,0.1897246173,7.2,0.111,224.24527985,3.7,0.283,0.0188580503,0.0289277078
1765,"-71.4168,43.5164",33001,"New Hampshire, Belknap",0.419435215946844,8.27570384451509,0.0197305889679132,1204,1.03694143825016,1.03235426647003,0.0307308970099668,37,0.000606338697518928,1.04603997098501,1.00959761382699,0.678576852361076,1.0085375667736,0.1159,0.1016,0.2356,0.00224509193405657,2107.25,8.2,20.8,125.8,7493.5205837,0.1426895515,6.8,0.089,74.645239477,3.7,0.286,0.0056536987,0.0029825309
1766,"-71.2043,43.875",33003,"New Hampshire, Carroll",0.38423645320197,4.79714631296255,0.0124848807888641,609,1.02857349020105,1.03235426647003,0.00328407224958949,2,4.10012505381414e-05,1,1.00959761382699,0.678576852361076,1.0085375667736,0.0605,0.0408,0.2111,0.00102503126345354,2010.33,9.8,26.2,49.1,7677.7870617,0.1479899726,6.8,0.101,67.471340892,3.3,0.272,0.0054531663,0.0035261075
1767,"-72.2531,42.9202",33005,"New Hampshire, Cheshire",0.410284463894967,4.9024093707921,0.0119488057730773,914,1.04271584825431,1.03235426647003,0.00437636761487965,4,5.22923666217824e-05,1,1.00959761382699,0.678576852361076,1.0085375667736,0.093,0.2174,0.5556,0.00220935248977031,2059.4,7.1,18.6,105.5,7299.3351893,0.1662463549,8.3,0.087,74.515544896,3.3,0.3,0.0072032735,0.003137542
1768,"-71.3063,44.6906",33007,"New Hampshire, Coos",0.261390887290168,3.45056823577828,0.0132007977460508,417,1.0265992438131,1.03235426647003,0.0287769784172662,12,0.000379879071828801,1.04195362743721,1.00959761382699,0.678576852361076,1.0085375667736,0.4497,0.3305,0.6979,0.00208933489505841,1548.55,8.9,22.5,17.8,7968.8604102,0.1650977817,6.2,0.131,62.263736657,3.3,0.336,0.0086739055,0.0048434582
1769,"-71.8206,43.9378",33009,"New Hampshire, Grafton",0.357400722021661,3.30786536876573,0.00925534047624351,831,1.03571697758166,1.03235426647003,0.00481347773766546,4,4.45503753369122e-05,1.10408951367381,1.00959761382699,0.678576852361076,1.0085375667736,0.0713,0.3836,0.6855,0.00563562248011939,2398.71,7.9,19.3,60.2,5563.134641,0.1323682887,7,0.07,54.458837086,3.3,0.236,0.0109037044,0.0038758827
1770,"-71.72,42.9154",33011,"New Hampshire, Hillsborough",0.301863639849682,9.47869581237191,0.0314005880837188,13039,1.02811113608695,1.03235426647003,0.0276861722524733,361,0.000869362090514802,1.00608115607641,1.00959761382699,0.678576852361076,1.0085375667736,0.0927,0.6492,0.4998,0.00267069960770337,2696.92,6.4,14.8,448,6809.1098705,0.13527797,7.5,0.095,375.37116661,4,0.28,0.0249128832,0.003226995
1771,"-71.6812,43.2966",33013,"New Hampshire, Merrimack",0.432779692886243,9.13770743456052,0.0211139930656645,3191,1.04073101555543,1.03235426647003,0.0122218740206832,39,0.000258052563322129,1.0075488835911,1.00959761382699,0.678576852361076,1.0085375667736,0.042,0.4288,0.538,0.00261360929518567,2422.79,6.1,17.2,165.3,6400.2528299,0.1360364507,7.7,0.088,117.00869761,3.7,0.276,0.014464177,0.0028848953
1772,"-71.1288,42.985",33015,"New Hampshire, Rockingham",0.356488749345892,8.81375009703211,0.0247237819235646,7644,1.03507667916295,1.03235426647003,0.0156985871271586,120,0.000388128444639946,1.00609846529734,1.00959761382699,0.678576852361076,1.0085375667736,0.0146,0.2837,0.114,0.0016721867156571,3086.28,4.8,16.6,418.8,5587.9569418,0.1245844062,7.9,0.089,140.22568218,4,0.266,0.0077819753,0.0022543794
1773,"-71.0234,43.2918",33017,"New Hampshire, Strafford",0.285714285714286,4.87354908140518,0.0170574217849181,2219,1.02791695679529,1.03235426647003,0.00856241550247859,19,0.000146052732723499,1.01601628385513,1.00959761382699,0.678576852361076,1.0085375667736,0.1172,0.3556,0.8029,0.00231378276577754,2148.2,7,14.2,318.4,7361.708565,0.17177487,7.4,0.104,113.88033899,3.7,0.298,0.0116227227,0.002705819
1774,"-72.222,43.3609",33019,"New Hampshire, Sullivan",0.279874213836478,2.0628592620063,0.00737066567773039,318,1.02638809625704,1.03235426647003,0.0157232704402516,5,0.000115890969775635,1,1.00959761382699,0.678576852361076,1.0085375667736,0.1662,0.099,0.3314,0.000579454848878175,2035.43,7.2,20,69.2,6523.8454346,0.1625616254,7.7,0.101,50.135083224,3.3,0.334,0.0065362507,0.003940293
1775,"-74.6585,39.4754",34001,"New Jersey, Atlantic",0.177646571369381,6.46123822189738,0.0363713083348089,9654,1.01328654470221,1.01221135899448,0.0327325460948829,316,0.00119052552660033,1.00460444110214,1.00350931673719,0.761813971344286,1.01090682047811,0.5551,0.928,0.8812,0.00456996032837407,2210.36,9.3,16.9,493.3,8917.8426693,0.156441948,9.4,0.123,288.49412843,4.3,0.298,0.1456397003,0.0066119377
1776,"-74.0716,40.9601",34003,"New Jersey, Bergen",0.145740187239088,6.29876202636512,0.0432191157819219,40483,1.00948985068942,1.01221135899448,0.0543932020848257,2202,0.00235082609865356,1.00242374350679,1.00350931673719,0.761813971344286,1.01090682047811,0.0752,0.9287,0.5616,0.00294867469776618,3699.62,8.3,16.7,3870.4,3826.7306714,0.1141098699,9.9,0.082,965.10062016,5,0.223,0.0550671939,0.0046952467
1777,"-74.6693,39.8768",34005,"New Jersey, Burlington",0.191892852909802,7.2701309431861,0.0378864081332064,16874,1.0140397013634,1.01221135899448,0.0336019912291099,567,0.00127305875379448,1.00409758575233,1.00350931673719,0.761813971344286,1.01090682047811,0.1379,0.7778,0.3193,0.0016839401505218,3061.81,4.6,16.3,540,6639.4431703,0.1244563816,11.4,0.115,240.07548398,4.3,0.293,0.1674801969,0.0033409373
1778,"-74.9639,39.8034",34007,"New Jersey, Camden",0.197901239791817,9.2234330813011,0.0466062420377141,23633,1.01308049131574,1.01221135899448,0.0310159522701308,733,0.0014455369785319,1.00701399782444,1.00350931673719,0.761813971344286,1.01090682047811,0.4061,0.9166,0.6301,0.00347086641502885,2451.29,7.5,15,2109.8,8529.154346,0.1613460917,11.6,0.12,623.273179,5,0.314,0.1861685973,0.0063796891
1779,"-74.8017,39.1501",34009,"New Jersey, Cape May",0.15989847715736,3.40319792566984,0.0212834917891098,1970,1.01313676854946,1.01221135899448,0.0624365482233503,123,0.00132886776145203,1.00716992752008,1.00350931673719,0.761813971344286,1.01090682047811,0.3127,0.5798,0.5202,0.00261452031114952,2447.93,6,25.2,355.3,8785.3035426,0.1575610744,9,0.102,85.545219413,4,0.287,0.0410544512,0.0034140017
1780,"-75.1071,39.372",34011,"New Jersey, Cumberland",0.183821164361531,7.57094030681186,0.0411864451686405,6218,1.01582008182483,1.01221135899448,0.0310389192666452,193,0.00127838274646954,1.00762953428126,1.00350931673719,0.761813971344286,1.01090682047811,0.8102,0.9573,0.9844,0.00221895450812071,1841.3,10.4,14.6,292.8,10214.982457,0.1826114668,9.9,0.124,60.320976872,3.7,0.359,0.1861537239,0.0163341547
1781,"-74.2466,40.7868",34013,"New Jersey, Essex",0.147192679305897,7.56220249147564,0.0513762133221301,41089,1.01027306635701,1.01221135899448,0.0558543649151841,2295,0.0028695857668546,1.00226121069332,1.00350931673719,0.761813971344286,1.01090682047811,0.5742,0.9796,0.9411,0.00451631537685351,2739.93,12.3,13.1,6415.1,7289.251061,0.1423538927,9.9,0.106,1347.4424419,4,0.291,0.3862800041,0.007447169
1782,"-75.14,39.7158",34015,"New Jersey, Gloucester",0.221408647140865,8.716301542854,0.0393674847636304,11472,1.01592328757804,1.01221135899448,0.028068340306834,322,0.00110497995936968,1.00872624505604,1.00350931673719,0.761813971344286,1.01090682047811,0.1646,0.6345,0.2286,0.00185650359633229,2865.83,4.6,14.9,803.2,7474.99169,0.1561131845,10.9,0.1,233.31303826,5,0.31,0.1036553561,0.002779608
1783,"-74.0752,40.7377",34017,"New Jersey, Hudson",0.154758383305994,8.51254546557189,0.0550053915253209,37187,1.01122050902884,1.01221135899448,0.0438594132358082,1631,0.00241250419710647,1.00211999213858,1.00350931673719,0.761813971344286,1.01090682047811,0.4943,0.9914,0.8434,0.00252048261917194,2712.17,14.1,11.5,13390.6,5083.9992323,0.1538203815,9.9,0.077,979.52922972,4,0.239,0.1069814706,0.0111321316
1784,"-74.9128,40.5634",34019,"New Jersey, Hunterdon",0.187828947368421,4.57847555206312,0.0243757717658001,3040,1.01484771021502,1.01221135899448,0.04375,133,0.00106644001475376,1.00107875367025,1.00350931673719,0.761813971344286,1.01090682047811,0.0185,0.5444,0.141,0.00147537565950896,4160.29,2.9,17.2,273.6,4441.0361674,0.1252955142,10.2,0.068,223.30163926,4,0.204,0.0251214779,0.0020767516
1785,"-74.7048,40.2805",34021,"New Jersey, Mercer",0.149373992810214,6.51684238705717,0.0436276909015686,16134,1.01108302961885,1.01221135899448,0.0424569232676336,685,0.00185229752495193,1.00338210332482,1.00350931673719,0.761813971344286,1.01090682047811,0.35,0.9459,0.8672,0.00255265527526223,3196.85,8.2,14.5,1882.8,6163.1624933,0.1355615998,8.8,0.09,417.13780535,5,0.258,0.195518792,0.0060436277
1786,"-74.4143,40.4363",34023,"New Jersey, Middlesex",0.175998257981981,7.79331915124415,0.0442806607326877,36739,1.01338014785218,1.01221135899448,0.0420806227714418,1546,0.00186335778036243,1.00327668045855,1.00350931673719,0.761813971344286,1.01090682047811,0.2134,0.9592,0.907,0.00289869046686393,3097.48,7.6,14.3,2632.7,4976.6980703,0.1097046789,9.7,0.105,843.30175868,5,0.259,0.0965197635,0.0064060457
1787,"-74.2224,40.2655",34025,"New Jersey, Monmouth",0.191434672571971,7.79104986851296,0.0406982171193877,25288,1.01467056414573,1.01221135899448,0.0371322366339766,939,0.00151121582865806,1.00308035698679,1.00350931673719,0.761813971344286,1.01090682047811,0.0924,0.7864,0.3126,0.00336523141397657,3738.4,6.3,16.6,1260.8,5608.3422783,0.1336045242,9.9,0.091,328.04982546,5,0.252,0.0681382915,0.0027842422
1788,"-74.5455,40.861",34027,"New Jersey, Morris",0.190330697340043,6.42820722419612,0.0337738857369473,16692,1.01555982456761,1.01221135899448,0.053798226695423,898,0.0018169751612616,1.00437067960159,1.00350931673719,0.761813971344286,1.01090682047811,0.0389,0.8281,0.2881,0.002589897779972,4308.79,5.1,16.3,1144.7,4031.72747,0.1211193518,10,0.076,403.49618503,4.3,0.213,0.0322826712,0.0031362043
1789,"-74.2809,39.8895",34029,"New Jersey, Ocean",0.16817747179193,7.30822353823064,0.0434554251551148,26145,1.01249117666351,1.01221135899448,0.0462803595333716,1210,0.00201113269985423,1.00654339929962,1.00350931673719,0.761813971344286,1.01090682047811,0.2344,0.6208,0.3757,0.00211085828827676,2575.65,6.7,22.3,834.2,6848.7325373,0.1444327372,7.8,0.109,266.2821314,5,0.281,0.0302517572,0.0026925909
1790,"-74.2995,41.0324",34031,"New Jersey, Passaic",0.156045012440624,10.9654089924698,0.0702708072559655,35368,1.01093231379548,1.01221135899448,0.03879212847772,1372,0.00272595418330651,1.0035912284348,1.00350931673719,0.761813971344286,1.01090682047811,0.5111,0.9729,0.9067,0.00228288728616558,2366.19,12.4,13.9,2376.1,5822.7875287,0.1378206914,9.7,0.086,1006.9401107,4.3,0.273,0.1015914645,0.0148596293
1791,"-75.347,39.5872",34033,"New Jersey, Salem",0.251502542764679,8.6891242193365,0.0345488523647515,2163,1.02345282044449,1.01221135899448,0.0471567267683773,102,0.00162921079112559,1.00427381583427,1.00350931673719,0.761813971344286,1.01090682047811,0.451,0.7854,0.5922,0.00354592936892041,2193.53,6.4,17.7,171.3,9424.6306418,0.1779365465,10.9,0.144,107.49622146,4,0.365,0.1339466833,0.0059578002
1792,"-74.6168,40.5647",34035,"New Jersey, Somerset",0.153593852497423,4.94920945513401,0.0322227053665253,10671,1.01181100293964,1.01221135899448,0.058851091743979,628,0.00189634138976459,1.0034595749246,1.00350931673719,0.761813971344286,1.01090682047811,0.0318,0.8914,0.1777,0.00184802695945211,4202.75,5.3,14.8,1179.5,4492.0224287,0.1084382115,9.9,0.073,319.60266944,4.3,0.222,0.0939987438,0.003617543
1793,"-74.6912,41.1389",34037,"New Jersey, Sussex",0.238877276799044,5.6818585359271,0.0237856802960248,3349,1.01828758148419,1.01221135899448,0.0606151089877575,203,0.0014417716034915,1.00212920819325,1.00350931673719,0.761813971344286,1.01090682047811,0.0882,0.4992,0.0465,0.0010369391828067,3078.08,4.8,16.1,215.7,6386.8956647,0.1375730572,9.1,0.085,70.170707797,3.7,0.278,0.0212004347,0.0028196223
1794,"-74.3068,40.6584",34039,"New Jersey, Union",0.127474292066825,7.39696129676186,0.0580270827696316,32383,1.00999622032428,1.01221135899448,0.0456103511101504,1477,0.00264663561902066,1.00263911164257,1.00350931673719,0.761813971344286,1.01090682047811,0.3354,0.9745,0.7905,0.00311073759960722,3046.15,11.8,13.9,5110.2,5178.7395541,0.1307573586,10.4,0.083,1046.8610174,5,0.249,0.2093440393,0.0076549948
1795,"-74.9956,40.8595",34041,"New Jersey, Warren",0.189671971419292,5.52094461093412,0.0291078569470311,3079,1.0152229273641,1.01221135899448,0.0571614160441702,176,0.00166384632110343,1.00163400436461,1.00350931673719,0.761813971344286,1.01090682047811,0.2076,0.7179,0.3372,0.00292118473421,2730.36,6.2,17.2,255.6,6821.0125891,0.1433012764,10,0.095,186.94564384,4,0.296,0.0478828501,0.0031008045
1796,"-106.6704,35.0516",35001,"New Mexico, Bernalillo",0.232949720343202,11.7209198159425,0.0503152345436356,34149,1.01704350963746,1.0148053834301,0.0123283258660576,421,0.000620302607481056,1.01322819732527,1.01618217762477,0.831047881387478,1.00683852096404,0.5204,0.9436,0.659,0.00207455123832144,1862.46,9.2,15.2,619,8173.6103252,0.1520998963,6.9,0.07,626.7282759,3.7,0.234,0.024946184,0.0622586382
1797,"-108.4047,33.9151",35003,"New Mexico, Catron",0.294117647058824,4.19228619340414,0.0142537730575741,51,1.00869827228079,1.0148053834301,0.0588235294117647,3,0.000838457238680827,1.16993081275869,1.01618217762477,0.831047881387478,1.00683852096404,0.4529,0.4502,0.1732,,1233.46,7.7,38.5,0.5,8884.8778702,0.1447911682,4.3,0.108,2.3617356264,2.3,0.255,0.0061486864,0.0380100615
1798,"-104.4665,33.3641",35005,"New Mexico, Chaves",0.197626418988648,17.7619069702732,0.0898761767843065,5814,1.01162877488382,1.0148053834301,0.0118679050567595,69,0.00106664193294069,1.04708690100905,1.01618217762477,0.831047881387478,1.00683852096404,0.8376,0.9624,0.7972,0.00290621280279491,1423.08,11.7,15.4,10.3,9997.1696751,0.1743944482,7.4,0.117,82.226417281,3.7,0.34,0.0141909753,0.0230023652
1799,"-107.9989,34.9113",35006,"New Mexico, Cibola",0.133858267716535,9.53413594556195,0.0712256038286099,1905,1.00925737632781,1.0148053834301,0.0288713910761155,55,0.00205638226276826,1.01663874843396,1.01618217762477,0.831047881387478,1.00683852096404,0.957,0.9093,0.9959,0.00186943842069842,1163.98,11.1,15.2,5.6,10721.333344,0.2325305817,5.2,0.139,71.747994265,3.3,0.309,0.0099080236,0.4384206984
1800,"-104.6473,36.6057",35007,"New Mexico, Colfax",0.467171717171717,15.2766308835673,0.0327002477291495,396,1.04863720873303,1.0148053834301,0.0202020202020202,8,0.000660611065235343,1.06944880005339,1.01618217762477,0.831047881387478,1.00683852096404,0.8025,0.8195,0.9678,0.00206440957886045,1206.23,8.1,25.5,3.5,11430.902066,0.1694809983,4.6,0.133,81.681767601,2.3,0.281,0.0056977704,0.0283236994
1801,"-103.3469,34.5742",35009,"New Mexico, Curry",0.129343629343629,9.48682161134373,0.0733458745474038,3626,1.00843278611696,1.0148053834301,0.00937672366243795,34,0.000687743997410846,1.02812481341586,1.01618217762477,0.831047881387478,1.00683852096404,0.7914,0.9414,0.5692,0.00214414305075146,1452.43,12.3,12,38.3,9095.79629,0.1899906272,7.1,0.071,84.563762734,3.3,0.301,0.0567995631,0.0212391529
1802,"-104.4118,34.3427",35011,"New Mexico, De Baca",0.371428571428571,14.5985401459854,0.0393037619314992,70,1.00627713668647,1.0148053834301,0,0,0,,1.01618217762477,0.831047881387478,1.00683852096404,0.6207,0.7619,0.2668,,1232.27,7.9,20.9,0.8,7970.8853168,0.1649320264,5.9,0.262,83.762908434,3,0.373,0.0039303762,0.019651881
1803,"-106.8329,32.3528",35013,"New Mexico, Doña Ana",0.13182527301092,9.32319489522899,0.0707238808028613,15384,1.00759896178066,1.0148053834301,0.015340613624545,236,0.00108494772942507,1.01273084121353,1.01618217762477,0.831047881387478,1.00683852096404,0.9341,0.9854,0.9723,0.00168718566397882,1406.26,11.3,14.9,57,6811.9867073,0.1642898942,7.8,0.087,196.87445182,3.3,0.284,0.016099521,0.0235286546
1804,"-104.3054,32.4717",35015,"New Mexico, Eddy",0.182497923013016,11.3816925734024,0.0623661485319516,3611,1.01374094355929,1.0148053834301,0.0160620326779286,58,0.00100172711571675,1.02142923558558,1.01618217762477,0.831047881387478,1.00683852096404,0.4659,0.922,0.6297,0.00454231433506045,1960.45,10.2,14.2,14.7,10317.050767,0.1553087037,7.5,0.094,59.378962563,3,0.345,0.0129533679,0.0242487047
1805,"-108.3828,32.7391",35017,"New Mexico, Grant",0.219092331768388,5.11957873180721,0.0233672200687486,639,1.02060072026627,1.0148053834301,0.0125195618153365,8,0.000292547356103269,1.01925902092718,1.01618217762477,0.831047881387478,1.00683852096404,0.7465,0.8208,0.8994,0.00259635778541651,1386.2,4.1,25.6,7.7,9292.7454046,0.143534322,6,0.085,100.23353518,3.7,0.274,0.0071308418,0.0246105463
1806,"-104.7907,34.8632",35019,"New Mexico, Guadalupe",0.386473429951691,18.428933425478,0.0476848652384243,207,1.02766948763189,1.0148053834301,0.0144927536231884,3,0.000691085003455425,1.05963402266705,1.01618217762477,0.831047881387478,1.00683852096404,0.7882,0.9526,0.8895,0.00230361667818475,993.53,2.3,22.6,1.5,10238.281488,0.1493256997,5.5,0.121,128.92394327,2.7,0.352,0.0152038701,0.0338631652
1807,"-103.8221,35.8575",35021,"New Mexico, Harding",0.142857142857143,1.52671755725191,0.0106870229007634,7,1.02226578920968,1.0148053834301,0,0,0,,1.01618217762477,0.831047881387478,1.00683852096404,0.5016,0.4753,0.1837,,1338.23,2.4,38.3,0.3,,0.1374218585,5,0.083,2.6468363956,,0.249,0.0030534351,0.0213740458
1808,"-108.7152,31.9138",35023,"New Mexico, Hidalgo",0.110576923076923,5.42452830188679,0.0490566037735849,208,1.01074992549693,1.0148053834301,0.0240384615384615,5,0.00117924528301887,1.03239118471,1.01618217762477,0.831047881387478,1.00683852096404,0.9564,0.9468,0.7876,,1035.68,4.9,21,1.4,7686.133975,0.1702488815,6.1,0.086,90.945827163,3,0.249,0.0101415094,0.0127358491
1809,"-103.4124,32.7922",35025,"New Mexico, Lea",0.232207697893972,18.3735329186479,0.0791254255792906,5508,1.0188518057167,1.0148053834301,0.0123456790123457,68,0.000976857105917168,1.03624360478101,1.01618217762477,0.831047881387478,1.00683852096404,0.7631,0.9707,0.9382,0.00303113013747827,1682.85,14.1,11,16.6,9374.8636281,0.167793962,7.6,0.113,101.75319897,3.3,0.331,0.0338739567,0.0199968396
1810,"-105.4586,33.7453",35027,"New Mexico, Lincoln",0.166130760986066,7.92595622826754,0.0477091429740233,933,1.00954089042552,1.0148053834301,0.00964630225080386,9,0.000460216813254244,1.01696850489722,1.01618217762477,0.831047881387478,1.00683852096404,0.385,0.8812,0.3301,0.00127838003681735,1467.76,10.2,27.7,4.3,11848.962523,0.1591402617,5.6,0.117,118.21197908,2.7,0.232,0.0058805482,0.0433626508
1811,"-106.3135,35.8663",35028,"New Mexico, Los Alamos",0.323809523809524,3.56002303544317,0.0109941887859274,210,1.02389881830818,1.0148053834301,0,0,0,,1.01618217762477,0.831047881387478,1.00683852096404,0.0067,0.5899,0.057,0.00246060415685043,3765.53,3.8,17.3,240.1,4613.8188165,0.114489648,5,0.064,141.63445204,1.3,0.231,0.0139783257,0.0132977331
1812,"-107.7509,32.1818",35029,"New Mexico, Luna",0.100323624595469,9.05562742561449,0.0902641572424154,2163,1.00692455679048,1.0148053834301,0.0161812297734628,35,0.0014605850686475,1.01748842798917,1.01618217762477,0.831047881387478,1.00683852096404,0.9949,0.9895,0.9768,0.00104327504903393,1060.73,9.8,20.6,8.3,9737.4935341,0.1921608449,6.9,0.11,73.637252109,3.3,0.325,0.0095563994,0.0227851271
1813,"-108.2622,35.5801",35031,"New Mexico, McKinley",0.161447791403739,18.7577811592198,0.116184811177203,8399,1.01381235054229,1.0148053834301,0.0369091558518871,310,0.00428828330336146,1.00759908908198,1.01618217762477,0.831047881387478,1.00683852096404,0.9955,0.9538,0.8338,0.00315396320376262,1236.08,20.9,11.5,13.3,16329.866975,0.2162166965,6,0.171,89.922099004,3.7,0.388,0.0046756121,0.7924332549
1814,"-104.9498,36.011",35033,"New Mexico, Mora",0.46969696969697,6.87971593430981,0.014647137150466,66,1.03183373741571,1.0148053834301,0,0,0,,1.01618217762477,0.831047881387478,1.00683852096404,0.7318,0.9596,0.4785,,1288.08,6.2,25.2,2.1,8026.8905348,0.1868248679,4.3,0.137,6.0926550362,3,0.272,0.0035508211,0.0297381269
1815,"-105.7418,32.6135",35035,"New Mexico, Otero",0.249060654857756,6.94808403587847,0.0278971563768138,1863,1.01793721758646,1.0148053834301,0.0171765968867418,32,0.000479178209370929,1.00454582940699,1.01618217762477,0.831047881387478,1.00683852096404,0.849,0.943,0.8618,0.00167712373279825,1429.02,10.3,16.7,10,8769.3295866,0.1932136557,6.7,0.103,60.223737706,3.3,0.312,0.0332879112,0.0848744403
1816,"-103.5482,35.104",35037,"New Mexico, Quay",0.258064516129032,9.69344480794862,0.0375620986308009,310,1.01361546133594,1.0148053834301,0.0161290322580645,5,0.000605840300496789,1,1.01618217762477,0.831047881387478,1.00683852096404,0.8481,0.7867,0.1423,0.00302920150248395,1075.76,7.2,24.2,3,12316.82796,0.1682277086,5.9,0.079,50.820985946,3.7,0.301,0.0155095117,0.0271416455
1817,"-106.6932,36.5107",35039,"New Mexico, Rio Arriba",0.256964184195566,11.5879608265395,0.0450956263139004,1759,1.02369902640228,1.0148053834301,0.0164866401364412,29,0.000743475362764703,1.01572221247326,1.01618217762477,0.831047881387478,1.00683852096404,-999,0.9268,0.5409,0.00205096651797159,1239.99,10.6,18,6.2,15166.972435,0.1793258266,5.4,0.089,98.088870045,3,0.283,0.0041532072,0.1929959493
1818,"-103.4799,34.021",35041,"New Mexico, Roosevelt",0.170896785109983,10.7773568799018,0.0630635437229899,1182,1.00940888287289,1.0148053834301,0.0160744500846024,19,0.00101371178573334,1.02485387013382,1.01618217762477,0.831047881387478,1.00683852096404,0.9424,0.9405,0.7389,0.00160059755642106,1249.98,13.6,13.5,7.8,8466.7600598,0.1793080561,6.9,0.076,78.011502789,3.7,0.287,0.020754415,0.0223550125
1819,"-106.8688,35.6886",35043,"New Mexico, Sandoval",0.233895243829019,10.7040274419854,0.0457641945460432,6644,1.01792602825015,1.0148053834301,0.0150511739915713,100,0.000688804854696616,1.01516534655549,1.01618217762477,0.831047881387478,1.00683852096404,0.5264,0.8749,0.1847,0.00186666115622783,1886.59,9.8,16.4,33.9,7312.2965877,0.1619123681,7,0.072,144.26775838,2.7,0.248,0.0202715269,0.1403646533
1820,"-108.3204,36.5084",35045,"New Mexico, San Juan",0.253186924144895,16.0424813864031,0.0633622034020297,7923,1.02235490903168,1.0148053834301,0.0331944970339518,263,0.00210327647289332,1.0072681592538,1.01618217762477,0.831047881387478,1.00683852096404,0.8424,0.9109,0.7857,0.00199131498764425,1531.9,14.5,13.7,24.8,11749.51413,0.2162104602,6.5,0.126,132.23892391,3.3,0.332,0.0057420247,0.4107307086
1821,"-104.8164,35.4801",35047,"New Mexico, San Miguel",0.304201680672269,6.56011018085608,0.0215650030807147,595,1.02457734754365,1.0148053834301,0.00336134453781513,2,7.24874053133268e-05,1,1.01618217762477,0.831047881387478,1.00683852096404,0.8857,0.9838,0.9128,0.00195715994345982,997.64,7.3,19.7,5.8,10234.660218,0.1835512046,5.4,0.14,56.918057712,3.7,0.291,0.0157660107,0.031930702
1822,"-105.9775,35.5071",35049,"New Mexico, Santa Fe",0.203624901497242,8.61011888894813,0.0422842138934798,6345,1.01323728710568,1.0148053834301,0.00756501182033097,48,0.000319880577917577,1.02277387409987,1.01618217762477,0.831047881387478,1.00683852096404,0.2611,0.9513,0.6552,0.00171935810630698,2174.25,12.3,22,79.8,7127.6806132,0.13676492,6.1,0.056,288.93370571,2.7,0.144,0.0082235965,0.0424441542
1823,"-107.1926,33.1303",35051,"New Mexico, Sierra",0.245614035087719,10.2115244347192,0.0415754923413567,456,1.01250777270301,1.0148053834301,0.0307017543859649,14,0.0012764405543399,1.08322761045516,1.01618217762477,0.831047881387478,1.00683852096404,0.8338,0.7883,0.6975,0.00227935813274982,1130.18,6.4,35.2,2.7,13859.308329,0.1575035949,5.5,0.142,96.675506464,2.3,0.267,0.0068380744,0.030269876
1824,"-106.9298,34.0072",35053,"New Mexico, Socorro",0.207207207207207,9.62055572154168,0.0464296384822229,777,1.0154352325089,1.0148053834301,0.0424710424710425,33,0.00197191514789364,1.02374949660693,1.01618217762477,0.831047881387478,1.00683852096404,0.8548,0.9529,0.9803,0.00143412010755901,1161.32,12,18.5,2.8,10862.128918,0.1880198702,5.2,0.165,91.234752913,3,0.335,0.0100388408,0.1458619659
1825,"-105.631,36.5801",35055,"New Mexico, Taos",0.17907444668008,5.42104461702452,0.0302725749961931,994,1.01079961118527,1.0148053834301,0.0331991951710262,33,0.00100502512562814,1.01863023587289,1.01618217762477,0.831047881387478,1.00683852096404,0.7331,0.9074,0.6606,0.000883203898279275,1416.6,10.8,24.3,14.7,9716.821058,0.1633172204,4.8,0.063,73.178594966,1.3,0.192,0.0048423938,0.0745241358
1826,"-105.8509,34.6405",35057,"New Mexico, Torrance",0.237745098039216,6.22153806683343,0.02616894362132,408,1.01058866289177,1.0148053834301,0.00735294117647059,3,0.000192418703097941,1.05963402266705,1.01618217762477,0.831047881387478,1.00683852096404,0.7783,0.8736,0.5486,,1314.95,7.8,19.2,4.4,10623.188413,0.1955110932,5.8,0.07,42.09471223,3.7,0.253,0.0134693092,0.042139696
1827,"-103.471,36.4813",35059,"New Mexico, Union",0.293413173652695,11.8989800874211,0.0405536668285576,167,1.01839008487831,1.0148053834301,0.0419161676646707,7,0.00169985429820301,1.04924143725562,1.01618217762477,0.831047881387478,1.00683852096404,0.5096,0.9249,0.5014,0.0060709082078679,1354.53,15.2,19.4,1.1,5061.9897976,0.1534797799,4.9,0.13,101.42620423,3,0.318,0.0189412336,0.0337542496
1828,"-106.8104,34.7167",35061,"New Mexico, Valencia",0.268830525272547,14.1911687768128,0.0527885319660981,4036,1.01948599526679,1.0148053834301,0.0116451932606541,47,0.00061473265669143,1.0473417597529,1.01618217762477,0.831047881387478,1.00683852096404,0.8554,0.9411,0.5492,,1517.37,8.6,16.6,62.7,9286.2581631,0.1706638115,6.3,0.126,84.333069263,3.3,0.316,0.0100319138,0.0621141572
1829,"-73.9772,42.6006",36001,"New York, Albany",0.275862068965517,7.08524764177822,0.025684022701446,7888,1.02335346916545,1.01347560191959,0.0211713995943205,167,0.000543766707801913,1.01164459221071,1.00243004803782,1.13201834040358,1.00921046188123,0.1745,0.7564,0.7297,0.00458457200350355,2362.52,4,16.1,738,5821.0724177,0.1453185466,9.1,0.091,2106.6802276,4.3,0.273,0.1279382125,0.0029662962
1830,"-78.0275,42.2575",36003,"New York, Allegany",0.269534050179211,8.09821236269653,0.0300452293775576,1395,1.01885705182432,1.01347560191959,0.0458781362007168,64,0.00137841912556537,1.01168858951138,1.00243004803782,1.13201834040358,1.00921046188123,0.614,0.2397,0.829,0.00163687271160887,1371.92,6.9,18,42.9,7283.1368139,0.1655903538,8.5,0.109,27.253401868,3.7,0.359,0.0127719147,0.0031660564
1831,"-73.8628,40.8521",36005,"New York, Bronx",,0,0,0,,1.01347560191959,,0,0,,1.00243004803782,1.13201834040358,1.00921046188123,0.9739,0.9968,0.9704,0.0027287987420154,1363.23,9.7,12.1,30055.2,6695.7687245,0.1592116872,10.3,0.125,3705.6128009,4.3,0.29,0.2922258563,0.0291355825
1832,"-75.8133,42.159",36007,"New York, Broome",0.178328173374613,6.01067520961708,0.0337056960539291,6460,1.01191479277695,1.01347560191959,0.0272445820433437,176,0.000918297601469276,1.01191147754528,1.00243004803782,1.13201834040358,1.00921046188123,0.5217,0.6116,0.8303,0.00387145920619433,1651.48,4.2,18.3,284.9,7415.0655257,0.1551405143,8.9,0.106,663.09466602,3.7,0.28,0.0546961009,0.0026818464
1833,"-78.6792,42.2478",36009,"New York, Cattaraugus",0.367763904653802,8.43310775637689,0.0229307652264446,1762,1.03214032011534,1.01347560191959,0.0164585698070375,29,0.000377407600208225,1.01026070714042,1.00243004803782,1.13201834040358,1.00921046188123,0.6111,0.4117,0.8968,0.00242061426340448,1538.58,7,18.2,57.2,7254.9515966,0.1675436036,9.3,0.133,266.80082941,3.3,0.376,0.0137818844,0.0354763144
1834,"-76.5573,42.9126",36011,"New York, Cayuga",0.437176165803109,8.7497569511958,0.0200142588631797,1544,1.04706558898425,1.01347560191959,0.00841968911917098,13,0.000168513837578586,1.03819186552583,1.00243004803782,1.13201834040358,1.00921046188123,0.3834,0.3327,0.8329,0.00128329768617538,1866.9,5.4,17.8,95.7,6465.7445631,0.1571761064,8.3,0.124,255.07502022,3.7,0.341,0.0396526022,0.004666537
1835,"-79.3669,42.2277",36013,"New York, Chautauqua",0.32759362892811,5.94814716388279,0.0181570904884359,2323,1.02967412511106,1.01347560191959,0.00688764528626776,16,0.000125059598715013,1,1.00243004803782,1.13201834040358,1.00921046188123,0.6602,0.5584,0.7921,0.0028060247461681,1461.22,5.5,19,119.6,7995.6636114,0.1710859469,9.6,0.121,227.66007914,3.7,0.334,0.0213851914,0.0071283971
1836,"-76.7639,42.1389",36015,"New York, Chemung",0.18567993588031,8.24886652265768,0.0444251904954067,3743,1.01242699768726,1.01347560191959,0.0187015762757147,70,0.000830821088613004,1.03239118471,1.00243004803782,1.13201834040358,1.00921046188123,0.3866,0.3158,0.6899,0.00464072922353835,1740.51,4.6,17.9,208.8,7969.1384684,0.1680214825,8.3,0.119,438.22223301,3.7,0.36,0.0602582667,0.0034894486
1837,"-75.6089,42.4943",36017,"New York, Chenango",0.263824884792627,4.81740154830024,0.0182598451699764,868,1.02625302741017,1.01347560191959,0.0149769585253456,13,0.00027347694378997,1.03819186552583,1.00243004803782,1.13201834040358,1.00921046188123,0.4901,0.2305,0.7571,0.00122012790306294,1490.86,4.7,19.7,54.4,7863.0070561,0.1625396801,8.2,0.133,167.75147936,3.3,0.388,0.0089195557,0.0041652642
1838,"-73.6788,44.7453",36019,"New York, Clinton",0.301369863013699,2.45368362352066,0.00814176838713675,657,1.02841256184449,1.01347560191959,0.0076103500761035,5,6.19617076646632e-05,1,1.00243004803782,1.13201834040358,1.00921046188123,0.4736,0.3983,0.9061,0.00371770245987979,1801.51,4.4,15.9,71.6,6220.7055513,0.1675344737,6.7,0.115,198.71676121,3.3,0.353,0.0404486028,0.0040770804
1839,"-73.6309,42.2482",36021,"New York, Columbia",0.152823920265781,3.0709660190934,0.0200947993858068,1204,1.01298923189856,1.01347560191959,0.0481727574750831,58,0.000968021897322919,1,1.00243004803782,1.13201834040358,1.00921046188123,0.2322,0.5727,0.632,0.00320448628079311,2313.01,4.7,22.3,93.1,6838.8716659,0.145780036,8.5,0.079,69.089788275,3.3,0.24,0.0467654717,0.0032879364
1840,"-76.0705,42.5951",36023,"New York, Cortland",0.293640054127199,9.07513121301466,0.030905631181649,1478,1.02984694893487,1.01347560191959,0.0040595399188092,6,0.000125462643497899,1.05963402266705,1.00243004803782,1.13201834040358,1.00921046188123,0.3908,0.2601,0.7969,0.00338749137444326,1627.92,4.3,15.7,95.4,7018.3043692,0.1530232844,7.9,0.118,324.11532148,3.7,0.352,0.0167283525,0.0035756853
1841,"-74.9671,42.1984",36025,"New York, Delaware",0.298828125,3.43611741190738,0.0114986412738339,512,1.02456823630199,1.01347560191959,0.017578125,9,0.000202124553641611,1,1.00243004803782,1.13201834040358,1.00921046188123,0.5016,0.4374,0.8991,0.0015047050104431,1519.17,6,23.3,32.2,6851.2372132,0.1584691835,7.9,0.091,48.180260641,3,0.299,0.0172030453,0.0037280751
1842,"-73.7436,41.7649",36027,"New York, Dutchess",0.213098622348568,6.63561647566714,0.0311387112808885,9146,1.01751970475082,1.01347560191959,0.0225235075442817,206,0.0007013529984543,1.00713411448688,1.00243004803782,1.13201834040358,1.00921046188123,0.2245,0.7771,0.9293,0.00315268386683826,2744.62,5,16.6,332.6,5753.3255218,0.1504086551,9.3,0.092,726.54217783,3.7,0.269,0.1045152153,0.0046575286
1843,"-78.7306,42.7625",36029,"New York, Erie",0.24438789421067,8.77115727738581,0.035890309975112,33009,1.01698996285414,1.01347560191959,0.029234451210276,965,0.00104923351588909,1.01458225253676,1.00243004803782,1.13201834040358,1.00921046188123,0.2806,0.723,0.6355,0.00293459197863695,1932.82,3.7,17.2,916.8,7178.0603331,0.1725372426,10.7,0.111,1170.0493989,4.3,0.301,0.1309258589,0.0074914186
1844,"-73.773,44.1163",36031,"New York, Essex",0.235924932975871,2.35924932975871,0.01,373,1.02397374493793,1.01347560191959,0.0375335120643432,14,0.000375335120643432,1,1.00243004803782,1.13201834040358,1.00921046188123,0.2659,0.3305,0.7151,0.00107238605898123,1764.9,3.9,22,19.2,5261.6893708,0.1375657786,6.6,0.106,91.058522134,2,0.288,0.0232439678,0.0052546917
1845,"-74.2993,44.5904",36033,"New York, Franklin",0.399548532731377,3.51937645397968,0.00880838287634462,443,1.0466284858208,1.01347560191959,0.0203160270880361,9,0.000178951345117611,1.01696850489722,1.00243004803782,1.13201834040358,1.00921046188123,0.6873,0.447,0.8908,0.0034398425228163,1661.01,6.5,15.9,28.7,5946.1572876,0.1869897222,7.4,0.125,147.60967943,3.3,0.339,0.0561509554,0.0758356034
1846,"-74.418,43.1136",36035,"New York, Fulton",0.4,6.15775036853203,0.0153943759213301,825,1.04334427933027,1.01347560191959,0.0351515151515151,29,0.000541135638446754,1.00502563202403,1.00243004803782,1.13201834040358,1.00921046188123,0.5494,0.2786,0.4801,0.0013808288705193,1637.11,6.3,18.6,93.8,6695.4599491,0.1838344499,8,0.125,110.83628252,3.3,0.34,0.0198354201,0.0030042358
1847,"-78.1914,43.0023",36037,"New York, Genesee",0.377652933832709,10.5197266609866,0.0278555406791744,1602,1.02995172868217,1.01347560191959,0.0118601747815231,19,0.000330371581088835,1.04459155226603,1.00243004803782,1.13201834040358,1.00921046188123,0.2366,0.3247,0.2773,0.00227782511171776,1789.81,4.1,18,111.6,7910.0310198,0.1592210155,9.1,0.135,176.73798128,3.7,0.366,0.027612109,0.0115630053
1848,"-74.1238,42.2758",36039,"New York, Greene",0.209195402298851,3.83230506832874,0.0183192604914615,870,1.01332658785109,1.01347560191959,0.0206896551724138,18,0.000379019182581963,1,1.00243004803782,1.13201834040358,1.00921046188123,0.4197,0.517,0.7727,,1859.38,5.5,21,63.5,7900.3495829,0.1544606035,8.2,0.101,39.551718694,3.7,0.279,0.0558421596,0.0045482302
1849,"-74.4972,43.6615",36041,"New York, Hamilton",0.338235294117647,5.1871898962562,0.0153360396932792,68,1.01804126125684,1.01347560191959,0.0147058823529412,1,0.0002255299954894,1,1.00243004803782,1.13201834040358,1.00921046188123,0.5589,0.4024,0.2028,,1684.04,6.8,28.8,2,5198.5675372,0.1393683141,6.6,0.113,20.311591264,3,0.297,0.0094722598,0.0031574199
1850,"-74.9615,43.4203",36043,"New York, Herkimer",0.405846947549441,7.6334643313441,0.0188087267316805,1163,1.03979581091246,1.01347560191959,0.0111779879621668,13,0.00021024372099041,1.01150029829051,1.00243004803782,1.13201834040358,1.00921046188123,0.5433,0.2693,0.7106,0.00040431484805848,1551.78,5.9,19.6,36.1,6536.9032964,0.1782729688,7.8,0.124,391.81299381,3.3,0.32,0.0120971003,0.0033315543
1851,"-75.9465,44.042",36045,"New York, Jefferson",0.454455445544554,4.10719878305221,0.00903762695181424,1010,1.03741591375647,1.01347560191959,0.00495049504950495,5,4.47407274842289e-05,1.03239118471,1.00243004803782,1.13201834040358,1.00921046188123,0.4834,0.4868,0.9207,0.00307816205091495,1536.67,6,12.8,96,6534.4305792,0.1601914683,7.8,0.117,111.88287248,3.7,0.343,0.0621538186,0.0065500425
1852,"-73.9494,40.6362",36047,"New York, Kings",,0,0,0,,1.01347560191959,,0,0,,1.00243004803782,1.13201834040358,1.00921046188123,0.6736,0.9799,0.9096,0.00225760115841925,2237.29,8.2,13.2,33915.1,5111.129221,0.13840802,10.1,0.097,3626.9639418,4,0.226,0.2994935787,0.0092305727
1853,"-75.449,43.7844",36049,"New York, Lewis",0.365079365079365,7.82697470412523,0.021439104624343,567,1.02810631197956,1.01347560191959,0.0158730158730159,9,0.000340303248005445,1,1.00243004803782,1.13201834040358,1.00921046188123,0.5258,0.1948,0.1875,0.00117215563201875,1668.45,6.6,17.3,17.5,6932.5772148,0.1568566686,7,0.116,35.050484519,2.3,0.385,0.0065035732,0.0034030325
1854,"-77.7797,42.726",36051,"New York, Livingston",0.36993699369937,6.50038749268509,0.0175716070666013,1111,1.03136645837447,1.01347560191959,0.0171017101710171,19,0.000300504531292011,1.05570923645175,1.00243004803782,1.13201834040358,1.00921046188123,0.3503,0.3203,0.8278,0.00105967387350341,1760.09,3.3,16.8,87.1,6184.8486851,0.1532609978,8.5,0.119,124.932455,3.3,0.355,0.0253372768,0.0037009505
1855,"-75.6727,42.9165",36053,"New York, Madison",0.399491094147583,8.87068295783601,0.0222049579772583,1572,1.04195362743721,1.01347560191959,0.0146310432569975,23,0.000324881700685077,1.03563782609416,1.00243004803782,1.13201834040358,1.00921046188123,0.236,0.2057,0.531,0.00177978670810085,1887.94,4.8,17,95.3,5429.5335206,0.1515958424,8,0.101,170.92753964,3.7,0.303,0.016583092,0.0075287803
1856,"-77.6932,43.1464",36055,"New York, Monroe",0.34758436409085,10.8623332264834,0.0312509259583501,23203,1.02838913642665,1.01347560191959,0.0156445287247339,363,0.000488906008829939,1.01908722602801,1.00243004803782,1.13201834040358,1.00921046188123,0.3621,0.8039,0.6574,0.00259941762270463,2041.99,3.8,16.3,1186.7,6446.6017069,0.1515144227,8.9,0.094,1631.7803009,5,0.294,0.1462664012,0.0041469466
1857,"-74.4401,42.9012",36057,"New York, Montgomery",0.368146214099217,5.70215347285411,0.0154888282276817,766,1.02995939456044,1.01347560191959,0.0261096605744125,20,0.00040440804772015,1,1.00243004803782,1.13201834040358,1.00921046188123,0.7414,0.6667,0.7138,0.00262865231018097,1591.02,6.6,18.1,116.1,7649.0392479,0.1653712749,8.2,0.113,341.97558728,3.7,0.351,0.0203821656,0.0060863411
1858,"-73.5894,40.7407",36059,"New York, Nassau",0.146065980844271,7.57835097615256,0.0518830663536382,70475,1.01140226013152,1.01347560191959,0.0325931181269954,2297,0.00169103091045487,1.001753638387,1.00243004803782,1.13201834040358,1.00921046188123,0.0764,0.9105,0.5546,0.00326721601245046,4105.08,4.8,17.1,4424.3,4292.1835498,0.1122536464,10,0.086,2597.0328412,5,0.236,0.1163314421,0.0054294092
1859,"-73.9715,40.7673",36061,"New York, New York",0.128367112422969,5.42664216142692,0.042274396136186,355052,1.01006860146453,1.01347560191959,0.0688800513727567,24456,0.00291186257761276,1.00074994309731,1.00243004803782,1.13201834040358,1.00921046188123,0.4201,0.9612,0.9736,0.00101157934492141,3608.74,5.8,15.8,146437.5,3925.1677134,0.1241823421,10.8,0.065,4444.1247471,3,0.146,0.1245673699,0.0117885358
1860,"-78.7478,43.199",36063,"New York, Niagara",0.362004740941415,10.1600034215166,0.0280659402280061,5906,1.0296670073573,1.01347560191959,0.022688791059939,134,0.000636782253733968,1.01468524901235,1.00243004803782,1.13201834040358,1.00921046188123,0.3201,0.4655,0.4645,0.00296056226922583,1815.61,3.6,18.1,361.1,7692.4617485,0.1680214371,11,0.128,788.12792768,3.7,0.335,0.0703121659,0.0113290216
1861,"-75.4371,43.2438",36065,"New York, Oneida",0.380290668026517,12.9934618886038,0.0341671857372472,7844,1.03251345691359,1.01347560191959,0.0239673635900051,188,0.00081889736341184,1.01533688516017,1.00243004803782,1.13201834040358,1.00921046188123,0.472,0.7179,0.8679,0.0030534417646367,1745.33,4.2,18,191.2,7265.0456208,0.1683525727,8.1,0.138,531.96134428,3.7,0.331,0.0612082221,0.0034803138
1862,"-76.1997,43.0049",36067,"New York, Onondaga",0.295152153866421,9.70314567277814,0.0328750630671988,15182,1.02626839364082,1.01347560191959,0.0182452904755632,277,0.0005998150750635,1.0206938638404,1.00243004803782,1.13201834040358,1.00921046188123,0.3532,0.7128,0.7708,0.00376346065148146,2046.16,4.1,16.2,628.9,6621.7243811,0.1575882059,8.2,0.108,1060.9644599,4.3,0.295,0.1091035471,0.0093003818
1863,"-77.3087,42.8515",36069,"New York, Ontario",0.364831953239162,6.81751984271463,0.0186867399694167,2053,1.03360012256924,1.01347560191959,0.0180224062347784,37,0.000336780018932498,1,1.00243004803782,1.13201834040358,1.00921046188123,0.0876,0.4699,0.6301,0.00363176290686667,2215.42,4,18.8,172.5,6165.9640498,0.1404008102,8.5,0.111,354.06382745,3.7,0.33,0.0225642613,0.0036408651
1864,"-74.3024,41.4034",36071,"New York, Orange",0.139997952497952,7.16060437071771,0.0511479221156641,19536,1.0100204304596,1.01347560191959,0.026463963963964,517,0.00135357676770057,1,1.00243004803782,1.13201834040358,1.00921046188123,0.2646,0.8777,0.9004,0.00241392220468071,2684.3,5.2,13.3,436.6,5849.3994098,0.1514202321,9,0.097,489.85499069,4,0.304,0.1039766881,0.0084618184
1865,"-78.232,43.2517",36073,"New York, Orleans",0.275581395348837,5.83571358219246,0.0211760070915001,860,1.0281736183538,1.01347560191959,0.0686046511627907,59,0.00145277257953314,1.00244504617041,1.00243004803782,1.13201834040358,1.00921046188123,0.5213,0.5177,0.8539,0.000960307298335467,1518.6,5.5,16.9,92.7,7556.2424868,0.17041979,9,0.155,196.59901714,3.7,0.381,0.0593913129,0.0079533143
1866,"-76.1464,43.4278",36075,"New York, Oswego",0.342402678945165,6.93820081765594,0.020263278427115,2389,1.02288878664962,1.01347560191959,0.00795311845960653,19,0.000161156253710835,1.04459155226603,1.00243004803782,1.13201834040358,1.00921046188123,0.6541,0.1751,0.9354,0.00106872041934554,1721.45,5,15.3,104,7397.3923193,0.1860683158,8.2,0.121,153.58442673,3.3,0.341,0.0096100019,0.00480076
1867,"-75.0315,42.6349",36077,"New York, Otsego",0.299319727891156,4.41848399136387,0.0147617533347838,882,1.02759066653112,1.01347560191959,0.0090702947845805,8,0.000133893454283754,1,1.00243004803782,1.13201834040358,1.00921046188123,0.4596,0.3457,0.8153,0.00401680362851261,1854.8,5.7,20,62.1,6268.5584957,0.1550593136,7.8,0.097,161.30808442,3.7,0.296,0.0203852784,0.0025607123
1868,"-73.7497,41.4263",36079,"New York, Putnam",0.254875768100454,9.64688751365126,0.0378493710310237,3743,1.01679880648943,1.01347560191959,0.0176329147742453,66,0.000667394733648829,1.00218344770505,1.00243004803782,1.13201834040358,1.00921046188123,0.0895,0.7507,0.1773,0.00165837479270315,3531.41,4.6,16.2,306.5,4830.5589206,0.1263148198,9.3,0.063,309.75187877,3.3,0.232,0.0277676657,0.0044998584
1869,"-73.8168,40.7109",36081,"New York, Queens",,0,0,0,,1.01347560191959,,0,0,,1.00243004803782,1.13201834040358,1.00921046188123,0.5223,0.9936,0.8478,0.00180788501149236,2271.74,10.5,14.8,18032.9,4306.4080914,0.1242777748,8.1,0.109,4496.4113693,5,0.233,0.1795743221,0.0132458294
1870,"-73.5109,42.7135",36083,"New York, Rensselaer",0.330478785519657,5.32482031083403,0.0161124421419701,2569,1.02921569739286,1.01347560191959,0.0260801868431296,67,0.000420215501561696,1.02082087901301,1.00243004803782,1.13201834040358,1.00921046188123,0.2258,0.5183,0.7498,0.002558924248316,2231.46,4.3,16,215.2,6570.3862422,0.1456438162,9.1,0.088,1307.9807034,3,0.303,0.0693920046,0.0034244427
1871,"-74.1481,40.5858",36085,"New York, Richmond",,0,0,0,,1.01347560191959,,0,0,,1.00243004803782,1.13201834040358,1.00921046188123,0.2955,0.9004,0.8067,0.00244025881023733,2849.47,4.9,15.5,7050.8,5567.4136028,0.1537341777,9.8,0.11,1550.4116385,5,0.275,0.0943216732,0.006432455
1872,"-74.0256,41.1503",36087,"New York, Rockland",0.103747238547789,7.64211916056433,0.0736609404504214,23991,1.00730055204257,1.01347560191959,0.0288441498895419,692,0.00212468720735658,1,1.00243004803782,1.13201834040358,1.00921046188123,0.357,0.916,0.9074,0.00202950613303858,3425.57,6.1,15.3,1662.7,4356.6163647,0.121652885,9.7,0.081,2018.1001602,5,0.232,0.1140299974,0.0053854066
1873,"-75.0655,44.4976",36089,"New York, St. Lawrence",0.386109036594473,4.78495469564171,0.0123927550047664,1339,1.02848572982732,1.01347560191959,0.0186706497386109,25,0.000231380787990412,1.03998393266325,1.00243004803782,1.13201834040358,1.00921046188123,0.678,0.4244,0.943,0.00295241885475765,1603.13,5.9,16.3,38.9,6605.4919964,0.1738965495,7.9,0.108,31.025397515,3,0.329,0.0228696771,0.0099586291
1874,"-73.8665,43.109",36091,"New York, Saratoga",0.333036244800951,4.87046136868219,0.0146244183469976,3366,1.03015417925676,1.01347560191959,0.0071301247771836,24,0.000104273927607826,1.01925902092718,1.00243004803782,1.13201834040358,1.00921046188123,0.0245,0.3273,0.2642,0.000742951734205759,2753.87,3.5,17,246.8,4949.6424967,0.1479515368,9.4,0.09,435.6101585,3.3,0.259,0.0173616089,0.0023722319
1875,"-74.0528,42.8167",36093,"New York, Schenectady",0.333969465648855,7.88542001931123,0.0236112005149662,3668,1.02757683270192,1.01347560191959,0.0169029443838604,62,0.00039909880914065,1.0046952487017,1.00243004803782,1.13201834040358,1.00921046188123,0.3385,0.7042,0.6135,0.00236884454457676,2104.57,4.8,16.5,729.3,6796.9333297,0.1414383626,9,0.099,714.44375534,4,0.296,0.1082458964,0.0070872224
1876,"-74.4434,42.5883",36095,"New York, Schoharie",0.398773006134969,4.1804675692189,0.0104833263658874,326,1.04164958483949,1.01347560191959,0.00613496932515337,2,6.43148856802907e-05,1,1.00243004803782,1.13201834040358,1.00921046188123,0.4,0.2388,0.5995,0.00128629771360581,1771.99,4.2,20.3,45.8,6061.3445057,0.1498757521,7.5,0.12,65.793596832,3.7,0.36,0.0127665048,0.002829855
1877,"-76.8773,42.3918",36097,"New York, Schuyler",0.180156657963446,3.85216614560071,0.0213823135328272,383,1.01213067462681,1.01347560191959,0.0130548302872063,5,0.000279142474318892,1.03239118471,1.00243004803782,1.13201834040358,1.00921046188123,0.4532,0.1375,0.5654,0.00139571237159446,1478.09,5.6,20,46.2,7035.7094454,0.1621694372,8,0.111,232.70254539,2.3,0.322,0.0095466726,0.0039079946
1878,"-76.825,42.7808",36099,"New York, Seneca",0.387966804979253,5.45189504373178,0.0140524781341108,482,1.03377550941825,1.01347560191959,0.024896265560166,12,0.000349854227405248,1.13322433403702,1.00243004803782,1.13201834040358,1.00921046188123,0.3745,0.4091,0.6832,,1604.79,9.6,18.3,80.1,8160.3088378,0.1583434488,8.3,0.126,157.62961878,3.3,0.382,0.049271137,0.0050728863
1879,"-77.383,42.2689",36101,"New York, Steuben",0.26453488372093,6.6495469539438,0.0251367489247985,2408,1.02262005393113,1.01347560191959,0.0411129568106312,99,0.00103344607290492,1.00743105539104,1.00243004803782,1.13201834040358,1.00921046188123,0.4468,0.2948,0.6055,0.00579356131780033,1681.15,5.8,18.5,68.3,6916.9195468,0.1539756419,7.9,0.133,183.24760574,3.7,0.337,0.014885799,0.0031003382
1880,"-72.8012,40.8832",36103,"New York, Suffolk",0.187623542700391,9.4207453549507,0.050210891551037,74367,1.0147722511533,1.01347560191959,0.028413140236933,2113,0.00142664910306105,1.00245790051696,1.00243004803782,1.13201834040358,1.00921046188123,0.1255,0.8545,0.4288,0.0022213324889119,3435.01,5.4,16.1,1534.4,5813.7858882,0.1262548147,9,0.081,776.89243027,5,0.246,0.0739244598,0.0061373594
1881,"-74.7639,41.7158",36105,"New York, Sullivan",0.107535641547862,3.49678137169197,0.0325174176799385,2455,1.0092350178945,1.01347560191959,0.0195519348268839,48,0.000635778431216721,1,1.00243004803782,1.13201834040358,1.00921046188123,0.5678,0.7841,0.8962,0.0022384698932422,1951.51,6.1,18,72.6,8084.84768,0.1614407528,8.4,0.119,112.64612895,3.3,0.325,0.0816180561,0.0074968873
1882,"-76.3084,42.1685",36107,"New York, Tioga",0.171909290416971,4.83937397034596,0.0281507413509061,1367,1.01274848153477,1.01347560191959,0.0380395025603511,52,0.00107084019769358,1.00277786339753,1.00243004803782,1.13201834040358,1.00921046188123,0.3029,0.1414,0.2725,,1895.97,4.4,19.2,79.6,5846.2989589,0.1565940552,8.7,0.126,281.69498582,3.7,0.349,0.008669687,0.0025947282
1883,"-76.4723,42.4495",36109,"New York, Tompkins",0.289845758354756,4.38745828996138,0.0151372175148113,1556,1.02533700316535,1.01347560191959,0.0038560411311054,6,5.83697333476015e-05,1.05963402266705,1.00243004803782,1.13201834040358,1.00921046188123,0.3159,0.5969,0.957,0.00206239724494859,2121.34,3.7,13.2,241.7,5338.4002532,0.1414917359,8.2,0.053,351.22396549,3,0.227,0.0397887016,0.0046695787
1884,"-74.2625,41.8903",36111,"New York, Ulster",0.231569216547261,5.61033376446677,0.0242274592802871,4327,1.01652440619012,1.01347560191959,0.0268084122948925,116,0.000649499717243658,1.02142923558558,1.00243004803782,1.13201834040358,1.00921046188123,0.3404,0.673,0.8023,0.00181971903538094,2225.69,5.9,18.6,142.9,6534.0908606,0.1572173015,8.9,0.082,325.55372747,3,0.284,0.0607506201,0.004462511
1885,"-73.8434,43.5617",36113,"New York, Warren",0.23474801061008,2.75422080448144,0.0117326694157006,754,1.019867402565,1.01347560191959,0.0464190981432361,35,0.000544619933089551,1,1.00243004803782,1.13201834040358,1.00921046188123,0.1596,0.256,0.369,0.00637983350190617,2117.16,5,20.9,80.5,6571.3310731,0.142160231,8.5,0.089,174.556269,3.3,0.305,0.0120750019,0.0031121139
1886,"-73.4304,43.3115",36115,"New York, Washington",0.217770034843206,2.04258378678693,0.0093795447489256,574,1.02315938091623,1.01347560191959,0.024390243902439,14,0.000228769384120137,1,1.00243004803782,1.13201834040358,1.00921046188123,0.4449,0.3457,0.6361,,1707.61,6.4,18.3,58.8,6949.619936,0.1535492042,8.9,0.124,160.02051153,3.7,0.336,0.0293968659,0.0032844747
1887,"-77.0298,43.1549",36117,"New York, Wayne",0.321901323706378,5.94022028779534,0.0184535441463848,1662,1.02564915441038,1.01347560191959,0.0150421179302046,25,0.000277580387280156,1.03998393266325,1.00243004803782,1.13201834040358,1.00921046188123,0.3599,0.3706,0.4183,0.00133238585894475,1629.6,5,17.7,131.7,7146.8660444,0.1609241112,8.6,0.121,156.55370754,3.3,0.363,0.0280245159,0.0041637058
1888,"-73.7574,41.1628",36119,"New York, Westchester",0.148325033567313,9.0191109659657,0.0608063976056519,58837,1.01054629630548,1.01347560191959,0.0265479205261995,1562,0.00161428341111933,1.00305510369887,1.00243004803782,1.13201834040358,1.00921046188123,0.264,0.9392,0.9386,0.00234804859799176,3960.43,6.8,16.4,2086.6,4257.6513773,0.1137154602,10.4,0.076,2804.6893615,4.3,0.207,0.1380429346,0.0095647842
1889,"-78.222,42.7015",36121,"New York, Wyoming",0.396375990939977,8.73144567793439,0.0220281900960459,883,1.03586142149961,1.01347560191959,0.0135900339750849,12,0.000299363851814893,1.04195362743721,1.00243004803782,1.13201834040358,1.00921046188123,0.3933,0.3754,0.4683,0.00154671323437695,1615.84,4.2,16.6,58.6,6456.0095038,0.1589791286,8.8,0.123,62.053815875,3.7,0.379,0.0511912187,0.0044405638
1890,"-77.1037,42.6351",36123,"New York, Yates",0.276243093922652,4.0256028340244,0.0145726822591683,362,1.0238216607583,1.01347560191959,0.0193370165745856,7,0.000281792198381708,1,1.00243004803782,1.13201834040358,1.00921046188123,0.3971,0.2869,0.8691,0.0010064007085061,1779.51,18.8,19.5,58.6,7491.4017741,0.1513063247,7.9,0.143,15.153931408,3,0.295,0.0088563262,0.0033009943
1891,"-79.3998,36.0435",37001,"North Carolina, Alamance",0.156853509185115,8.00307625754044,0.0510226152995746,8492,1.01249538569583,1.01440933410098,0.0133066415449835,113,0.000678939652479031,1.01192727212718,1.00706479911995,0.582352397333493,1.00959802907206,0.6054,0.8606,0.802,0.00142997909106203,1664.55,11.9,16.4,366.6,8077.6461602,0.1709856025,10.5,0.126,181.69073909,5,0.324,0.1989413348,0.0142577327
1892,"-81.1775,35.9224",37003,"North Carolina, Alexander",0.197162426614481,10.7889593874655,0.054721173667443,2044,1.01727984731887,1.01440933410098,0.0102739726027397,21,0.000562203839049072,1.02226578920968,1.00706479911995,0.582352397333493,1.00959802907206,0.7029,0.5807,0.5696,0.000669290284582229,1343.47,10.8,19.1,120.3,8854.860179,0.1656872447,10.1,0.183,13.144477715,4.3,0.348,0.0574251064,0.0053275507
1893,"-81.1286,36.4936",37005,"North Carolina, Alleghany",0.195876288659794,8.51178209837828,0.0434548875548786,485,1.02007652994868,1.01440933410098,0.00206185567010309,1,8.95977062987187e-05,1,1.00706479911995,0.582352397333493,1.00959802907206,0.8742,0.5565,0.1121,0.00367350595824747,1337.96,11.2,25.5,48.3,8239.8174784,0.1720532183,8.7,0.11,27.66115365,3,0.257,0.0155900009,0.0057342532
1894,"-80.0995,34.974",37007,"North Carolina, Anson",0.173285198555957,7.71797242432769,0.0445391325320577,1108,1.01274535025138,1.01440933410098,0.0162454873646209,18,0.000723559914780721,1.01696850489722,1.00706479911995,0.582352397333493,1.00959802907206,0.9178,0.8383,0.9682,0.000602966595650601,1244.11,12.2,17.2,43.4,11387.890127,0.2021710468,10.2,0.185,79.430119625,3.7,0.386,0.4822124854,0.0096072678
1895,"-81.4986,36.433",37009,"North Carolina, Ashe",0.212060301507538,7.78339296912465,0.0367036777453982,995,1.02413854729665,1.01440933410098,0.00301507537688442,3,0.000110664355011251,1,1.00706479911995,0.582352397333493,1.00959802907206,0.6379,0.3916,0.4218,0.00280349699361836,1390.56,11.9,24,59.3,7387.1355681,0.167474188,8.5,0.173,18.047239796,4,0.26,0.0074145118,0.0042421336
1896,"-81.9231,36.0757",37011,"North Carolina, Avery",0.178847807394669,11.8823193373322,0.0664381605255641,1163,1.01443313176022,1.01440933410098,0.0111779879621668,13,0.000742644958583262,1.05393640495762,1.00706479911995,0.582352397333493,1.00959802907206,0.6475,0.538,0.8071,0.00285632676378178,1513.93,15,21.1,68.8,7900.7887606,0.1738596539,8.5,0.18,35.472732186,4,0.265,0.0441588118,0.0061125393
1897,"-76.8433,35.4853",37013,"North Carolina, Beaufort",0.150596421471173,6.43599056904352,0.0427366766498864,2012,1.01332078127323,1.01440933410098,0.0288270377733598,58,0.00123197179209414,1.00761597301056,1.00706479911995,0.582352397333493,1.00959802907206,0.7137,0.717,0.3996,0.00301620680133393,1389.1,10.4,22.9,57.5,10201.594333,0.1769732422,9.2,0.11,53.163639,3.7,0.393,0.2434843561,0.0106204465
1898,"-76.9655,36.0688",37015,"North Carolina, Bertie",0.13640730067243,7.46347103962998,0.054714601072217,1041,1.01044055205714,1.01440933410098,0.0249759846301633,26,0.00136655103542521,1,1.00706479911995,0.582352397333493,1.00959802907206,0.9535,0.6565,0.923,0.000315357931251971,1106.1,10.4,21,27.5,11007.103136,0.1995360125,9.1,0.204,23.589517215,3,0.433,0.6072742563,0.0068853148
1899,"-78.5618,34.613",37017,"North Carolina, Bladen",0.126549249836921,5.84513407652907,0.0461886110274179,1533,1.00888052608983,1.01440933410098,0.0136986301369863,21,0.000632720699005725,1.0069943706001,1.00706479911995,0.582352397333493,1.00959802907206,0.9061,0.8341,0.7555,0.00174751431153962,1182.58,14,20,41.3,11127.709707,0.1873988081,10,0.192,18.545636813,3.7,0.437,0.335100934,0.0302500753
1900,"-78.2281,34.0706",37019,"North Carolina, Brunswick",0.169529085872576,4.47551629321945,0.026399695781899,3610,1.01242766290017,1.01440933410098,0.0182825484764543,66,0.000482653717896215,1.0044056276055,1.00706479911995,0.582352397333493,1.00959802907206,0.3592,0.5603,0.3419,0.00127245071081729,1946.94,11,29.3,144.7,8736.6893084,0.1499510475,9.3,0.128,43.278357978,4,0.289,0.1001798982,0.0083294331
1901,"-82.5331,35.6111",37021,"North Carolina, Buncombe",0.188196152177058,5.02116918754318,0.0266805092955311,6913,1.01715515577865,1.01440933410098,0.0195284247070736,135,0.000521028316924158,1.00213451057641,1.00706479911995,0.582352397333493,1.00959802907206,0.2134,0.6587,0.8838,0.00340405167057116,1932.42,10.2,19,435.3,7415.9251915,0.1663768144,9,0.083,270.1721254,5,0.221,0.0603003439,0.0051871264
1902,"-81.7076,35.7499",37023,"North Carolina, Burke",0.215938303341902,12.0820517359651,0.0559514062534575,5057,1.01843490961791,1.01440933410098,0.0140399446312043,71,0.00078555464583656,1.00618651102204,1.00706479911995,0.582352397333493,1.00959802907206,0.8376,0.6517,0.7924,0.0034852072315284,1390.35,12.3,19.2,169.1,9784.3067442,0.173031982,10.1,0.089,96.473698281,4.3,0.364,0.0666836317,0.0091721803
1903,"-80.5527,35.3878",37025,"North Carolina, Cabarrus",0.201335328652009,8.27568585515421,0.0411039925807459,8687,1.01692670182121,1.01440933410098,0.0130079429031887,113,0.000534678388583433,1.00385131918851,1.00706479911995,0.582352397333493,1.00959802907206,0.3191,0.8103,0.3633,0.00216237189011176,2194.96,7.8,12.8,535.6,6642.3591456,0.1552044606,11,0.117,116.0577952,5,0.359,0.1800210086,0.0071306224
1904,"-81.548,35.952",37027,"North Carolina, Caldwell",0.201079622132254,10.8985846468932,0.054200343780858,4446,1.01949316760862,1.01440933410098,0.00562303193882141,25,0.000304770264174865,1,1.00706479911995,0.582352397333493,1.00959802907206,0.7818,0.5686,0.3693,0.00134098916236941,1456.62,12.6,18.9,160.1,9025.1775075,0.1672011169,9.9,0.187,64.392493364,5,0.39,0.0477148326,0.0063757939
1905,"-76.1557,36.338",37029,"North Carolina, Camden",0.194690265486726,4.10830999066293,0.0211017740429505,226,1.01545086636079,1.01440933410098,0.0176991150442478,4,0.000373482726423903,1,1.00706479911995,0.582352397333493,1.00959802907206,0.585,0.5234,0.0341,,2197.35,8.1,17.1,30.1,6289.1420511,0.1555760781,8.4,0.107,24.506464057,3,0.324,0.1160597572,0.0055088702
1906,"-76.5412,34.8933",37031,"North Carolina, Carteret",0.202584217812644,6.31436626201024,0.0311690926874173,2167,1.01789369764663,1.01440933410098,0.00738347946469774,16,0.000230136355790806,1.01925902092718,1.00706479911995,0.582352397333493,1.00959802907206,0.3232,0.4852,0.5151,0.00194177550198493,1925.77,11.4,23.6,129.8,8751.1935058,0.1564647399,8.7,0.11,129.65478889,4.3,0.319,0.0549019044,0.0062568322
1907,"-79.3335,36.3931",37033,"North Carolina, Caswell",0.121875,5.15463917525773,0.042294475284166,960,1.01119961438567,1.01440933410098,0.00833333333333333,8,0.000352453960701383,1,1.00706479911995,0.582352397333493,1.00959802907206,0.8261,0.7316,0.8981,,1185.21,9,20.2,38.1,10090.551275,0.1766468938,10.2,0.062,18.276575648,3.7,0.286,0.3191911182,0.0072693629
1908,"-81.2133,35.6621",37035,"North Carolina, Catawba",0.21266864852504,11.7237727857197,0.0551269445074755,8746,1.01910214527887,1.01440933410098,0.0120054882231877,105,0.000661825883064821,1.0041496628021,1.00706479911995,0.582352397333493,1.00959802907206,0.5799,0.7857,0.6616,0.00386380253636891,1841.49,10.8,17.1,425,8342.6260312,0.1602464796,10.5,0.106,106.74795227,5,0.313,0.0848019565,0.0060698888
1909,"-79.2554,35.7039",37037,"North Carolina, Chatham",0.0851393188854489,3.00797112347721,0.0353299881048415,2584,1.00693314633886,1.01440933410098,0.0251547987616099,65,0.000888718741027359,1,1.00706479911995,0.582352397333493,1.00959802907206,0.2793,0.8284,0.283,0.000341814900395138,2566.74,11.9,23.4,89.2,6197.8159203,0.1417891525,10.3,0.112,42.099221914,3.7,0.238,0.1200590656,0.0119635215
1910,"-84.0597,35.1349",37039,"North Carolina, Cherokee",0.121951219512195,4.58020646161435,0.0375576929852376,1066,1.00888427916244,1.01440933410098,0.0140712945590994,15,0.000528485360955502,1,1.00706479911995,0.582352397333493,1.00959802907206,0.7,0.3457,0.2884,0.00672938026283339,1326.34,14,28.3,65.5,10653.806943,0.17350195,9,0.131,24.681089264,3.7,0.27,0.014586196,0.0154317725
1911,"-76.6012,36.1291",37041,"North Carolina, Chowan",0.112359550561798,5.70247344785801,0.0507520136859363,712,1.00659092708356,1.01440933410098,0.026685393258427,19,0.00135433744386628,1.00775379492937,1.00706479911995,0.582352397333493,1.00959802907206,0.8283,0.3929,0.7173,0.00634400171074203,1261.26,11.9,23.4,77.8,9837.3522503,0.1797144501,8.6,0.165,82.640977559,3.7,0.385,0.3399386984,0.0044194169
1912,"-83.7435,35.057",37043,"North Carolina, Clay",0.102564102564103,2.87278929885986,0.0280096956638837,312,1.00514072887294,1.01440933410098,0.016025641025641,5,0.000448873327946853,1,1.00706479911995,0.582352397333493,1.00959802907206,0.3707,0.2311,0.2044,,1325.71,14.6,29.3,45.1,10263.858116,0.1631099429,8.5,0.062,20.986214798,3,0.314,0.0114911572,0.0061944519
1913,"-81.552,35.3355",37045,"North Carolina, Cleveland",0.181123423767673,9.70863843514773,0.0536023349889907,5234,1.01586303904128,1.01440933410098,0.0227359572029041,119,0.00121870039428542,1.00741819007988,1.00706479911995,0.582352397333493,1.00959802907206,0.864,0.5174,0.7654,0.00351272466588151,1296.81,12.3,17.9,205.5,10469.890647,0.1837049576,10.6,0.154,94.133787582,5,0.381,0.2064826668,0.0037687542
1914,"-78.658,34.2674",37047,"North Carolina, Columbus",0.0931840632202832,5.08489803252179,0.0545683227023628,3037,1.00746181122563,1.01440933410098,0.0243661508067172,74,0.00132961998023538,1,1.00706479911995,0.582352397333493,1.00959802907206,0.8637,0.8115,0.9007,0.00276704698589525,1321.93,13.7,19.2,56,11745.545017,0.1920530509,9.7,0.191,39.534388164,3.7,0.462,0.3000269518,0.0371395203
1915,"-77.084,35.1183",37049,"North Carolina, Craven",0.208755060728745,8.0165578358209,0.0384017412935323,3952,1.01787699301961,1.01440933410098,0.0194838056680162,77,0.000748212064676617,1.00569333558889,1.00706479911995,0.582352397333493,1.00959802907206,0.5793,0.8217,0.9054,0.00340096393034826,1813.52,11.4,18,147.2,9835.3044453,0.156588877,9.4,0.154,111.1919673,4,0.306,0.2085276741,0.0065104167
1916,"-78.8262,35.0476",37051,"North Carolina, Cumberland",0.156794425087108,5.28089549544128,0.0336803779375922,11193,1.01320398598239,1.01440933410098,0.0111676940945234,125,0.000376132157794963,1.00347641340956,1.00706479911995,0.582352397333493,1.00959802907206,0.678,0.8532,0.8567,0.00280143231125688,1493.26,10.2,11.2,571.3,9399.6655118,0.1809085747,10.6,0.115,169.35789409,5,0.337,0.3712364216,0.0184575572
1917,"-75.9588,36.3612",37053,"North Carolina, Currituck",0.326488706365503,5.87322695035461,0.0179890661938534,487,1.0277805990532,1.01440933410098,0.0123203285420945,6,0.000221631205673759,1.02638809625704,1.00706479911995,0.582352397333493,1.00959802907206,0.2742,0.3047,0.0579,,1925.22,13.7,15.5,82.9,7121.9453564,0.1537226844,8.5,0.094,45.195247598,3.7,0.286,0.0553339243,0.0067966903
1918,"-75.7177,35.6652",37055,"North Carolina, Dare",0.192695214105793,4.19166598175392,0.0217528286896249,794,1.01447720737045,1.01440933410098,0.00503778337531486,4,0.000109586038738665,1,1.00706479911995,0.582352397333493,1.00959802907206,0.1296,0.616,0.1885,0.00057532670337799,2135.23,14.9,20.1,98.1,7250.835786,0.157578202,8.2,0.103,124.28451809,4,0.226,0.0241637215,0.005588888
1919,"-80.2126,35.7912",37057,"North Carolina, Davidson",0.19540924192087,7.76645419952705,0.0397445592807327,6622,1.01675203996558,1.01440933410098,0.00875868317728783,58,0.000348110002760872,1.00502563202403,1.00706479911995,0.582352397333493,1.00959802907206,0.7006,0.7014,0.5024,0.00145846087363607,1557.93,11.4,17.5,254,9018.559568,0.1785797094,10.8,0.158,93.913522475,5,0.322,0.0949259966,0.0077904618
1920,"-80.545,35.931",37059,"North Carolina, Davie",0.215277777777778,7.97978143355252,0.037067371820373,1584,1.01779665734133,1.01440933410098,0.00820707070707071,13,0.000304214541455082,1,1.00706479911995,0.582352397333493,1.00959802907206,0.4376,0.6737,0.3356,0.00117005592867339,2163.66,10.8,19.8,134.5,7772.0686825,0.1507357569,10.4,0.159,29.32953781,4.3,0.412,0.0624341844,0.0069267311
1921,"-77.9314,34.9345",37061,"North Carolina, Duplin",0.0997326203208556,6.33750169906212,0.0635449232023923,3740,1.00857551976594,1.01440933410098,0.0168449197860963,63,0.00107040913415794,1,1.00706479911995,0.582352397333493,1.00959802907206,0.9643,0.9459,0.767,0.00171605273888813,1293.28,17.9,17.3,68.9,7384.2022931,0.213033962,9.9,0.206,20.570533795,3.7,0.398,0.2421163518,0.0139493
1922,"-78.8761,36.0364",37063,"North Carolina, Durham",0.114279000548289,4.60631624144801,0.040307634992849,12767,1.01049790294393,1.01440933410098,0.0100258478890891,128,0.000404118217207227,1.00339382124541,1.00706479911995,0.582352397333493,1.00959802907206,0.3873,0.9577,0.9019,0.00477048926718844,2191.76,12.2,12.1,1282.5,6103.6972489,0.1478937225,10.6,0.066,394.89288729,5,0.247,0.3596873135,0.0091621177
1923,"-77.5944,35.9123",37065,"North Carolina, Edgecombe",0.114862513052558,6.34554369772137,0.0552446880107682,2873,1.00944656641426,1.01440933410098,0.0264531848242255,76,0.00146139794250553,1.0057699968369,1.00706479911995,0.582352397333493,1.00959802907206,0.9229,0.8163,0.9089,0.00224978367464667,1069.8,11.2,18.4,105,12204.343614,0.2079478765,10.2,0.164,64.881720503,3.7,0.38,0.5723103548,0.0077877127
1924,"-80.2546,36.1286",37067,"North Carolina, Forsyth",0.197971994205698,8.65209351646931,0.0437036235917267,16568,1.01694987259656,1.01440933410098,0.0111661033317238,185,0.000487999176995983,1.00962664527445,1.00706479911995,0.582352397333493,1.00959802907206,0.522,0.8895,0.7835,0.00502507260636404,1917.02,11,15.2,986.9,7676.6354491,0.1837982048,9.4,0.113,295.85134237,5,0.33,0.2581568403,0.0085861477
1925,"-78.2871,36.0815",37069,"North Carolina, Franklin",0.178513071895425,6.46832445233866,0.036234458259325,2448,1.01419487179331,1.01440933410098,0.0147058823529412,36,0.000532859680284192,1.01250777270301,1.00706479911995,0.582352397333493,1.00959802907206,0.5631,0.8125,0.6052,,1702.34,11.2,16.1,110.7,8298.3567744,0.1800853694,10.6,0.085,36.837342452,4,0.361,0.2519094139,0.0093990527
1926,"-81.1748,35.2937",37071,"North Carolina, Gaston",0.177287779662386,9.84985146693232,0.0555585471581271,12381,1.01505996971141,1.01440933410098,0.0156691705031904,194,0.000870556348330237,1.00449811431468,1.00706479911995,0.582352397333493,1.00959802907206,0.6497,0.6823,0.5661,0.00195202067795697,1673.88,10.8,15.6,568.1,9266.9940469,0.1676801465,10.9,0.105,179.6824344,5,0.292,0.1701668417,0.0058740116
1927,"-76.6975,36.4467",37073,"North Carolina, Gates",0.23321554770318,5.70292923183271,0.0244534692819494,283,1.0184530488703,1.01440933410098,0.0353356890459364,10,0.00086408018664132,1.05227402814137,1.00706479911995,0.582352397333493,1.00959802907206,0.5449,0.4161,0.1372,,1483.84,8.5,19.1,25.9,11221.668344,0.1582855843,8.8,0.151,6.3340447751,3,0.447,0.3098591549,0.0057029292
1928,"-83.8337,35.3507",37075,"North Carolina, Graham",0.122186495176849,4.47901933050448,0.0366572371522867,311,1.01255006096178,1.01440933410098,0.0353697749196141,11,0.0012965582272513,1,1.00706479911995,0.582352397333493,1.00959802907206,0.8529,0.4202,0.3321,,1244.67,17.1,23.3,27.3,8707.7418348,0.182984576,8.4,0.07,33.300455938,3,0.43,0.0043611504,0.0800330033
1929,"-78.6518,36.3034",37077,"North Carolina, Granville",0.159588586595886,8.00133078266655,0.0501372369624886,3014,1.0161097995008,1.01440933410098,0.019907100199071,60,0.000998086999916826,1.00240390165174,1.00706479911995,0.582352397333493,1.00959802907206,0.5818,0.809,0.517,0.00236213923313649,1678.43,9.1,16.2,104.9,7535.4819885,0.1662712889,10.5,0.109,45.123973594,4,0.372,0.3134492223,0.0084005656
1930,"-77.6758,35.4854",37079,"North Carolina, Greene",0.107542942494399,6.85322672758424,0.0637254901960784,1339,1.0075866577031,1.01440933410098,0.0209111277072442,28,0.00133257186369693,1,1.00706479911995,0.582352397333493,1.00959802907206,0.9758,0.9417,0.9793,,1262.69,16.6,15.2,63.8,8234.4138635,0.1977367131,10.4,0.117,24.223043679,3,0.284,0.3569388921,0.0227013135
1931,"-79.7882,36.0796",37081,"North Carolina, Guilford",0.170202195836852,6.41969756591152,0.0377180654711713,20129,1.0149022473153,1.01440933410098,0.013711560435193,276,0.000517173534206532,1.00912319408396,1.00706479911995,0.582352397333493,1.00959802907206,0.4631,0.9064,0.7619,0.00303370997058107,1906.19,10.1,14.5,887.6,7664.9216697,0.1581145302,10.5,0.096,271.38092861,5,0.334,0.3416905578,0.0076189405
1932,"-77.6556,36.2567",37083,"North Carolina, Halifax",0.158052114480991,7.31601218017163,0.0462886067940048,2341,1.01311022550571,1.01440933410098,0.0175138829560017,41,0.000810693241586586,1.01091426025064,1.00706479911995,0.582352397333493,1.00959802907206,0.9455,0.6883,0.8918,0.00605053980306086,1243.56,11.4,19.5,67.2,10894.628297,0.202366134,9.8,0.222,48.568949985,3.7,0.437,0.5310436193,0.0400996559
1933,"-78.8724,35.3673",37085,"North Carolina, Harnett",0.181874483897605,6.56414383000283,0.0360916148836932,4844,1.01268162551171,1.01440933410098,0.0173410404624277,84,0.000625866154052483,1.00880553496879,1.00706479911995,0.582352397333493,1.00959802907206,0.7497,0.8144,0.5982,0.00112506891978482,1736.5,11.3,11.8,175.3,8205.2591694,0.189103602,10.9,0.118,53.352716891,4.3,0.332,0.2087785179,0.0170623035
1934,"-82.982,35.5527",37087,"North Carolina, Haywood",0.255959849435383,6.58372464539865,0.0257217085410918,1594,1.02059708801196,1.01440933410098,0.0332496863237139,53,0.000855238740701296,1.03032084819548,1.00706479911995,0.582352397333493,1.00959802907206,0.371,0.3352,0.1872,0.00306595020251408,1707.57,10.8,24.1,106.3,9037.5042707,0.1818128124,8.7,0.114,136.4841381,4,0.317,0.0123283471,0.0066805441
1935,"-82.4767,35.3379",37089,"North Carolina, Henderson",0.187772925764192,6.26134923082194,0.0333453249734471,3893,1.01991793911541,1.01440933410098,0.0218340611353712,85,0.000728063864049063,1.02197976063962,1.00706479911995,0.582352397333493,1.00959802907206,0.193,0.7144,0.4167,0.00278377359783465,1824.91,11.5,25.1,304.9,6837.0073976,0.1395995578,9.2,0.098,115.15014595,5,0.284,0.0317093226,0.0068866276
1936,"-76.981,36.3608",37091,"North Carolina, Hertford",0.135845749342682,6.55141806500697,0.0482268904011159,1141,1.01084766203611,1.01440933410098,0.0368098159509202,42,0.00177522295955028,1,1.00706479911995,0.582352397333493,1.00959802907206,0.9608,0.8239,0.9828,0.00481846231877932,1204.82,12.3,18.8,66.9,9242.6949212,0.1933254559,9.1,0.217,9.1635379694,3,0.465,0.6025613931,0.0128492329
1937,"-79.2365,35.0189",37093,"North Carolina, Hoke",0.151882302033752,6.40931999123512,0.0421992549850267,2311,1.01267288861942,1.01440933410098,0.0147122457810472,34,0.000620845811116792,1.00427381583427,1.00706479911995,0.582352397333493,1.00959802907206,0.8615,0.929,0.5129,0.000894748374844789,1424.53,12.8,9.1,107.5,8250.0211148,0.2020812102,10.4,0.119,31.757900893,3.7,0.374,0.3370279746,0.0911547732
1938,"-76.1518,35.4202",37095,"North Carolina, Hyde",0.0796019900497512,3.05927342256214,0.0384321223709369,201,1.00807252797218,1.01440933410098,0.0248756218905473,5,0.000956022944550669,1,1.00706479911995,0.582352397333493,1.00959802907206,0.9398,0.8625,0.581,,1478.42,15.8,16.4,7.4,7280.0185475,0.1731200094,7.8,0.202,3.5094654263,3,0.364,0.2845124283,0.0084130019
1939,"-80.8743,35.8095",37097,"North Carolina, Iredell",0.235520704360985,9.59453022108891,0.0407375234679295,7269,1.02111245851228,1.01440933410098,0.00839180079790893,61,0.000341861181943004,1.01229239130416,1.00706479911995,0.582352397333493,1.00959802907206,0.3424,0.7112,0.3069,0.00280774511726959,2115.88,9.6,15.2,302.4,7526.6599576,0.1543159383,10.9,0.119,84.69452262,5,0.319,0.1179084821,0.0055202174
1940,"-83.1409,35.2881",37099,"North Carolina, Jackson",0.202849002849003,8.21658550095783,0.040505920096014,1755,1.01912870967341,1.01440933410098,0.0056980056980057,10,0.000230802963510051,1,1.00706479911995,0.582352397333493,1.00959802907206,0.5841,0.6409,0.8733,0.00198490548618644,1393.98,13,18.9,90.7,8780.3937793,0.175268077,8.4,0.082,94.675445912,3,0.284,0.0210953909,0.0903593602
1941,"-78.3662,35.5175",37101,"North Carolina, Johnston",0.173331884372962,7.86974219810041,0.0454027383742445,9202,1.01446334521,1.01440933410098,0.00901977830906325,83,0.000409522634760084,1.00891547694473,1.00706479911995,0.582352397333493,1.00959802907206,0.5172,0.8211,0.2401,0.000981867521894659,1921.66,12.2,12.7,216.4,6765.0980968,0.1768175871,10.4,0.097,62.710833258,5,0.372,0.1583421734,0.0093302085
1942,"-77.3587,35.0225",37103,"North Carolina, Jones",0.142857142857143,4.77326968973747,0.0334128878281623,322,1.00920273402399,1.01440933410098,0.046583850931677,15,0.00155650098578396,1,1.00706479911995,0.582352397333493,1.00959802907206,0.9162,0.7447,0.6568,,1273.15,15.5,21.2,18.1,8739.3178796,0.1861275476,9.5,0.296,45.434155847,3,0.409,0.2971879216,0.010065373
1943,"-79.1757,35.4762",37105,"North Carolina, Lee",0.132075471698113,6.15114235500879,0.046572934973638,2862,1.01138254504801,1.01440933410098,0.0125786163522013,36,0.000585823081429408,1.01696850489722,1.00706479911995,0.582352397333493,1.00959802907206,0.7545,0.9156,0.6447,0.00206665364837597,1570.27,14.1,15.8,239.4,10139.27753,0.1684535569,10.5,0.113,97.767259179,5,0.329,0.191157326,0.012741652
1944,"-77.6425,35.2403",37107,"North Carolina, Lenoir",0.192350956130484,9.16464198942404,0.0476454194654852,2667,1.01464078752443,1.01440933410098,0.0221222347206599,59,0.00105402315277976,1.01007964058662,1.00706479911995,0.582352397333493,1.00959802907206,0.9207,0.8854,0.9672,0.00466271259111048,1244.21,13.3,19.1,154,9998.2812544,0.1931611817,10.3,0.178,76.185700478,4,0.334,0.4092646849,0.0064134629
1945,"-81.2174,35.4851",37109,"North Carolina, Lincoln",0.1921808761187,9.74095738331145,0.0506864032469858,4246,1.0152944435252,1.01440933410098,0.00471031559114461,20,0.00023874895547332,1,1.00706479911995,0.582352397333493,1.00959802907206,0.528,0.5387,0.1939,0.00120568222514026,1872.05,9.8,16.9,245,8018.1795734,0.1621411102,10.8,0.121,48.123726587,5,0.37,0.0540169512,0.0046197923
1946,"-82.0482,35.6774",37111,"North Carolina, McDowell",0.224353628023353,11.822357000022,0.0526951897510273,2398,1.01913763720933,1.01440933410098,0.0150125104253545,36,0.000791087085503329,1.00403251981126,1.00706479911995,0.582352397333493,1.00959802907206,0.715,0.5365,0.7539,0.00142835168215879,1204.96,11.4,19.5,101.5,8858.5255288,0.1856570274,9.2,0.128,48.462623985,4,0.4,0.0372030677,0.008328389
1947,"-83.417,35.1487",37113,"North Carolina, Macon",0.116760828625235,3.51424117897123,0.0300977752586085,1062,1.01184091681052,1.01440933410098,0.00847457627118644,9,0.000255065892022106,1,1.00706479911995,0.582352397333493,1.00959802907206,0.4338,0.5575,0.2232,0.0023522743375372,1433.22,14.2,28.1,67.8,8991.5090252,0.1591412664,8.6,0.136,36.548990311,3.7,0.288,0.0128099759,0.0082187899
1948,"-82.7135,35.854",37115,"North Carolina, Madison",0.203338391502276,6.15723935119239,0.0302807517345954,659,1.01790891632508,1.01440933410098,0.0257966616084977,17,0.000781142305748288,1,1.00706479911995,0.582352397333493,1.00959802907206,0.6404,0.2528,0.5161,,1295.61,10.2,21,42.7,7897.6651112,0.1683479765,8.8,0.068,26.992206168,3.7,0.268,0.0143362588,0.005284198
1949,"-77.1086,35.8433",37117,"North Carolina, Martin",0.166666666666667,7.36623880728684,0.0441974328437211,1002,1.011801096649,1.01440933410098,0.0209580838323353,21,0.000926293502712717,1,1.00706479911995,0.582352397333493,1.00959802907206,0.8373,0.6441,0.1955,0.00216135150632967,1185.51,10.4,21.8,48.9,10228.015586,0.1924370157,8.9,0.13,30.631705333,3.7,0.431,0.4172290592,0.0048961228
1950,"-80.8318,35.2447",37119,"North Carolina, Mecklenburg",0.15572236303373,7.30139199068289,0.0468872411671623,51290,1.0126088246121,1.01440933410098,0.00943653733671281,484,0.000442453201889385,1.00420197679593,1.00706479911995,0.582352397333493,1.00959802907206,0.2952,0.9401,0.4616,0.00242069437727911,2464.81,11.9,10.6,2303.4,5894.8821233,0.1391919475,11.3,0.085,381.87197045,5,0.28,0.3146930115,0.0078188063
1951,"-82.1582,36.0106",37121,"North Carolina, Mitchell",0.241228070175439,11,0.0456,684,1.0186522460336,1.01440933410098,0.0087719298245614,6,4e-04,1,1.00706479911995,0.582352397333493,1.00959802907206,0.5379,0.3976,0.3171,0.00306666666666667,1319.15,12.6,24,70.8,8934.6499301,0.1570185089,8.5,0.17,33.021872583,3.7,0.27,0.0046,0.0092
1952,"-79.9042,35.3316",37123,"North Carolina, Montgomery",0.125625,7.37046679623043,0.0586703824575556,1600,1.01032419847336,1.01440933410098,0.0275,44,0.00161343551758278,1.00328961583835,1.00706479911995,0.582352397333493,1.00959802907206,0.7471,0.8806,0.8246,0.00135675259433097,1375.47,13.5,19.2,53.3,7758.203746,0.1754442558,9.7,0.148,39.735095316,3.7,0.365,0.1830515933,0.0106706758
1953,"-79.4847,35.3089",37125,"North Carolina, Moore",0.227573432124901,8.71486187957277,0.0382947244684948,3779,1.01823383141667,1.01440933410098,0.0182587986239746,69,0.000699215662430838,1.00856781465795,1.00706479911995,0.582352397333493,1.00959802907206,0.279,0.673,0.3372,0.00376968444093148,2408.38,9.4,23.7,139.7,7704.6850801,0.1427614957,10.4,0.112,65.497872311,4,0.263,0.1187045256,0.0092924748
1954,"-77.9842,35.9658",37127,"North Carolina, Nash",0.133307271305708,7.25408441116406,0.0544162695711368,5116,1.01163688823813,1.01440933410098,0.0220875684128225,113,0.00120192307692308,1.00127065623146,1.00706479911995,0.582352397333493,1.00959802907206,0.5924,0.8306,0.8688,0.00375468005445882,1613.7,10.1,17.3,182.3,10356.234884,0.182998577,10.5,0.149,90.302042852,4.3,0.419,0.4043247958,0.0099876617
1955,"-77.8708,34.2576",37129,"North Carolina, New Hanover",0.144419862340216,5.05868069607446,0.0350275967176696,8136,1.01073594904307,1.01440933410098,0.00835791543756145,68,0.000292757691347288,1.01328364254971,1.00706479911995,0.582352397333493,1.00959802907206,0.3726,0.6628,0.6205,0.00331074506832448,2106.91,10.2,16.7,1272.8,7399.6512149,0.1585235264,8.4,0.076,275.93870313,5,0.264,0.1323781396,0.005626975
1956,"-77.3977,36.4174",37131,"North Carolina, Northampton",0.101417666303162,4.72657044114657,0.0466050010164668,917,1.0062280108555,1.01440933410098,0.0294438386041439,27,0.00137223012807481,1.01105509534937,1.00706479911995,0.582352397333493,1.00959802907206,0.8904,0.7211,0.6294,,1123.74,14.9,24.3,37.5,10886.900124,0.1947120478,9.6,0.219,26.52935644,3.7,0.335,0.5686623297,0.0064037406
1957,"-77.4291,34.7261",37133,"North Carolina, Onslow",0.242051716829165,8.66538852607457,0.0357997399877582,7077,1.02359681045452,1.01440933410098,0.00692383778437191,49,0.00024787159239793,1.01223970067319,1.00706479911995,0.582352397333493,1.00959802907206,0.5978,0.6218,0.8017,0.00112301007168042,1623.74,8.6,8.7,276.8,8359.8363909,0.1779553216,9.5,0.089,89.481069449,5,0.293,0.147630297,0.0094949996
1958,"-79.1217,36.0609",37135,"North Carolina, Orange",0.117139614074915,3.5335931026454,0.0301656542968081,4405,1.0091817111027,1.01440933410098,0.0140749148694665,62,0.000424579016209331,1,1.00706479911995,0.582352397333493,1.00959802907206,0.1701,0.8278,0.8367,0.00613585158908969,2789.14,7.2,12.8,385.1,4510.3406232,0.1424170725,10.7,0.058,281.08393934,4,0.229,0.1138077205,0.0061084594
1959,"-76.6656,35.1525",37137,"North Carolina, Pamlico",0.133620689655172,4.89344909234412,0.0366219415943173,464,1.00860125967119,1.01440933410098,0.0107758620689655,5,0.000394632991318074,1.07570373984278,1.00706479911995,0.582352397333493,1.00959802907206,0.5774,0.6909,0.8551,,1709.64,12.3,28.1,37.4,8789.4127351,0.1596198542,8.6,0.157,31.743986888,3,0.372,0.1880031571,0.0078137332
1960,"-76.2513,36.2672",37139,"North Carolina, Pasquotank",0.16234756097561,5.37349579959131,0.0330987159110977,1312,1.01625077325155,1.01440933410098,0.0274390243902439,36,0.000908196473170362,1.00403251981126,1.00706479911995,0.582352397333493,1.00959802907206,0.6834,0.7272,0.8268,0.00459143772547239,1692.91,13.3,16.1,182.9,8802.2952375,0.1811929658,8.5,0.115,66.578781749,4,0.392,0.3580816872,0.0060798708
1961,"-77.9035,34.5227",37141,"North Carolina, Pender",0.150402864816473,5.40523149190824,0.0359383546217947,2234,1.01506440538151,1.01440933410098,0.00850492390331244,19,0.000305652971268621,1.01601628385513,1.00706479911995,0.582352397333493,1.00959802907206,0.5787,0.695,0.5269,0.0013834818699527,1615.25,11.3,17.5,57.4,9391.115577,0.1631856734,9.4,0.172,30.896800803,4,0.306,0.1463916862,0.0089926322
1962,"-76.406,36.1785",37143,"North Carolina, Perquimans",0.164648910411622,5.06630904485174,0.0307703769929966,413,1.01543875502332,1.01440933410098,0.00968523002421308,4,0.000298018179108926,1,1.00706479911995,0.582352397333493,1.00959802907206,0.6232,0.6549,0.2961,,1657.73,12.7,26.6,45.4,8466.9589616,0.1678892087,8.5,0.168,20.125728804,3,0.343,0.2276113843,0.0055878409
1963,"-78.9722,36.3899",37145,"North Carolina, Person",0.220015885623511,7.01141569848381,0.03186777026856,1259,1.01960645627358,1.01440933410098,0.0127084988085782,16,0.00040499152049004,1.0301070886466,1.00706479911995,0.582352397333493,1.00959802907206,0.7169,0.6218,0.6224,0.00278431670336902,1366.11,9.2,18.4,88.4,9894.7850468,0.1813662967,10.1,0.093,69.958192844,4,0.292,0.2672690916,0.0088845015
1964,"-77.3735,35.5954",37147,"North Carolina, Pitt",0.165839231012992,8.72639149816023,0.0526195849127917,9467,1.01312738167628,1.01440933410098,0.00623217492341819,59,0.000327934457574174,1.00244504617041,1.00706479911995,0.582352397333493,1.00959802907206,0.7344,0.808,0.9647,0.00505241393110042,1633.48,10.9,12.4,276.2,7563.2337379,0.1737369018,9.8,0.094,111.55030832,4.3,0.359,0.3500950454,0.0052024856
1965,"-82.1681,35.2782",37149,"North Carolina, Polk",0.15929203539823,4.36660035903158,0.027412546698365,565,1.01164957520704,1.01440933410098,0.0230088495575221,13,0.000630731162971229,1,1.00706479911995,0.582352397333493,1.00959802907206,0.2395,0.4623,0.7338,0.00169812236184562,1503.31,10,29.4,78.7,7363.552161,0.1380267991,9.5,0.152,36.499284409,3,0.333,0.0416767745,0.0062102761
1966,"-79.8057,35.7102",37151,"North Carolina, Randolph",0.181735159817352,8.32920593508242,0.0458315602960565,6570,1.01592794613269,1.01440933410098,0.0155251141552511,102,0.000711540205509553,1.01328364254971,1.00706479911995,0.582352397333493,1.00959802907206,0.6646,0.7625,0.4769,0.0010115032333224,1453.44,13.6,16.9,167.5,9378.4547147,0.1801229409,10.9,0.114,92.293208594,4.3,0.322,0.0618202873,0.0112521015
1967,"-79.7449,35.0042",37153,"North Carolina, Richmond",0.171428571428571,8.55481542540156,0.0499030899815091,2240,1.01409086529172,1.01440933410098,0.0183035714285714,41,0.00091340477198298,1.00353374509136,1.00706479911995,0.582352397333493,1.00959802907206,0.9385,0.8602,0.9102,0.0036313409227616,1107.24,12.6,17,89.6,10844.978007,0.2067341232,10.2,0.193,109.06377122,4,0.387,0.313052777,0.0321696705
1968,"-79.1025,34.6424",37155,"North Carolina, Robeson",0.107220478145376,6.73589671625035,0.0628228565360196,8282,1.00921368645844,1.01440933410098,0.0137647911132577,114,0.000864743497356464,1,1.00706479911995,0.582352397333493,1.00959802907206,0.9646,0.9255,0.9698,0.00342863211232563,1276.31,15,14.2,135.9,12577.477164,0.2405759422,10.1,0.165,64.505773276,4,0.39,0.2323049965,0.4169808315
1969,"-79.775,36.3959",37157,"North Carolina, Rockingham",0.163646199621315,6.67107729628404,0.0407652442386151,3697,1.01448288560623,1.01440933410098,0.00622126048147146,23,0.000253611202999228,1,1.00706479911995,0.582352397333493,1.00959802907206,0.7392,0.6692,0.7351,0.00388135406329253,1492.05,10.2,19.4,149.4,9886.6758286,0.176739895,10.3,0.143,43.085134428,4,0.363,0.1856213474,0.0060535891
1970,"-80.5245,35.64",37159,"North Carolina, Rowan",0.192917847025496,9.64165876173351,0.0499780549617024,7060,1.01638081828789,1.01440933410098,0.0211048158640227,149,0.00105477764720873,1.01206728347504,1.00706479911995,0.582352397333493,1.00959802907206,0.7102,0.772,0.8144,0.00302275204938342,1571.37,12.2,16.8,265.5,9849.679596,0.1712558284,10.6,0.14,98.306763871,5,0.375,0.1612535572,0.006349903
1971,"-81.9211,35.4011",37161,"North Carolina, Rutherford",0.239028944911298,11.4925328464969,0.048080088588274,3213,1.02063242340534,1.01440933410098,0.0248988484282602,80,0.00119713883817676,1,1.00706479911995,0.582352397333493,1.00959802907206,0.8293,0.4718,0.497,0.00213988567324095,1416.74,11.2,20.7,115.1,9697.6877091,0.1941526993,10.1,0.132,30.141075041,4,0.285,0.0961302487,0.0037859516
1972,"-78.3691,34.9882",37163,"North Carolina, Sampson",0.126901140684411,8.39279539810769,0.0661364850847138,4208,1.01036364092141,1.01440933410098,0.0125950570342205,53,0.000832992801684846,1.01127330087083,1.00706479911995,0.582352397333493,1.00959802907206,0.9252,0.9427,0.7902,0.00229465941596203,1377.89,15.5,17.1,62,9809.5055149,0.1907020493,10.7,0.151,48.362665238,3.7,0.353,0.2518938799,0.0359444252
1973,"-79.4758,34.8386",37165,"North Carolina, Scotland",0.121348314606742,7.75639184142488,0.0639184142487791,2225,1.00974285655072,1.01440933410098,0.0206741573033708,46,0.00132145935076128,1.00968102958822,1.00706479911995,0.582352397333493,1.00959802907206,0.9713,0.7077,0.9965,0.0029876472278081,1140.16,11.6,16.9,113,12006.564925,0.2286667017,10.2,0.185,98.757112405,4,0.395,0.3862395863,0.1236139041
1974,"-80.2509,35.3165",37167,"North Carolina, Stanly",0.156818181818182,8.89246878775675,0.0567055980668546,3520,1.01312190489651,1.01440933410098,0.0221590909090909,78,0.0012565445026178,1,1.00706479911995,0.582352397333493,1.00959802907206,0.6204,0.589,0.553,0.00175594039468385,1406.3,10.5,18.4,144.4,9418.4713214,0.1670805068,10.5,0.096,51.696992452,5,0.284,0.1122351994,0.0045751108
1975,"-80.2389,36.4018",37169,"North Carolina, Stokes",0.213513513513514,6.95009567378538,0.032551081003805,1480,1.01791685115419,1.01440933410098,0.0148648648648649,22,0.00048386742032683,1.01370885629547,1.00706479911995,0.582352397333493,1.00959802907206,0.6255,0.1601,0.1643,0.00204543954956342,1418.46,13,19.8,79.8,9609.1707409,0.1590693612,9.8,0.135,36.288302793,4,0.328,0.03835749,0.0048166802
1976,"-80.691,36.4169",37171,"North Carolina, Surry",0.191916254725211,9.17329182187135,0.0477984099627509,3439,1.01753479356345,1.01440933410098,0.0151206746147136,52,0.00072274420414744,1.00852519431389,1.00706479911995,0.582352397333493,1.00959802907206,0.671,0.6593,0.7014,0.0031411575026408,1442.69,12.8,19.7,137.7,10017.174699,0.1719515672,9.6,0.147,37.065255284,5,0.305,0.0365819759,0.0065602935
1977,"-83.4875,35.4867",37173,"North Carolina, Swain",0.174273858921162,5.8968058968059,0.0338364338364338,482,1.01711930095213,1.01440933410098,0.0103734439834025,5,0.000351000351000351,1,1.00706479911995,0.582352397333493,1.00959802907206,0.8459,0.5151,0.5498,0.00533520533520533,1379.06,21.5,19.2,28.5,12357.738513,0.218581178,8.4,0.13,22.53789378,3.7,0.311,0.0106704107,0.2984204984
1978,"-82.7964,35.2038",37175,"North Carolina, Transylvania",0.188321167883212,3.77027619465147,0.0200204588630718,685,1.01789979785937,1.01440933410098,0.0145985401459854,10,0.000292269472453602,1.01516534655549,1.00706479911995,0.582352397333493,1.00959802907206,0.4866,0.4604,0.3992,0.00274733304106386,1656,14.5,29,91.7,7499.4772774,0.1569634598,8.7,0.097,97.006171292,4,0.268,0.0350138828,0.0043548151
1979,"-76.1706,35.8715",37177,"North Carolina, Tyrrell",0.113924050632911,4.35729847494553,0.0382473977245219,158,1.01334276406534,1.01440933410098,0.0189873417721519,3,0.000726216412490922,1,1.00706479911995,0.582352397333493,1.00959802907206,0.8799,0.7338,0.8602,,1043.68,16.4,21.3,10,7560.3825346,0.2082743945,7.9,0.129,68.816244067,3,0.433,0.3727910917,0.0104091019
1980,"-80.5296,34.9896",37179,"North Carolina, Union",0.191083462934163,7.81236753310613,0.0408845821252353,9645,1.01557532532783,1.01440933410098,0.00870917573872473,84,0.000356071010732998,1.01440033702014,1.00706479911995,0.582352397333493,1.00959802907206,0.2217,0.7969,0.0888,0.000962239517099886,2670.12,9.4,12,317.1,5701.6359567,0.1467066046,10.9,0.09,50.315040554,5,0.321,0.1167361853,0.006421995
1981,"-78.4067,36.3688",37181,"North Carolina, Vance",0.195233730522456,9.55542595666412,0.0489435198061998,2182,1.01552031516179,1.01440933410098,0.0279560036663611,61,0.00136826521914674,1.00236411898285,1.00706479911995,0.582352397333493,1.00959802907206,0.9006,0.8491,0.9172,0.00228791889103226,1309.72,10.5,17.4,165.8,13140.834692,0.202095257,10,0.098,117.84875357,4,0.343,0.5052038939,0.0089946615
1982,"-78.6525,35.7888",37183,"North Carolina, Wake",0.183019783607868,5.86923981854885,0.0320688818599201,35029,1.01464247260872,1.01440933410098,0.00922093122841075,323,0.000295704954202352,1.00869827228079,1.00706479911995,0.582352397333493,1.00959802907206,0.1019,0.8596,0.4384,0.00163049697657705,2734.89,8.9,10.9,1321.5,4691.2324853,0.1219493775,11,0.085,237.39481821,5,0.251,0.1996511963,0.0079373435
1983,"-78.1065,36.3973",37185,"North Carolina, Warren",0.290832455216017,13.9344676124602,0.0479123542182057,949,1.02803640489047,1.01440933410098,0.00948366701791359,9,0.00045438481344979,1.01696850489722,1.00706479911995,0.582352397333493,1.00959802907206,0.8736,0.781,0.795,,1309.64,13.1,23.6,40.3,9486.656075,0.1904459273,9.7,0.071,10.277316798,3,0.41,0.5063361438,0.0561417681
1984,"-76.573,35.8381",37187,"North Carolina, Washington",0.141689373297003,4.38485538409647,0.0309469601146808,367,1.01140190331614,1.01440933410098,0.0217983651226158,8,0.000674593136014841,1,1.00706479911995,0.582352397333493,1.00959802907206,0.9032,0.4976,0.5033,0.0041318829580909,1140.31,11.9,22.8,33.1,10051.031295,0.1881171877,8.6,0.175,53.165422667,3,0.422,0.4792984231,0.0096972763
1985,"-81.7003,36.231",37189,"North Carolina, Watauga",0.181699346405229,7.45374921798195,0.0410224327464474,2295,1.01541132803961,1.01440933410098,0.00348583877995643,8,0.000142997586915721,1,1.00706479911995,0.582352397333493,1.00959802907206,0.7261,0.3343,0.822,0.00209133970864242,1494.5,8.8,15.2,193,5145.0351508,0.1801206082,8.3,0.07,212.42099784,5,0.167,0.0172312092,0.0040396818
1986,"-78.0003,35.3644",37191,"North Carolina, Wayne",0.125056775170326,6.70193431130728,0.0535911333246787,6605,1.0108601854671,1.01440933410098,0.019227857683573,127,0.00103044268466831,1.00933812984055,1.00706479911995,0.582352397333493,1.00959802907206,0.8016,0.923,0.9427,0.00256393612878099,1520.57,13.2,15.6,222.5,9164.3192678,0.1765439252,10.7,0.167,66.490201381,4.3,0.381,0.3099522913,0.0084058159
1987,"-81.1623,36.2084",37193,"North Carolina, Wilkes",0.166040100250627,7.730793354435,0.0465597969572764,3192,1.01186675672197,1.01440933410098,0.0194235588972431,62,0.000904356958443339,1.01726174850825,1.00706479911995,0.582352397333493,1.00959802907206,0.7812,0.5584,0.4578,0.0018962323322199,1496.2,11.1,20.5,88.8,9533.6234319,0.1785546204,9.6,0.14,31.831036619,4,0.426,0.0433507884,0.0039820879
1988,"-77.918,35.7063",37195,"North Carolina, Wilson",0.141491395793499,8.17629365907556,0.0577865078877908,4707,1.01139800978548,1.01440933410098,0.0189080093477799,89,0.00109262783131791,1.00659092708356,1.00706479911995,0.582352397333493,1.00959802907206,0.8462,0.8793,0.8644,0.00389171935424467,1487.19,12.8,17,237.3,10147.615462,0.1806011006,10.7,0.143,124.55750775,5,0.323,0.3947332883,0.0061506353
1989,"-80.6624,36.1622",37197,"North Carolina, Yadkin",0.210499227997941,10.8941746797006,0.0517539887595557,1943,1.01714621158846,1.01440933410098,0.0108080288214102,21,0.000559358602136217,1.02226578920968,1.00706479911995,0.582352397333493,1.00959802907206,0.6678,0.6995,0.4174,0.000585994726047466,1442.6,12.2,19.1,99.9,8204.0411773,0.178972454,9.9,0.11,41.810221858,4,0.386,0.0307913592,0.0068454838
1990,"-82.3124,35.9008",37199,"North Carolina, Yancey",0.29582806573957,13.0704351226052,0.0441825392392336,791,1.02642517541248,1.01440933410098,0.00505689001264223,4,0.000223426241412054,1.10408951367381,1.00706479911995,0.582352397333493,1.00959802907206,0.7997,0.4683,0.2601,,1328.91,12.5,24.8,51.2,7430.2210727,0.1681119175,8.6,0.181,53.884043386,3.7,0.299,0.0084901972,0.0077640619
1991,"-102.5285,46.0969",38001,"North Dakota, Adams",0.0894736842105263,7.41063644289451,0.0828247602441151,190,1.00459456774278,1.00821328316541,0,0,0,,1.01767987205908,1.54175037529092,1.00438712071125,0.0115,0.1203,0.2178,0.0108979947689625,1880.57,7,23.4,2.2,9907.3086914,0.1496579774,4.8,0.125,36.822076948,,0.302,0.008282476,0.0061028771
1992,"-98.0661,46.9358",38003,"North Dakota, Barnes",0.125743415463042,14.0390817681654,0.111648643521153,1177,1.00711665286239,1.00821328316541,0.0186915887850467,22,0.00208689053310567,1.02908210240756,1.01767987205908,1.54175037529092,1.00438712071125,0.101,0.0917,0.5798,0.00237146651489281,1816.78,5.9,21.2,7,7127.5989254,0.1568860574,5.7,0.088,64.296230779,3,0.36,0.0154619617,0.0117624739
1993,"-99.3592,48.0684",38005,"North Dakota, Benson",0.146503884572697,18.9600689457053,0.129416834243034,901,1.01301960609063,1.00821328316541,0.0166481687014428,15,0.00215455328928469,1,1.01767987205908,1.54175037529092,1.00438712071125,0.8178,0.6393,0.6883,,1520.76,11.7,13.1,4.8,15906.853483,0.3024259538,5.6,0.113,6.4993146735,2,0.38,0.003734559,0.5527147371
1994,"-103.3763,47.0237",38007,"North Dakota, Billings",0.0888888888888889,4.3525571273123,0.0489662676822633,45,1.0133874519632,1.00821328316541,0,0,0,,1.01767987205908,1.54175037529092,1.00438712071125,0.128,0.1009,0.1675,,2374.32,4.4,15.9,0.9,,0.1492547466,4.9,0.025,7.8392678677,,0.295,0.0032644178,0.0032644178
1995,"-100.8378,48.7911",38009,"North Dakota, Bottineau",0.0753424657534247,6.86320386835127,0.0910934331617532,584,1.00272015952616,1.00821328316541,0.0325342465753425,19,0.00296365621587896,1,1.01767987205908,1.54175037529092,1.00438712071125,0.1252,0.1146,0.1363,0.00389954765247231,1962.97,3.8,22.4,3.7,10260.708835,0.15728721,5.7,0.094,23.105055533,2.3,0.338,0.0070191858,0.0313523631
1996,"-103.5203,46.1129",38011,"North Dakota, Bowman",0.329749103942652,29.9089726918075,0.090702210663199,279,1.05405638178721,1.00821328316541,0.014336917562724,4,0.00130039011703511,1.04195362743721,1.01767987205908,1.54175037529092,1.00438712071125,0.0707,0.3292,0.4753,0.00747724317295189,2099.88,5.4,20.1,2.7,4176.1868621,0.1380404011,5.1,0.1,49.270534118,3,0.232,0.0019505852,0.0250325098
1997,"-102.5182,48.7909",38013,"North Dakota, Burke",0.0677083333333333,6.19047619047619,0.0914285714285714,192,1.00609846529734,1.00821328316541,0.00520833333333333,1,0.000476190476190476,1,1.01767987205908,1.54175037529092,1.00438712071125,0.0153,0.0697,0.0707,,2183.44,6.8,15.4,1.7,4093.5575352,0.1635796527,5.2,0.061,4.5807883906,3,0.378,0.0052380952,0.010952381
1998,"-100.4645,46.9785",38015,"North Dakota, Burleigh",0.089570458533608,12.3224838096838,0.137573079466376,13107,1.00650963785627,1.00821328316541,0.0112916762035554,148,0.0015534306676603,1.0198224594382,1.01767987205908,1.54175037529092,1.00438712071125,0.0137,0.3101,0.7227,0.00535303811153212,2122.83,5.5,15.2,60.1,5675.9556512,0.1555858894,5.6,0.088,262.09630233,3.7,0.307,0.0232279869,0.0417641934
1999,"-97.2445,46.932",38017,"North Dakota, Cass",0.115232917599403,11.9107957425241,0.103362788955244,18762,1.00773376091007,1.00821328316541,0.00799488327470419,150,0.000826373432645056,1.01516534655549,1.01767987205908,1.54175037529092,1.00438712071125,0.0475,0.5438,0.5323,0.00617576411996739,2186.32,6.1,11.3,115.2,5496.7735243,0.1624414342,6.8,0.072,277.72537519,3.3,0.312,0.0622314286,0.0144119527
2000,"-98.4669,48.7729",38019,"North Dakota, Cavalier",0.0798004987531172,8.35727343954035,0.10472708278924,401,1.00583382127307,1.00821328316541,0.00997506234413965,4,0.00104465917994254,1.04195362743721,1.01767987205908,1.54175037529092,1.00438712071125,0.0481,0.2512,0.0366,0.00522329589971272,2156.24,4.6,26.9,2.5,6444.3133583,0.1436280808,5.9,0.102,28.359544919,2.3,0.348,0.0036563071,0.0161922173
2001,"-98.5049,46.1102",38021,"North Dakota, Dickey",0.102649006622517,12.6453191923312,0.123189883744646,604,1.01034923642099,1.00821328316541,0.0529801324503311,32,0.00652661635733225,1.01416221482281,1.01767987205908,1.54175037529092,1.00438712071125,0.0812,0.1515,0.4438,0.00407913522333265,1779.12,4.2,21.1,4.2,5806.746528,0.1407311428,5.7,0.123,26.925769816,2.3,0.357,0.0063226596,0.0095859678
2002,"-103.4874,48.8149",38023,"North Dakota, Divide",0.0381679389312977,2.19010074463425,0.0573806395094174,131,1.0044398609263,1.00821328316541,0.0152671755725191,2,0.000876040297853701,1,1.01767987205908,1.54175037529092,1.00438712071125,0.0599,0.1146,0.1391,0.00657030223390276,2053.1,7.6,26.8,2,8705.9022757,0.1655712168,5.8,0.105,8.460056898,3,0.348,0.0197109067,0.008760403
2003,"-102.616,47.3542",38025,"North Dakota, Dunn",0.120588235294118,9.46445060018467,0.0784856879039705,340,1.00558488718901,1.00821328316541,0.0176470588235294,6,0.00138504155124654,1,1.01767987205908,1.54175037529092,1.00438712071125,0.1003,0.6434,0.4435,,2487.78,19.7,16.1,2.5,10477.123541,0.173950582,4.4,0.122,36.296618336,2.3,0.33,0.013388735,0.0969529086
2004,"-98.9043,47.717",38027,"North Dakota, Eddy",0.0673575129533679,11.240812797233,0.166882836143537,386,1.00337599760316,1.00821328316541,0.0129533678756477,5,0.00216169476869866,1,1.01767987205908,1.54175037529092,1.00438712071125,0.1656,0.2582,0.2576,,1795.47,6.4,23.1,3.2,7070.2190909,0.1686255823,5.3,0.118,13.604289332,2.3,0.314,0.0034587116,0.0415045396
2005,"-100.239,46.284",38029,"North Dakota, Emmons",0.0222841225626741,2.42792109256449,0.108952959028832,359,1.00200564796295,1.00821328316541,0.0278551532033426,10,0.00303490136570561,1,1.01767987205908,1.54175037529092,1.00438712071125,0.2194,0.043,0.1531,0.00424886191198786,1592.21,5.3,29.7,2.3,6435.5583556,0.1532373928,5,0.087,12.225817908,3,0.267,0.0024279211,0.0118361153
2006,"-98.8828,47.4571",38031,"North Dakota, Foster",0.0591603053435115,9.63930348258706,0.162935323383085,524,1.0044398609263,1.00821328316541,0.0362595419847328,19,0.00590796019900498,1.01601628385513,1.01767987205908,1.54175037529092,1.00438712071125,0.0303,0.0544,0.1165,0.00777363184079602,1856.03,6.3,22.3,5.1,8274.2372558,0.1556353399,5.3,0.091,43.030490855,3,0.361,0.0031094527,0.0115049751
2007,"-103.8465,46.9402",38033,"North Dakota, Golden Valley",0.149732620320856,15.8281514980215,0.105709440361786,187,1.01034648966027,1.00821328316541,0,0,0,,1.01767987205908,1.54175037529092,1.00438712071125,0.0334,0.0519,0.3785,,1544.28,10.5,21.6,1.7,,0.1711463045,5.2,0.124,0.6903160204,,0.329,0.0050876201,0.0152628604
2008,"-97.4545,47.9209",38035,"North Dakota, Grand Forks",0.0909699743274919,11.5161791719655,0.126593189204465,8959,1.00934935595732,1.00821328316541,0.00613907802210068,55,0.000777165465592765,1.01963778703043,1.01767987205908,1.54175037529092,1.00438712071125,0.2439,0.4591,0.8816,0.00443690829447506,1702.51,6.7,11.9,53.4,6589.3467273,0.1616283515,6.9,0.089,229.34626949,3.3,0.309,0.0461636287,0.0280062173
2009,"-101.639,46.3582",38037,"North Dakota, Grant",0.072289156626506,5.0547598989048,0.0699241786015164,166,1.0052729925644,1.00821328316541,0.0421686746987952,7,0.0029486099410278,1,1.01767987205908,1.54175037529092,1.00438712071125,0.1089,0.0538,0.2124,0.012636899747262,1862.57,5,29,1.4,7373.137068,0.146636131,4.6,0.132,5.1996745423,,0.284,0.00168492,0.0206402696
2010,"-98.2385,47.4579",38039,"North Dakota, Griggs",0.113074204946996,14.336917562724,0.12679211469534,283,1.00781033090736,1.00821328316541,0.00706713780918728,2,0.000896057347670251,1,1.01767987205908,1.54175037529092,1.00438712071125,0.0592,0.1334,0.135,0.00806451612903226,1815.96,4.1,28.9,3.3,6640.5316302,0.1490631159,5.4,0.123,12.080582227,,0.304,0.0044802867,0.0076164875
2011,"-102.4632,46.4338",38041,"North Dakota, Hettinger",0.0877862595419847,9.14876690533015,0.104216388225935,262,1.00614617708538,1.00821328316541,0.0114503816793893,3,0.00119331742243437,1,1.01767987205908,1.54175037529092,1.00438712071125,0.1806,0.1289,0.0411,,1900.91,8.8,24,2.1,4781.821965,0.1577930379,4.9,0.072,11.356687414,3,0.324,0.007557677,0.0361972951
2012,"-99.7751,46.9783",38043,"North Dakota, Kidder",0.145833333333333,14.2857142857143,0.0979591836734694,240,1.00990485606307,1.00821328316541,0.0291666666666667,7,0.00285714285714286,1,1.01767987205908,1.54175037529092,1.00438712071125,0.1131,0.0573,0.0831,,1925.81,14.2,19.6,1.6,3736.9813612,0.1592542939,4.9,0.106,9.1214772651,3,0.382,0.0032653061,0.0073469388
2013,"-98.5354,46.4568",38045,"North Dakota, LaMoure",0.149321266968326,16.2481536189069,0.108813392417528,442,1.01655830436202,1.00821328316541,0.0361990950226244,16,0.00393894633185623,1,1.01767987205908,1.54175037529092,1.00438712071125,0.2223,0.298,0.0213,,2022.83,5.1,24.5,3.5,8483.6908871,0.1592295808,5.5,0.084,9.5839728525,2,0.315,0.0027080256,0.0056622354
2014,"-99.4772,46.4573",38047,"North Dakota, Logan",0.202020202020202,21.0194429847609,0.104046242774566,198,1.01946930753631,1.00821328316541,0.0303030303030303,6,0.00315291644771414,1,1.01767987205908,1.54175037529092,1.00438712071125,0.1328,0.0914,0.1344,,1862.83,2.1,29.8,1.9,5581.0629267,0.1417326039,5.1,0.101,16.016025016,3,0.289,0.0015764582,0.0078822911
2015,"-100.6325,48.231",38049,"North Dakota, McHenry",0.104125736738703,9.11279229711142,0.0875171939477304,509,1.00841548602079,1.00821328316541,0.0353634577603143,18,0.0030949105914718,1.00819891621082,1.01767987205908,1.54175037529092,1.00438712071125,0.0726,0.0646,0.0379,,1812.59,4.9,19.9,2.4,7812.4447063,0.1614035364,5.2,0.083,23.255965817,2.3,0.32,0.003954608,0.0108321871
2016,"-99.4415,46.1118",38051,"North Dakota, McIntosh",0.202020202020202,23.21083172147,0.114893617021277,297,1.02609222181557,1.00821328316541,0.0235690235690236,7,0.00270793036750484,1,1.01767987205908,1.54175037529092,1.00438712071125,0.2309,0.1111,0.1127,0.0170212765957447,1545.79,3.7,31.3,2.9,6597.733174,0.143459522,5.3,0.055,19.895710083,3,0.266,0.0050290135,0.0073500967
2017,"-103.3959,47.7413",38053,"North Dakota, McKenzie",0.0917525773195876,6.5287558685446,0.071156103286385,970,1.0058796166652,1.00821328316541,0.0103092783505155,10,0.000733568075117371,1.05227402814137,1.01767987205908,1.54175037529092,1.00438712071125,0.1682,0.7058,0.7717,0.00176056338028169,2574.73,16.8,9,6.7,7968.7917856,0.1914847239,5.3,0.089,142.58618412,3.7,0.291,0.0151848592,0.1004254695
2018,"-101.3182,47.6077",38055,"North Dakota, McLean",0.0998168498168498,11.4243789959124,0.114453411592076,1092,1.00507259759474,1.00821328316541,0.0164835164835165,18,0.00188659469657269,1.00819891621082,1.01767987205908,1.54175037529092,1.00438712071125,0.035,0.3429,0.2295,0.00492610837438424,2006.28,5,22.4,4.2,8867.8830552,0.1596480951,4.9,0.107,27.984021828,3,0.341,0.0033539461,0.0723194634
2019,"-101.8318,47.3121",38057,"North Dakota, Mercer",0.0951882845188285,11.0076206604572,0.115640498367001,956,1.00456520012048,1.00821328316541,0.00941422594142259,9,0.00108866577960566,1.03655432261531,1.01767987205908,1.54175037529092,1.00438712071125,0.0118,0.4514,0.4416,0.00157251723720818,2198.07,14,17.6,8.5,6373.2310883,0.1645612775,5.1,0.106,41.784573957,3,0.314,0.0055642918,0.0262489416
2020,"-101.2822,46.7168",38059,"North Dakota, Morton",0.0921201174079928,13.1210805595755,0.14243447499598,4429,1.0072707584308,1.00821328316541,0.0180627681192143,80,0.00257276089403441,1.01925902092718,1.01767987205908,1.54175037529092,1.00438712071125,0.0548,0.4196,0.4811,,1973.2,5.5,15.5,14.2,7112.3375457,0.1799218638,5.4,0.079,200.56290396,3.7,0.339,0.0105483197,0.0362759286
2021,"-102.3555,48.202",38061,"North Dakota, Mountrail",0.0616740088105727,6.85065570561754,0.111078488941084,1135,1.00500756219837,1.00821328316541,0.013215859030837,15,0.00146799765120376,1.00990485606307,1.01767987205908,1.54175037529092,1.00438712071125,0.1347,0.7093,0.7784,0.00107653161088276,2425.21,15.9,11.1,6.4,12485.5473,0.2153758835,5,0.099,86.695427501,3.3,0.387,0.0102759836,0.3026032492
2022,"-98.1904,47.9226",38063,"North Dakota, Nelson",0.0727272727272727,9.75949808295573,0.134193098640641,385,1.00608223502316,1.00821328316541,0.025974025974026,10,0.00348553502962705,1,1.01767987205908,1.54175037529092,1.00438712071125,0.0739,0.014,0.1694,0.00662251655629139,1774,8.2,27.6,2.9,5410.1505141,0.1511054442,5.5,0.116,10.908730252,3,0.383,0.0080167306,0.0181247822
2023,"-101.3406,47.1153",38065,"North Dakota, Oliver",0.100719424460432,7.17213114754098,0.0712090163934426,139,1.00850404280289,1.00821328316541,0.0143884892086331,2,0.00102459016393443,1,1.01767987205908,1.54175037529092,1.00438712071125,0.1828,0.5158,0.1178,,1977.88,9,24,2.7,,0.1421093009,4.8,0.093,2.9822284356,,0.284,0.0040983607,0.0276639344
2024,"-97.5524,48.7662",38067,"North Dakota, Pembina",0.097667638483965,9.64445084209011,0.0987476608608032,686,1.00510040181738,1.00821328316541,0.0131195335276968,9,0.00129552324744494,1.01696850489722,1.01767987205908,1.54175037529092,1.00438712071125,0.1041,0.1242,0.1385,0.00287894054987765,1646.74,6.6,21.9,6.9,6746.4519776,0.1606549964,6.6,0.14,33.214030058,3,0.385,0.0064776162,0.0214481071
2025,"-99.9641,48.2498",38069,"North Dakota, Pierce",0.0619469026548673,6.86106346483705,0.110757167360941,452,1.00320115532576,1.00821328316541,0.0442477876106195,20,0.00490075961774075,1.16180471998219,1.01767987205908,1.54175037529092,1.00438712071125,0.2777,0.0977,0.4091,0.00612594952217594,1490.07,3.5,23.2,3.9,4187.3598823,0.1702099321,5.4,0.106,38.118879607,2,0.362,0.0080862534,0.0477824063
2026,"-98.7222,48.2689",38071,"North Dakota, Ramsey",0.156599552572707,18.2910896263392,0.116801672328194,1341,1.01230202022588,1.00821328316541,0.00969425801640567,13,0.00113230554829719,1.03819186552583,1.01767987205908,1.54175037529092,1.00438712071125,0.0828,0.2302,0.8695,0.00217751066980228,1798.35,6.1,18.9,9,7369.6715155,0.17037443,5.6,0.102,85.942619556,3,0.304,0.0081874401,0.1037366083
2027,"-97.6574,46.4562",38073,"North Dakota, Ransom",0.116600790513834,11.2659919801413,0.0966202024059576,506,1.0066678482933,1.00821328316541,0.0197628458498024,10,0.00190949016612564,1.01516534655549,1.01767987205908,1.54175037529092,1.00438712071125,0.0175,0.0417,0.2798,0.00477372541531411,1821.95,2.6,21.1,6.2,8317.18835,0.1462715999,5.8,0.152,39.11494438,2.3,0.33,0.0064922666,0.0089746038
2028,"-101.6604,48.7198",38075,"North Dakota, Renville",0.0749063670411985,8.424599831508,0.112468407750632,267,1.00325216987779,1.00821328316541,0.0411985018726592,11,0.0046335299073294,1.0465440871019,1.01767987205908,1.54175037529092,1.00438712071125,0.0099,0.3187,0.049,,1965.81,3.9,17.9,2.5,7131.4190099,0.1588819394,5.2,0.072,13.602949928,3,0.297,0.0037910699,0.0058972199
2029,"-96.9485,46.2644",38077,"North Dakota, Richland",0.186113099498926,16.0108381057947,0.0860274647453661,1397,1.01268673924116,1.00821328316541,0.00930565497494631,13,0.000800541905289735,1.02415191411056,1.01767987205908,1.54175037529092,1.00438712071125,0.136,0.2407,0.4865,,1674.48,3.5,16.8,11.4,6816.5264393,0.1558215384,6.4,0.088,44.107344862,3.7,0.358,0.0100375639,0.0279573865
2030,"-99.841,48.7725",38079,"North Dakota, Rolette",0.154804270462633,18.2504719949654,0.117893853576673,1686,1.01190089271933,1.00821328316541,0.0118623962040332,20,0.00139850360114677,1.02348860217202,1.01767987205908,1.54175037529092,1.00438712071125,0.8841,0.5033,0.8997,0.00174812950143347,1327.18,25.1,10.9,15,14455.977312,0.3757900522,5.8,0.149,20.603342197,3.3,0.43,0.0041255856,0.7807146353
2031,"-97.6322,46.1083",38081,"North Dakota, Sargent",0.192307692307692,19.3798449612403,0.10077519379845,390,1.01393184552831,1.00821328316541,0.0128205128205128,5,0.00129198966408269,1,1.01767987205908,1.54175037529092,1.00438712071125,0.0204,0.0961,0.1853,,1959.65,4.1,21.5,5.7,4772.8759441,0.1534108125,5.8,0.114,21.15938461,2,0.315,0.0180878553,0.0136950904
2032,"-100.3426,47.577",38083,"North Dakota, Sheridan",0.178947368421053,12.6019273535953,0.0704225352112676,95,1.01947816932739,1.00821328316541,0.0210526315789474,2,0.00148257968865827,1.10408951367381,1.01767987205908,1.54175037529092,1.00438712071125,0.2946,0.1538,0.0592,,1644.11,6.3,28,1.2,,0.1567236214,4.7,0.04,10.846743338,,0.374,0,0.0133432172
2033,"-101.044,46.1132",38085,"North Dakota, Sioux",0.112903225806452,14.4561725562184,0.128040385497935,558,1.00337327210815,1.00821328316541,0.0161290322580645,9,0.00206516750803121,1,1.01767987205908,1.54175037529092,1.00438712071125,0.9627,0.5925,0.7673,,1256.61,31.8,7.6,4.2,22694.147263,0.3870476327,5.1,0.21,2.5612238967,2,0.39,0.0059660395,0.8159706287
2034,"-103.4602,46.4474",38087,"North Dakota, Slope",0.173913043478261,5.24246395806029,0.0301441677588467,23,1.02766948763189,1.00821328316541,0,0,0,,1.01767987205908,1.54175037529092,1.00438712071125,0.058,0.0755,0.0045,,1839.08,1.8,27.3,0.6,,0.154554073,5,0.111,4.8997603173,,0.271,0.0104849279,0.0262123198
2035,"-102.6576,46.8085",38089,"North Dakota, Stark",0.077992277992278,9.7751395296319,0.125334709810627,3885,1.0049121747453,1.00821328316541,0.0102960102960103,40,0.00129044746265768,1,1.01767987205908,1.54175037529092,1.00438712071125,0.0688,0.4062,0.7635,0.000806529664161048,2170.38,9.1,12.8,26.2,6027.2786502,0.1746650046,5.2,0.073,148.04463165,3.3,0.335,0.031132045,0.0168080782
2036,"-97.7273,47.4561",38091,"North Dakota, Steele",0.12,9.45874934314241,0.0788229111928534,150,1.00584875104734,1.00821328316541,0.00666666666666667,1,0.000525486074619023,1,1.01767987205908,1.54175037529092,1.00438712071125,0.0029,0.049,0.0105,,1877.71,5.6,23.4,2.6,6081.5645546,0.1366254609,5.6,0.139,5.4185579729,,0.349,0.0036784025,0.0157645822
2037,"-98.9564,46.9796",38093,"North Dakota, Stutsman",0.0922059846903271,12.6691208108237,0.137400200793613,2874,1.00848223264396,1.00821328316541,0.022964509394572,66,0.003155328201941,1.04346590958628,1.01767987205908,1.54175037529092,1.00438712071125,0.1685,0.177,0.8134,0.0011952000764928,1652.66,7.4,18.3,9.5,6645.6384167,0.1679997098,5.5,0.108,140.61876059,3.3,0.322,0.0168762251,0.0174499211
2038,"-99.2456,48.6857",38095,"North Dakota, Towner",0.115702479338843,12.7737226277372,0.110401459854015,242,1.01305230800677,1.00821328316541,0.0413223140495868,10,0.00456204379562044,1.01516534655549,1.01767987205908,1.54175037529092,1.00438712071125,0.1548,0.5877,0.1716,0.00912408759124088,1893.4,11.1,23.3,2,6967.6911526,0.1657282226,5.6,0.106,15.876382063,3,0.358,0.0041058394,0.0520072993
2039,"-97.1632,47.4537",38097,"North Dakota, Traill",0.138533178114086,14.8065198457136,0.106880676869479,859,1.01424948361285,1.00821328316541,0.0174621653084983,15,0.00186636804777902,1.04530409898895,1.01767987205908,1.54175037529092,1.00438712071125,0.0433,0.2299,0.3521,0.00510140599726266,1844.85,4.9,18.9,9.1,7112.9364993,0.1628640296,6.2,0.13,24.434519519,2.3,0.376,0.0080875949,0.0141843972
2040,"-97.7257,48.3688",38099,"North Dakota, Walsh",0.05859375,8.43723633636449,0.143995500140621,1536,1.003012157342,1.00821328316541,0.01171875,18,0.0016874472672729,1.01696850489722,1.01767987205908,1.54175037529092,1.00438712071125,0.2156,0.5479,0.4317,0.0026249179713134,1701.78,5.6,20.6,8.6,6880.4501171,0.1575968023,6.5,0.099,57.859229896,3.3,0.343,0.0050623418,0.0215618262
2041,"-101.5437,48.2239",38101,"North Dakota, Ward",0.0680171884591774,8.1778460085026,0.120232050070855,8145,1.00415484291664,1.00821328316541,0.0193984039287907,158,0.00233230987246103,1.01334276406534,1.01767987205908,1.54175037529092,1.00438712071125,0.0424,0.4311,0.7361,0.00777928672649976,2016.35,6.4,12,36.2,5575.4154364,0.1757055618,5.4,0.088,184.83975775,3,0.333,0.0440481814,0.0247697213
2042,"-99.659,47.5861",38103,"North Dakota, Wells",0.192105263157895,18.4483194339146,0.0960323477381855,380,1.02577220092251,1.00821328316541,0.0105263157894737,4,0.00101086681829669,1.04195362743721,1.01767987205908,1.54175037529092,1.00438712071125,0.1666,0.0051,0.0879,0.00631791761435431,1678.22,2.7,26.9,3.3,5416.2971166,0.1393377639,5.1,0.097,35.730725319,2.3,0.361,0.0035380339,0.0083396513
2043,"-103.4793,48.3452",38105,"North Dakota, Williams",0.195063694267516,20.7920792079208,0.106591230551627,3768,1.02421193652868,1.00821328316541,0.00690021231422505,26,0.000735502121640736,1.01766889775789,1.01767987205908,1.54175037529092,1.00438712071125,0.0217,0.5473,0.8309,0.00141442715700141,2499.91,11.7,9.2,22.9,6798.2773585,0.2010852288,6.1,0.094,182.93145521,3.3,0.369,0.0440169731,0.0425176803
2044,"-83.4719,38.8454",39001,"Ohio, Adams",0.191627906976744,7.43038522579714,0.0387750685326793,1075,1.01966601933163,1.02449948164349,0.012093023255814,13,0.00046890780551147,1,1.01059862870183,0.594996835606011,1.00911113863336,0.8876,0.0341,0.595,0.00090174577982975,1142.35,8.7,16.9,42.8,12222.909515,0.2428219203,10.4,0.161,21.572038326,3.7,0.322,0.0046169384,0.0055908238
2045,"-84.108,40.7729",39003,"Ohio, Allen",0.219804293851322,14.6596144667504,0.0666939403680002,6847,1.01863170159855,1.02449948164349,0.0148970351978969,102,0.000993541977148535,1.00573140984274,1.01059862870183,0.594996835606011,1.00911113863336,0.515,0.4193,0.5954,0.0077145612343298,1636.73,6.7,16.7,268.7,9037.4934331,0.2018441812,12.2,0.132,75.437157285,5,0.34,0.1235790889,0.0029708853
2046,"-82.2728,40.8477",39005,"Ohio, Ashland",0.379345088161209,14.0106056377337,0.0369336682482091,1985,1.04537250670577,1.02449948164349,0.0181360201511335,36,0.0006698297516048,1.00819891621082,1.01059862870183,0.594996835606011,1.00911113863336,0.4051,0.3117,0.7373,0.00228858498464973,1533.93,8.7,17.9,117.4,7482.7192757,0.1883777616,11.3,0.108,74.250758505,4,0.333,0.0079821379,0.0025862871
2047,"-80.7483,41.7086",39007,"Ohio, Ashtabula",0.215533374922021,7.08768834685567,0.0328844122142102,3206,1.01670255525884,1.02449948164349,0.0193387398627573,62,0.000635943093350292,1.01208430616964,1.01059862870183,0.594996835606011,1.00911113863336,0.7863,0.3391,0.844,0.00306688685341512,1459.06,9.2,18.1,129.4,10012.611725,0.2127571775,11,0.138,33.128643189,3.7,0.376,0.0349460987,0.0032310012
2048,"-82.0428,39.3343",39009,"Ohio, Athens",0.222518067706352,8.8881460998511,0.0399434805068522,2629,1.01714823018562,1.02449948164349,0.00228223659186002,6,9.11604728189857e-05,1.05963402266705,1.01059862870183,0.594996835606011,1.00911113863336,0.8121,0.3429,0.9952,0.00200553040201768,1555.6,6.3,12.1,135.2,7014.1497948,0.2003160937,10.5,0.122,118.07364303,3.3,0.334,0.0277887508,0.0035856453
2049,"-84.2242,40.56",39011,"Ohio, Auglaize",0.188050930460333,12.5753209326696,0.0668718889179984,3063,1.01615294228185,1.02449948164349,0.0150179562520405,46,0.00100427910226181,1.01308078292908,1.01059862870183,0.594996835606011,1.00911113863336,0.1035,0.0812,0.084,0.00305650161557943,1712.41,4.1,17.4,111.5,6454.2979291,0.1745495022,12.4,0.112,18.69664528,4.3,0.383,0.0058510174,0.0022050476
2050,"-80.9924,40.0163",39013,"Ohio, Belmont",0.26412092283214,9.8363084215984,0.0372416858010518,2514,1.02389293480152,1.02449948164349,0.0127287191726333,32,0.000474038960077031,1.00926242190831,1.01059862870183,0.594996835606011,1.00911113863336,0.4611,0.1254,0.5651,0.00422190948818606,1688.83,6,19.8,110.7,8288.949203,0.1749012387,11.2,0.133,97.309627763,4,0.35,0.041952448,0.0018665284
2051,"-83.8679,38.9342",39015,"Ohio, Brown",0.347701149425287,13.8755102976928,0.0399064263107197,1740,1.03399031898047,1.02449948164349,0.00517241379310345,9,0.000206412549883033,1.08759574725442,1.01059862870183,0.594996835606011,1.00911113863336,0.5602,0.0653,0.3671,,1431.74,7.5,17.4,71.2,10747.539594,0.2058649772,11,0.135,32.587310988,4,0.34,0.0090821522,0.0034172744
2052,"-84.5739,39.4401",39017,"Ohio, Butler",0.238932261231359,13.3663547589035,0.055942025953376,21391,1.02036164780098,1.02449948164349,0.00790051890982189,169,0.000441971033898394,1.00784848193778,1.01059862870183,0.594996835606011,1.00911113863336,0.3076,0.6116,0.4505,0.00200063811202527,2106.86,5.8,14,779.1,9428.605198,0.1824021455,13,0.112,97.200893068,5,0.323,0.0851905706,0.0027668956
2053,"-81.0918,40.579",39019,"Ohio, Carroll",0.314250913520097,9.52697463166057,0.0303164580333075,821,1.02858566112637,1.02449948164349,0.0146163215590743,12,0.000443115099147003,1,1.01059862870183,0.594996835606011,1.00911113863336,0.3576,0.07,0.1697,,1527.09,9.2,20.2,58.7,8073.1734588,0.1836994989,11.3,0.141,44.295895543,3.7,0.386,0.0063513164,0.0033233632
2054,"-83.7688,40.1392",39021,"Ohio, Champaign",0.279116465863454,10.7601795943645,0.0385508592661403,1494,1.01962153834053,1.02449948164349,0.00803212851405622,12,0.000309645455952934,1.05963402266705,1.01059862870183,0.594996835606011,1.00911113863336,0.3889,0.2012,0.2681,0.000206430303968623,1682.77,5.6,17.8,79.3,8433.7931464,0.1845516824,11.7,0.129,45.200039053,4,0.317,0.0204107963,0.0043092326
2055,"-83.785,39.9159",39023,"Ohio, Clark",0.236592632719393,12.9806442025486,0.0548649552327525,7384,1.02096056516608,1.02449948164349,0.0203141928494041,150,0.00111453728127206,1.00584875104734,1.01059862870183,0.594996835606011,1.00911113863336,0.6328,0.5323,0.5848,0.00170895716461716,1596.64,6.8,18.7,310.3,12178.56724,0.2140277483,11.6,0.149,75.674977829,5,0.337,0.0872459784,0.0034179143
2056,"-84.1538,39.0485",39025,"Ohio, Clermont",0.285493486420843,12.5860239650356,0.0440851527746683,9058,1.02496504144095,1.02449948164349,0.0065135791565467,59,0.000287152132226256,1.00748296609677,1.01059862870183,0.594996835606011,1.00911113863336,0.1717,0.1923,0.2053,0.000720313823211626,2246.8,5.7,15.2,367.4,8228.2709433,0.1854045965,12,0.111,58.612502673,5,0.37,0.0156960276,0.0022144783
2057,"-83.8085,39.4149",39027,"Ohio, Clinton",0.346412556053812,14.6943433911121,0.0424186223458639,1784,1.03854983992558,1.02449948164349,0.0134529147982063,24,0.000570654112276197,1.03393669433935,1.01059862870183,0.594996835606011,1.00911113863336,0.4768,0.1515,0.5247,0.00392324702189885,1645.98,5.9,16.1,102.9,10004.561791,0.1950981204,11.3,0.139,31.992352882,4,0.328,0.0213281974,0.0033288157
2058,"-80.7809,40.7693",39029,"Ohio, Columbiana",0.236925515055468,11.6495397652559,0.0491696293771003,5048,1.0194569673602,1.02449948164349,0.0217908082408875,110,0.0010714459650319,1.00804496919444,1.01059862870183,0.594996835606011,1.00911113863336,0.579,0.135,0.7023,0.00341888667023815,1502.37,7.2,19.3,167.5,8980.1042431,0.2096568391,11.5,0.121,43.727772528,4,0.36,0.0228120586,0.0023669215
2059,"-81.9173,40.301",39031,"Ohio, Coshocton",0.283524904214559,10.10128586639,0.0356275082584837,1305,1.0276754087172,1.02449948164349,0.0114942528735632,15,0.000409511589177974,1,1.01059862870183,0.594996835606011,1.00911113863336,0.7229,0.2241,0.5998,0.00152884326626444,1405.48,11,18.5,61.2,8558.5588191,0.2198392454,11.3,0.133,8.6774924271,3.7,0.374,0.0119577384,0.0029484834
2060,"-82.9199,40.8507",39033,"Ohio, Crawford",0.302533532041729,14.6570397111913,0.0484476534296029,2013,1.0265192752495,1.02449948164349,0.0139095876800795,28,0.000673886883273165,1.04924143725562,1.01059862870183,0.594996835606011,1.00911113863336,0.4857,0.0933,0.1576,0.00180505415162455,1335,6.2,20.1,96.9,9661.4195799,0.1996641029,11.4,0.102,19.167755438,4,0.317,0.0100120337,0.0027196149
2061,"-81.6592,41.4241",39035,"Ohio, Cuyahoga",0.277532961684807,12.6075585859146,0.0454272476659294,56505,1.02875931295673,1.02449948164349,0.0145827802849305,824,0.000662455571661373,1.00768586868151,1.01059862870183,0.594996835606011,1.00911113863336,0.5541,0.8354,0.6332,0.00616791158469181,1828.49,6,17.3,3022.7,9085.2552231,0.2003452224,13.2,0.11,340.35765008,5,0.304,0.2960782469,0.0026562539
2062,"-84.6195,40.1341",39037,"Ohio, Darke",0.264285714285714,18.0231085478246,0.0681955458566335,3500,1.02163452018362,1.02449948164349,0.0205714285714286,72,0.00140287980047932,1.01925902092718,1.01059862870183,0.594996835606011,1.00911113863336,0.3064,0.0382,0.0837,0.00202638193402568,1577.13,5.9,18.9,78.4,8954.4891445,0.1842348452,12.2,0.079,26.678687606,4,0.357,0.006176568,0.0023576174
2063,"-84.4908,41.324",39039,"Ohio, Defiance",0.262692128551467,14.7779379012184,0.0562557316913402,2147,1.02412713649138,1.02449948164349,0.023754075454122,51,0.00133630289532294,1.03531589938405,1.01059862870183,0.594996835606011,1.00911113863336,0.2427,0.3894,0.1996,0.00272500982575658,1553.97,5.6,17.6,90.5,7695.8331485,0.1753635912,12.2,0.136,6.046954609,4,0.322,0.016350059,0.0041923228
2064,"-83.0046,40.2794",39041,"Ohio, Delaware",0.297959648922831,12.7620516926562,0.0428314764727134,8773,1.03093684207919,1.02449948164349,0.00547133249743531,48,0.000234345249138293,1.02277387409987,1.01059862870183,0.594996835606011,1.00911113863336,0.0013,0.4655,0.0417,0.000742093288937928,3569.72,3.9,12.7,404.6,4124.5028922,0.1501513133,11.9,0.084,85.58347331,5,0.27,0.0361721656,0.0020309922
2065,"-82.629,41.368",39043,"Ohio, Erie",0.323068611561318,16.0289486028278,0.0496146887355089,3702,1.03775990522528,1.02449948164349,0.0226904376012966,84,0.00112577899886082,1.02638809625704,1.01059862870183,0.594996835606011,1.00911113863336,0.2621,0.4333,0.2783,0.00568250351805937,1958.55,5,20.8,293.7,9571.4723443,0.1822507143,11.1,0.12,81.738861669,5,0.332,0.0856396167,0.0034443477
2066,"-82.6309,39.7511",39045,"Ohio, Fairfield",0.247048368668275,12.4918154857429,0.050564250041725,7877,1.02321483325999,1.02449948164349,0.0088866319664847,70,0.000449345880782119,1.00627713668647,1.01059862870183,0.594996835606011,1.00911113863336,0.151,0.4476,0.3021,0.00163690285142057,2226.59,5.1,15.1,252.9,6862.0993373,0.1735112124,11.6,0.095,73.203558877,5,0.319,0.0808694201,0.0025805292
2067,"-83.4562,39.5602",39047,"Ohio, Fayette",0.255728011825573,12.0700481406544,0.0471987720644666,1353,1.02490122061797,1.02449948164349,0.016260162601626,22,0.000767459708365311,1,1.01059862870183,0.594996835606011,1.00911113863336,0.6446,0.3181,0.1662,0.00087211330496058,1550.44,7.4,17,72.3,10998.99989,0.2136166737,11.1,0.14,9.9589655699,4,0.358,0.0215237564,0.0032442615
2068,"-83.0112,39.97",39049,"Ohio, Franklin",0.219865651330457,11.5904754636343,0.0527161718690376,69074,1.0200971436556,1.02449948164349,0.0100327185337464,693,0.000528886514538655,1.00270897709662,1.01059862870183,0.594996835606011,1.00911113863336,0.3392,0.8373,0.6699,0.00369838968175227,2015.98,8.1,11.4,2615.2,8233.4720115,0.1993468173,12.1,0.094,335.138066,5,0.299,0.2290483095,0.0030970007
2069,"-84.1257,41.6021",39051,"Ohio, Fulton",0.302108876900441,14.5709149399186,0.0482306746144385,2039,1.02502901125525,1.02449948164349,0.0156939676311918,32,0.000756930646229539,1.00454582940699,1.01059862870183,0.594996835606011,1.00911113863336,0.2446,0.4091,0.0723,0.00276752767527675,1689.95,4.5,16.7,100.2,7844.5090287,0.1719562724,11.6,0.11,21.866360129,4,0.31,0.0058898666,0.0044942757
2070,"-82.3165,38.8271",39053,"Ohio, Gallia",0.340342679127726,14.5768704759999,0.0428299809866907,1284,1.02971976393683,1.02449948164349,0.0116822429906542,15,0.00050035024517162,1,1.01059862870183,0.594996835606011,1.00911113863336,0.7669,0.1127,0.7794,0.00957336802428367,1436.29,10.6,18,65.5,12658.897117,0.208959201,10.4,0.183,35.995567239,4,0.382,0.0222822643,0.0043697255
2071,"-81.1794,41.4995",39055,"Ohio, Geauga",0.27175572519084,9.46496368218992,0.0348289393923281,3275,1.02650455516043,1.02449948164349,0.0155725190839695,51,0.000542374323361445,1,1.01059862870183,0.594996835606011,1.00911113863336,0.0516,0.235,0.3496,0.00239282789718284,2913.62,8.8,19.1,207.2,5483.5650325,0.1690799141,11.6,0.081,15.681335885,3.7,0.248,0.0122831832,0.0012868097
2072,"-83.8903,39.6912",39057,"Ohio, Greene",0.246497145822522,11.3098604125123,0.0458823179261288,7708,1.02107458718901,1.02449948164349,0.01141670991178,88,0.000523825113842674,1.00839161480858,1.01059862870183,0.594996835606011,1.00911113863336,0.2083,0.4916,0.3817,0.00138694604006072,2279.98,4.5,16.3,424.5,6598.2686781,0.1756976616,11.5,0.12,118.20491838,5,0.296,0.0709068722,0.0033989107
2073,"-81.4925,40.0503",39059,"Ohio, Guernsey",0.332243296272073,13.018297370714,0.0391830249602788,1529,1.02548981518545,1.02449948164349,0.00981033355134074,15,0.000384398544410845,1,1.01059862870183,0.594996835606011,1.00911113863336,0.7592,0.1261,0.6132,0.00484342165957665,1314.71,7.6,18.7,75,9450.0505956,0.2156750654,11.2,0.123,49.189687101,4,0.364,0.0148121572,0.0034595869
2074,"-84.545,39.1967",39061,"Ohio, Hamilton",0.243001302083333,12.7968712500796,0.0526617394243061,43008,1.0223371167152,1.02449948164349,0.00913783482142857,393,0.000481214276268422,1.00406380685509,1.01059862870183,0.594996835606011,1.00911113863336,0.3755,0.7319,0.6988,0.00484520328548129,2059.64,6.2,14.7,2306.7,9116.4523722,0.1932735723,13.1,0.11,386.78212401,5,0.291,0.2621221917,0.0024758658
2075,"-83.6684,41.0025",39063,"Ohio, Hancock",0.26218161683278,12.472013696826,0.0475701303832477,3612,1.02273836070693,1.02449948164349,0.0179955703211517,65,0.00085605162649809,1.02958569090176,1.01059862870183,0.594996835606011,1.00911113863336,0.1962,0.348,0.4674,0.00231792440405637,1943.54,4.8,16.2,162.7,7816.2914251,0.1836650792,11.7,0.113,123.70985284,5,0.33,0.0170025023,0.0037797972
2076,"-83.6593,40.6602",39065,"Ohio, Hardin",0.228531855955679,10.4828462515883,0.0458703939008895,1444,1.01590399204108,1.02449948164349,0.0207756232686981,30,0.000952986022871665,1.02065336654354,1.01059862870183,0.594996835606011,1.00911113863336,0.6271,0.1827,0.7093,0.00079415501905972,1468.48,9,15.2,60.8,8639.9712168,0.2085770696,11.7,0.142,5.2376370295,3.7,0.368,0.0089898348,0.0027636595
2077,"-81.0907,40.2938",39067,"Ohio, Harrison",0.412946428571429,12.1919072097008,0.029524186107816,448,1.04063134273691,1.02449948164349,0.00669642857142857,3,0.000197706603400554,1,1.01059862870183,0.594996835606011,1.00911113863336,0.6481,0.2569,0.4753,0.00164755502833795,1433.96,9.2,20.4,36.5,9904.445692,0.2020481313,11.1,0.134,16.144686816,3,0.353,0.0209569,0.0021747726
2078,"-84.0683,41.334",39069,"Ohio, Henry",0.246498599439776,12.9956435058702,0.0527209628590416,1428,1.02202738762115,1.02449948164349,0.0245098039215686,35,0.00129218046223141,1.02722871120298,1.01059862870183,0.594996835606011,1.00911113863336,0.1764,0.2267,0.1082,0.00114450269511925,1805,3.6,17.6,61.1,7224.4010979,0.1673563503,11.8,0.083,21.854571798,4,0.33,0.0069039356,0.0048733663
2079,"-83.6033,39.1839",39071,"Ohio, Highland",0.320777642770352,12.2625296112221,0.0382275070834688,1646,1.02959917964548,1.02449948164349,0.0109356014580802,18,0.000418040782200752,1,1.01059862870183,0.594996835606011,1.00911113863336,0.7901,0.212,0.4932,0.00162571415300293,1319.69,8.6,17.6,69,9885.7028202,0.2102798261,10.9,0.145,3.1894682984,4,0.316,0.0145153049,0.0033675507
2080,"-82.4799,39.4954",39073,"Ohio, Hocking",0.340679522497704,13.0702836004932,0.038365333803065,1089,1.03158114647696,1.02449948164349,0.0174471992653811,19,0.000669367623744936,1.00775379492937,1.01059862870183,0.594996835606011,1.00911113863336,0.5134,0.0665,0.5868,0.00105689624801832,1417.59,7,18.3,57.7,9324.3581572,0.1980512713,10.7,0.139,21.292521283,3.7,0.407,0.0065527567,0.0042980447
2081,"-81.9264,40.5616",39075,"Ohio, Holmes",0.139080459770115,5.51353321789848,0.0396427595005924,1740,1.0143346034565,1.02449948164349,0.0264367816091954,46,0.00104802697530302,1.01657433082119,1.01059862870183,0.594996835606011,1.00911113863336,0.5271,0.389,0.7994,0.00157204046295452,1896.46,39.5,13,109.7,5172.241008,0.1834580588,11.5,0.116,27.082755737,4,0.292,0.0037592272,0.000934111
2082,"-82.5987,41.1465",39077,"Ohio, Huron",0.330879504068191,14.597292492821,0.0441166415971557,2581,1.03851982110131,1.02449948164349,0.0127857419604804,33,0.000564063995624231,1.05963402266705,1.01059862870183,0.594996835606011,1.00911113863336,0.4666,0.4626,0.3165,0.00237590592096267,1597.64,7.6,16.3,114.7,8749.4414769,0.1930712593,11.2,0.127,52.089278274,4,0.384,0.0114522084,0.0033331054
2083,"-82.6182,39.0191",39079,"Ohio, Jackson",0.363366923532899,18.9291007905138,0.0520936264822134,1687,1.02574652683274,1.02449948164349,0.00770598695909899,13,0.000401432806324111,1,1.01059862870183,0.594996835606011,1.00911113863336,0.8592,0.1172,0.6578,0.000741106719367589,1305.11,9.9,16.4,74.9,12111.311757,0.2320327975,10.4,0.18,13.345958455,4,0.394,0.0070096344,0.0045701581
2084,"-80.7626,40.3861",39081,"Ohio, Jefferson",0.40910906911706,15.5701187525659,0.0380586008180394,2503,1.04008393983658,1.02449948164349,0.0127846584099081,32,0.000486566211017684,1.10408951367381,1.01059862870183,0.594996835606011,1.00911113863336,0.6398,0.2652,0.5626,0.00760259704715131,1449.48,5.9,20.6,153.8,10213.450807,0.2069979982,11.5,0.149,112.83098774,4,0.341,0.0533094105,0.0023111895
2085,"-82.4203,40.3983",39083,"Ohio, Knox",0.27851199216838,9.19328518572375,0.0330085793223789,2043,1.02353491901806,1.02449948164349,0.0107684777288302,22,0.000355452151293361,1.01370885629547,1.01059862870183,0.594996835606011,1.00911113863336,0.4385,0.2044,0.3703,0.00179341767243469,1690.1,9.3,17.2,109.8,7654.2197276,0.1747842205,11.2,0.137,72.14245414,3.7,0.308,0.0099041895,0.0024558512
2086,"-81.2368,41.6971",39085,"Ohio, Lake",0.22700107769178,10.0514502372958,0.0442793062460415,10207,1.02136520591917,1.02449948164349,0.00920936612128931,94,0.000407784342816488,1.02149134365142,1.01059862870183,0.594996835606011,1.00911113863336,0.1194,0.518,0.1528,0.00174392878523647,2050.03,5.1,18.9,921.6,7608.8640355,0.1739170066,11,0.093,113.16013644,5,0.253,0.0438845363,0.0020996556
2087,"-82.5347,38.5974",39087,"Ohio, Lawrence",0.263849431818182,12.4110513480106,0.0470383857281262,2816,1.02358637525566,1.02449948164349,0.0152698863636364,43,0.000718270804797381,1.00682720684153,1.01059862870183,0.594996835606011,1.00911113863336,0.7013,0.1503,0.341,0.000133631777636722,1302.55,5.9,18.2,111.4,11962.794601,0.2122757531,10,0.189,52.893803332,3.7,0.399,0.0211138209,0.002388668
2088,"-82.4819,40.0914",39089,"Ohio, Licking",0.275465433416341,13.216209911873,0.047977743515637,8433,1.02698412303432,1.02449948164349,0.0113838491639986,96,0.000546171395411022,1.02638809625704,1.01059862870183,0.594996835606011,1.00911113863336,0.2525,0.2961,0.2579,0.00121181778356821,2136.68,6.4,15.8,229.5,6839.8142478,0.1871606034,11.7,0.118,111.87138693,5,0.321,0.0396031155,0.0032884069
2089,"-83.7678,40.39",39091,"Ohio, Logan",0.284136546184739,12.478504343225,0.0439172803033643,1992,1.02888544996102,1.02449948164349,0.0105421686746988,21,0.000462983376692094,1,1.01059862870183,0.594996835606011,1.00911113863336,0.3315,0.3699,0.3346,0.00253538515807575,1689.41,7.9,17,96.9,8549.2978303,0.1866302919,11.7,0.05,56.371176848,4,0.405,0.0177036025,0.0034172583
2090,"-82.1508,41.2955",39093,"Ohio, Lorain",0.34487291849255,12.7156572233658,0.0368705588103186,11410,1.03817366887236,1.02449948164349,0.010692375109553,122,0.000394233845298761,1.00723042184058,1.01059862870183,0.594996835606011,1.00911113863336,0.4146,0.6074,0.4451,0.00283072826624357,1869.37,5.1,17.3,561.4,8280.2840028,0.1817869393,11.2,0.133,77.740648711,4.3,0.366,0.0786851978,0.0037096759
2091,"-83.6547,41.621",39095,"Ohio, Lucas",0.252601346579406,12.4796754586542,0.0494046275985755,21239,1.02457155443657,1.02449948164349,0.0225057676915109,478,0.00111188907161915,1.00898121189567,1.01059862870183,0.594996835606011,1.00911113863336,0.6038,0.6574,0.5957,0.00766691711308935,1684.58,6.2,15.4,1313.1,9839.1801335,0.2108733466,11.9,0.129,285.00478543,5,0.348,0.1960483742,0.0041218984
2092,"-83.4018,39.8938",39097,"Ohio, Madison",0.253781512605042,13.5996217323757,0.053587913448765,2380,1.02248073159193,1.02449948164349,0.00798319327731092,19,0.0004278026703893,1,1.01059862870183,0.594996835606011,1.00911113863336,0.3455,0.3598,0.5291,0.00211649742192601,1904.13,6.9,14.9,82.6,8524.536833,0.185181402,11.7,0.148,23.21190141,4,0.374,0.0624366739,0.0036475807
2093,"-80.7729,41.0163",39099,"Ohio, Mahoning",0.293103448275862,14.9537105581732,0.0510185419043555,11716,1.02840629210663,1.02449948164349,0.0264595425059747,310,0.00134992727811115,1.00232563164892,1.01059862870183,0.594996835606011,1.00911113863336,0.5755,0.625,0.4422,0.00568711298455857,1566.28,5.4,20,539.5,9130.1839928,0.1988956693,11.4,0.128,74.92339007,5,0.313,0.1505125369,0.0026475993
2094,"-83.1574,40.5861",39101,"Ohio, Marion",0.160942760942761,14.6499938702955,0.0910261125413755,5940,1.01478612880678,1.02449948164349,0.0134680134680135,80,0.00122594090964815,1.02135629719252,1.01059862870183,0.594996835606011,1.00911113863336,0.6806,0.3263,0.7459,0.00413755057006252,1475.48,6,17.1,152.4,9999.3329578,0.2135787562,11.6,0.157,50.813741354,4.3,0.402,0.0635956847,0.0029729067
2095,"-81.8999,41.1177",39103,"Ohio, Medina",0.290119227079622,11.8171770511203,0.0407321402654818,7297,1.0271579968875,1.02449948164349,0.00986706865835275,72,0.000401906824601163,1.02159147023276,1.01059862870183,0.594996835606011,1.00911113863336,0.0191,0.1821,0.0592,0.0010661694930392,2382.83,4.2,16.7,364,5869.5622116,0.1593706745,11.2,0.105,47.156065107,5,0.29,0.0138322932,0.0019202215
2096,"-82.0305,39.0922",39105,"Ohio, Meigs",0.340874811463047,9.78100926166364,0.0286938457543495,663,1.02758793303198,1.02449948164349,0.0196078431372549,13,0.000562624426555873,1.01150029829051,1.01059862870183,0.594996835606011,1.00911113863336,0.8436,0.0118,0.6772,,1213.32,7.7,19,43.6,12074.878677,0.2224276837,10.5,0.151,5.5211069014,3,0.407,0.008742318,0.0029862373
2097,"-84.6291,40.5404",39107,"Ohio, Mercer",0.143342776203966,12.353817231866,0.0861837447203301,3530,1.01081309951469,1.02449948164349,0.0198300283286119,70,0.00170902609927,1.01288402997981,1.01059862870183,0.594996835606011,1.00911113863336,0.1076,0.1286,0.0805,0.002148489953368,1835.37,4.1,17,81.9,6114.2043307,0.1551563404,12.5,0.116,20.201132049,4,0.347,0.0044190532,0.0031739056
2098,"-84.2287,40.0543",39109,"Ohio, Miami",0.233274222150572,13.6224134360114,0.0583965656831918,6203,1.01882047988178,1.02449948164349,0.0111236498468483,69,0.000649582948918303,1,1.01059862870183,0.594996835606011,1.00911113863336,0.235,0.291,0.0665,0.00208054828566587,1981.69,5.4,18,245.8,7602.0378081,0.1775502818,12.2,0.129,71.816337548,5,0.371,0.0233285007,0.0023723899
2099,"-81.0846,39.7298",39111,"Ohio, Monroe",0.324577861163227,12.545322697607,0.0386511965192168,533,1.02318237584562,1.02449948164349,0.0412757973733583,22,0.00159535895576505,1,1.01059862870183,0.594996835606011,1.00911113863336,0.6245,0.0232,0.3349,,1366.93,6.8,22.7,30.4,7705.6682491,0.1940734798,10.8,0.167,24.999692588,3,0.37,0.0060913706,0.0017403916
2100,"-84.2905,39.7539",39113,"Ohio, Montgomery",0.234805391801979,12.794670984782,0.0544905331457308,29007,1.01965620101898,1.02449948164349,0.0103768055986486,301,0.000565437669419966,1.01038507754155,1.01059862870183,0.594996835606011,1.00911113863336,0.5401,0.6851,0.6422,0.00547403776973349,1701.05,7,17.3,1190.8,11185.4957,0.2019898679,12,0.132,219.90931795,5,0.333,0.2109326716,0.0027745895
2101,"-81.8531,39.6208",39115,"Ohio, Morgan",0.420454545454545,15.2013147082991,0.0361544782251438,528,1.03393669433935,1.02449948164349,0.0340909090909091,18,0.00123253903040263,1.02638809625704,1.01059862870183,0.594996835606011,1.00911113863336,0.6713,0.1843,0.3827,,1286.09,8.5,19.9,30,8757.342321,0.2165155901,10.8,0.152,31.610224745,3,0.321,0.0314982197,0.0042454122
2102,"-82.7893,40.5236",39117,"Ohio, Morrow",0.268136557610242,10.7370699475963,0.04004329004329,1406,1.02399119607995,1.02449948164349,0.00142247510668563,2,5.69605832763727e-05,1,1.01059862870183,0.594996835606011,1.00911113863336,0.3217,0.0783,0.3569,0.0006265664160401,1584.64,6.4,16.1,63.3,7523.8556109,0.1852271887,11.3,0.167,37.935895094,3.7,0.392,0.0065789474,0.0019651401
2103,"-81.9436,39.9658",39119,"Ohio, Muskingum",0.330430575713595,15.849993618231,0.0479676966455101,4134,1.02685713694865,1.02449948164349,0.00459603289791969,19,0.000220461111820197,1.02485387013382,1.01059862870183,0.594996835606011,1.00911113863336,0.658,0.1987,0.6326,0.00372463246812016,1499.79,6.2,17.1,128,9133.5924903,0.1975511989,11.3,0.152,111.23716253,4.3,0.366,0.0375944212,0.0036202035
2104,"-81.4594,39.7682",39121,"Ohio, Noble",0.215990453460621,12.6097255120524,0.0583809391110492,838,1.02030585076556,1.02449948164349,0.035799522673031,30,0.00209000975337885,1.00485482547268,1.01059862870183,0.594996835606011,1.00911113863336,0.5701,0.1815,0.5072,,1279.82,7,25.9,29.1,7423.1591022,0.171920752,10.9,0.125,19.019436434,3,0.389,0.0273094608,0.0039013515
2105,"-83.094,41.5378",39123,"Ohio, Ottawa",0.266259032795998,11.749123108244,0.0441266648679143,1799,1.02494545853917,1.02449948164349,0.0177876598110061,32,0.000784910103264736,1,1.01059862870183,0.594996835606011,1.00911113863336,0.1736,0.1815,0.2662,0.000613211018175575,1998.1,4.2,23.6,141,8655.8938987,0.1666343645,11.4,0.135,19.142178003,4.3,0.339,0.0082170276,0.0026245432
2106,"-84.5801,41.1168",39125,"Ohio, Paulding",0.249227600411946,12.8997867803838,0.0517590618336887,971,1.02057253551541,1.02449948164349,0.0175077239958805,17,0.000906183368869936,1.01804126125684,1.01059862870183,0.594996835606011,1.00911113863336,0.342,0.2951,0.2197,0.00133262260127932,1572.67,6.3,17.8,38.3,7555.1302008,0.1741108623,12.2,0.1,18.814854605,3,0.37,0.0096481876,0.004424307
2107,"-82.238,39.7351",39127,"Ohio, Perry",0.343484419263456,13.4598839952266,0.0391863014458968,1412,1.02759836787765,1.02449948164349,0.00991501416430595,14,0.00038853273388283,1,1.01059862870183,0.594996835606011,1.00911113863336,0.7876,0.0306,0.3811,,1471.79,5.2,15.9,69.6,8445.9784133,0.2039715243,11,0.12,31.21385215,3,0.359,0.0051064302,0.0034135376
2108,"-83.0243,39.6417",39129,"Ohio, Pickaway",0.173878523223501,15.0810866646008,0.0867334641738112,5038,1.01469285845379,1.02449948164349,0.00992457324335054,50,0.000860792617842509,1,1.01059862870183,0.594996835606011,1.00911113863336,0.3761,0.2544,0.3655,0.00141169989326172,1798.39,6.5,15.1,93.4,8195.9769367,0.1985919386,11.5,0.138,30.805343404,4,0.339,0.0381675447,0.0029611266
2109,"-83.0677,39.0763",39131,"Ohio, Pike",0.284475281873374,11.686322015178,0.0410802722057933,1153,1.01924098126377,1.02449948164349,0.00433651344319167,5,0.000178145152670396,1.03239118471,1.01059862870183,0.594996835606011,1.00911113863336,0.8656,0.0965,0.7822,0.000890725763351979,1448.48,8.6,17.4,65.8,13084.895969,0.2105498479,10.5,0.174,35.30749493,4,0.37,0.0106174511,0.0061281933
2110,"-81.1974,41.1679",39133,"Ohio, Portage",0.30949105914718,11.0478926144838,0.0356969685810209,5816,1.03024730074994,1.02449948164349,0.015130674002751,88,0.000540119194485874,1.01925902092718,1.01059862870183,0.594996835606011,1.00911113863336,0.3478,0.3773,0.5403,0.00185359087198561,1969.64,5.8,15.4,290.5,7375.6125957,0.1889022924,11.5,0.118,74.630286466,4,0.283,0.0449096835,0.0020929619
2111,"-84.6479,39.742",39135,"Ohio, Preble",0.248444444444444,13.6351440349294,0.0548820645413079,2250,1.02383309529417,1.02449948164349,0.0115555555555556,26,0.000634192745810669,1.02415191411056,1.01059862870183,0.594996835606011,1.00911113863336,0.3557,0.1398,0.0815,,1695.03,6.2,18.2,82.3,9856.5709975,0.1849134867,11.4,0.118,16.62533219,4,0.287,0.0062443593,0.0036100202
2112,"-84.1336,41.0209",39137,"Ohio, Putnam",0.171029668411867,14.5056246299586,0.0848134991119005,2865,1.01632360440478,1.02449948164349,0.0202443280977312,58,0.00171699230313795,1.00248762368712,1.01059862870183,0.594996835606011,1.00911113863336,0.0618,0.2677,0.0108,,1980.08,3.1,16.5,59.5,5717.6162936,0.1620023342,12.1,0.088,9.1116983445,4,0.376,0.0037300178,0.0034635879
2113,"-82.538,40.7718",39139,"Ohio, Richland",0.353630796150481,16.6888248457873,0.0471927926737628,5715,1.03555874891661,1.02449948164349,0.00857392825896763,49,0.000404627618725175,1.00906641053247,1.01059862870183,0.594996835606011,1.00911113863336,0.608,0.3655,0.7303,0.00350126755794846,1577.54,7.9,18.9,238.6,9963.983397,0.2120758442,11.3,0.123,51.883833263,5,0.324,0.0936423918,0.0024360234
2114,"-83.06,39.3371",39141,"Ohio, Ross",0.246579330422125,11.0098659838037,0.0446504010086961,3435,1.02297633884759,1.02449948164349,0.0192139737991266,66,0.000857911635101585,,1.01059862870183,0.594996835606011,1.00911113863336,0.7369,0.2334,0.8446,0.00522546177743692,1560.86,6.5,15.7,104.8,9781.3096065,0.2188014805,10.9,0.142,25.964097113,5,0.37,0.057233105,0.003223668
2115,"-83.1379,41.3562",39143,"Ohio, Sandusky",0.353375138325341,16.2927940951377,0.0461062262963656,2711,1.04388965122599,1.02449948164349,0.0147547030616009,40,0.000680283678293849,1.01516534655549,1.01059862870183,0.594996835606011,1.00911113863336,0.4054,0.4483,0.2324,0.00270412762121805,1599.16,5.4,17.8,145.2,8225.5176371,0.2015459292,11.5,0.131,81.519890684,4,0.346,0.0302556166,0.003690539
2116,"-82.9891,38.8027",39145,"Ohio, Scioto",0.351678258240097,15.4035654684644,0.04380016423406,3307,1.03292746918188,1.02449948164349,0.00937405503477472,31,0.00041058515006225,1.01993180033091,1.01059862870183,0.594996835606011,1.00911113863336,0.8331,0.1515,0.9436,0.00590712828799237,1524.98,6.3,17.3,119.7,13060.487093,0.2230239851,10.2,0.162,67.588019485,4,0.385,0.0254430346,0.0053905857
2117,"-83.1278,41.1235",39147,"Ohio, Seneca",0.2690036900369,13.2048472114044,0.0490879779738077,2710,1.02949867644864,1.02449948164349,0.00848708487084871,23,0.000416613835202058,1.01308078292908,1.01059862870183,0.594996835606011,1.00911113863336,0.4137,0.3037,0.389,0.00262647852627384,1605.55,4.7,17,90.9,7484.0056459,0.1938631424,11.5,0.118,34.991102536,4,0.342,0.0240549206,0.0030068651
2118,"-84.2026,40.3316",39149,"Ohio, Shelby",0.249724163295329,13.9634359512205,0.0559154379254324,2719,1.02062037052814,1.02449948164349,0.00662008091210004,18,0.000370164723301869,1,1.01059862870183,0.594996835606011,1.00911113863336,0.2373,0.2477,0.1866,0.00185082361650935,1865,4.1,15.5,131.9,7618.5466473,0.1804068886,12.2,0.125,30.221379481,4.3,0.328,0.0223744011,0.0022209883
2119,"-81.3644,40.8148",39151,"Ohio, Stark",0.345394944209796,14.7453804625727,0.04269136161303,15863,1.0323842118579,1.02449948164349,0.0158860240811952,252,0.000678195998643608,1.00819891621082,1.01059862870183,0.594996835606011,1.00911113863336,0.3882,0.3894,0.3846,0.00410147103941611,1712.3,5.6,18.6,633.3,8650.4519034,0.1900400692,12.2,0.125,149.77355154,5,0.348,0.0779494798,0.0030464995
2120,"-81.5312,41.1246",39153,"Ohio, Summit",0.305644351082291,12.3505770245683,0.0404083274591359,21898,1.03057213556649,1.02449948164349,0.0204128230888666,447,0.00082484803974033,1.0156348460323,1.01059862870183,0.594996835606011,1.00911113863336,0.2908,0.6606,0.4037,0.00391941216198761,1938.47,5.9,17,1352.2,8842.5892398,0.184839474,12.1,0.107,255.76335682,5,0.299,0.1475278548,0.0022051307
2121,"-80.7611,41.3174",39155,"Ohio, Trumbull",0.290823367065317,12.7324079807881,0.043780553499776,8696,1.02599750664419,1.02449948164349,0.0197792088316467,172,0.000865944710437151,1.00859359209028,1.01059862870183,0.594996835606011,1.00911113863336,0.5303,0.3413,0.3868,0.00284452768254064,1512.66,7.3,20.4,301.5,10529.790549,0.1967625288,11.2,0.139,93.196045478,5,0.386,0.0821841945,0.0023863825
2122,"-81.4723,40.4421",39157,"Ohio, Tuscarawas",0.243372533386486,13.2463981947579,0.0544284846380837,5017,1.02119328514584,1.02449948164349,0.0193342635040861,97,0.00105233466412081,1.0225169602259,1.01059862870183,0.594996835606011,1.00911113863336,0.4408,0.3321,0.3181,0.00197448359659781,1645.78,8.7,18.9,153.2,7101.5099516,0.1801609958,11.6,0.118,67.574914355,5,0.331,0.0081691547,0.0046432911
2123,"-83.3724,40.3002",39159,"Ohio, Union",0.252186079048618,12.4664995245094,0.0494337338981586,2859,1.01906272853103,1.02449948164349,0.0055963623644631,16,0.000276649087922538,1.01925902092718,1.01059862870183,0.594996835606011,1.00911113863336,0.0283,0.2722,0.291,0.00167718509553039,2352.95,4.6,11.7,148.6,5529.1627259,0.1792236227,11.8,0.089,40.219572427,4.3,0.329,0.0262989539,0.0024725512
2124,"-84.5911,40.8554",39161,"Ohio, Van Wert",0.246565437454808,12.0575651497472,0.0489020897422298,1383,1.02207234476977,1.02449948164349,0.0231381055676067,32,0.00113150171493229,1.08566736172956,1.01059862870183,0.594996835606011,1.00911113863336,0.2933,0.2209,0.0369,0.0038541777164881,1641.2,5.7,18.1,65.1,8409.0896273,0.1815657755,12.4,0.149,5.7631288073,4,0.408,0.0102188749,0.0026873166
2125,"-82.4831,39.2521",39163,"Ohio, Vinton",0.376262626262626,11.3402846487556,0.0301392800060887,396,1.02374949660693,1.02449948164349,0.0176767676767677,7,0.00053276505061268,1.02226578920968,1.01059862870183,0.594996835606011,1.00911113863336,0.9223,0.0318,0.5565,,1201.21,9.5,16.4,25.5,10840.873018,0.2234485112,10.4,0.155,28.440270697,3,0.367,0.0054798691,0.0046426669
2126,"-84.1656,39.4258",39165,"Ohio, Warren",0.264682090276654,14.0929393168026,0.0532447786779686,12362,1.02258317746854,1.02449948164349,0.00768484064067303,95,0.000409177639088094,1.01264626372318,1.01059862870183,0.594996835606011,1.00911113863336,0.0242,0.4218,0.1331,0.00141273963811468,2993.38,4.2,13.6,523.8,5977.0485899,0.1522808546,12.4,0.108,69.197919407,5,0.279,0.0358224255,0.0021148023
2127,"-81.4912,39.4569",39167,"Ohio, Washington",0.382456140350877,14.4958856287923,0.0379020862771174,2280,1.03150480190238,1.02449948164349,0.0140350877192982,32,0.000531959105643754,1.01416221482281,1.01059862870183,0.594996835606011,1.00911113863336,0.3303,0.1016,0.5591,0.00398969329232815,1596.47,6.8,20,95.1,9158.3745275,0.1804809864,11,0.148,79.777689884,4,0.368,0.0117031003,0.0027096667
2128,"-81.8884,40.8293",39169,"Ohio, Wayne",0.264711998336452,10.9772607724611,0.0414686936800987,4809,1.02276275894977,1.02449948164349,0.0259929299230609,125,0.00107789284882768,1.01073197118559,1.01059862870183,0.594996835606011,1.00911113863336,0.3955,0.426,0.8297,0.00158665827347435,1825.38,12.9,16.8,205.9,7495.5346661,0.1746726679,12,0.15,35.915754542,4.3,0.271,0.0155475265,0.0020436848
2129,"-84.5843,41.5605",39171,"Ohio, Williams",0.318233944954128,15.0798826214542,0.0473861536789479,1744,1.0284560936646,1.02449948164349,0.010894495412844,19,0.000516248233887621,1.06785020757899,1.01059862870183,0.594996835606011,1.00911113863336,0.4092,0.1656,0.2369,0.00334202804043039,1508.37,5.5,18,88.4,7966.579163,0.1966299646,11.8,0.126,30.976863652,4,0.352,0.0120095642,0.0035322248
2130,"-83.6229,41.3622",39173,"Ohio, Wood",0.254206999255398,13.0608434841158,0.0513787721123829,6715,1.02223317133961,1.02449948164349,0.0178704393149665,120,0.000918161229111832,1.00735452613864,1.01059862870183,0.594996835606011,1.00911113863336,0.2153,0.4228,0.4995,0.00149966334088266,2127.73,4.4,14.5,214.7,5734.2099184,0.1687128749,11.9,0.117,82.32003985,5,0.344,0.0266878864,0.0030528861
2131,"-83.3073,40.8434",39175,"Ohio, Wyandot",0.325423728813559,17.5062685206291,0.0537953043081833,1180,1.03207909536232,1.02449948164349,0.0194915254237288,23,0.00104855254160018,1.02016664537273,1.01059862870183,0.594996835606011,1.00911113863336,0.2299,0.3967,0.1477,0.00141326646911329,1638.99,5.8,18.4,49,7946.8745987,0.1856842334,11.6,0.144,13.99820935,4,0.367,0.0034191931,0.0026897652
2132,"-94.6586,35.8849",40001,"Oklahoma, Adair",0.176113360323887,11.8195815596413,0.0671134860972738,1482,1.01416895707089,1.01342486670694,0.0087719298245614,13,0.000588714790326963,1,1.01220234038286,0.596043345821882,1.00771053575682,0.8739,0.7727,0.5571,0.00303414545783896,1051.37,26.7,15.3,35.7,11817.562171,0.2774440862,9.8,0.243,16.672959667,3,0.477,0.0053437189,0.4566162485
2133,"-98.3241,36.7309",40003,"Oklahoma, Alfalfa",0.367213114754098,38.9294403892944,0.106013208202989,610,1.05262654891204,1.01342486670694,0.00327868852459016,2,0.000347584289190129,1.10408951367381,1.01220234038286,0.596043345821882,1.00771053575682,0.2761,0.5868,0.1808,,1770.38,10.8,18.7,5.9,6751.5704727,0.1686908668,8.4,0.083,1.7873620571,3,0.348,0.043274244,0.0431004519
2134,"-96.038,34.3737",40005,"Oklahoma, Atoka",0.169902912621359,12.6463361757479,0.074432721491545,1030,1.01563554860158,1.01342486670694,0.00194174757281553,2,0.000144529556294262,1.10408951367381,1.01220234038286,0.596043345821882,1.00771053575682,0.8057,0.4537,0.6705,0.00180661945367828,1178.09,17.5,18.7,13,9952.9649044,0.2087430297,9.5,0.136,47.79444741,3.7,0.406,0.0383725972,0.1434455846
2135,"-100.4759,36.7497",40007,"Oklahoma, Beaver",0.25,12.7843579620229,0.0511374318480917,272,1.02173000990531,1.01342486670694,0.00735294117647059,2,0.000376010528294792,1,1.01220234038286,0.596043345821882,1.00771053575682,0.5057,0.8399,0.2184,0.00451212633953751,1621.83,12.3,18.9,3,8081.4016719,0.1545170714,7,0.109,6.5047683038,3,0.361,0.0069561948,0.0225606317
2136,"-99.6813,35.2686",40009,"Oklahoma, Beckham",0.182926829268293,13.8191533465383,0.0755447049610761,1640,1.01526363909854,1.01342486670694,0.0109756097560976,18,0.000829149200792298,1.00819891621082,1.01220234038286,0.596043345821882,1.00771053575682,0.4892,0.631,0.9468,0.00428393753742687,1612.06,14.6,13.1,26.2,11328.258941,0.1795890217,7.8,0.154,28.373679673,4,0.348,0.0386936294,0.036436501
2137,"-98.4331,35.8752",40011,"Oklahoma, Blaine",0.255597014925373,14.4438587243015,0.0565102793885082,536,1.01833101267027,1.01342486670694,0.00373134328358209,2,0.000210859251449657,1,1.01220234038286,0.596043345821882,1.00771053575682,0.4443,0.8294,0.5543,0.0044280442804428,1471.7,12.5,18,11.2,12897.992624,0.1827360138,8.4,0.141,12.908383218,3,0.341,0.030152873,0.102266737
2138,"-96.259,33.9647",40013,"Oklahoma, Bryan",0.136098310291859,9.38718426852009,0.0689735548398034,3255,1.01052372958262,1.01342486670694,0.00768049155145929,25,0.000529750805221224,1,1.01220234038286,0.596043345821882,1.00771053575682,0.6538,0.6183,0.8465,0.00313612476690965,1377.41,16.8,17.5,48,10093.884034,0.2025215519,9.9,0.126,40.285785524,4.3,0.332,0.0178208171,0.1465290727
2139,"-98.3753,35.1736",40015,"Oklahoma, Caddo",0.210284280936455,17.3585947475584,0.0825482279048901,2392,1.01274988365572,1.01342486670694,0.0154682274247492,37,0.00127687476274287,1.01215288021427,1.01220234038286,0.596043345821882,1.00771053575682,0.808,0.9019,0.8357,0.00144942540635677,1315.37,19,16.4,21.1,12416.83515,0.2035945048,8.9,0.112,31.832213595,3.7,0.437,0.027090451,0.2548573006
2140,"-97.9847,35.5426",40017,"Oklahoma, Canadian",0.195533958116395,11.6997930036622,0.0598350952252383,8643,1.01456458022048,1.01342486670694,0.0047437232442439,41,0.00028384113204151,1.0228608224892,1.01220234038286,0.596043345821882,1.00771053575682,0.1452,0.6813,0.3053,0.00085152339612453,2301.29,10.1,12.6,120.9,6496.51841,0.1452099954,9.7,0.118,49.534182794,5,0.349,0.0313125229,0.0514721663
2141,"-97.2855,34.251",40019,"Oklahoma, Carter",0.190952380952381,8.32347385681964,0.043589264586836,2100,1.01647653983752,1.01342486670694,0.00761904761904762,16,0.00033210868256637,1.00926242190831,1.01220234038286,0.596043345821882,1.00771053575682,0.5869,0.6683,0.7335,0.0044004400440044,1553.81,15.4,16.1,63.8,10290.538496,0.1970563631,9.5,0.106,36.957749866,5,0.386,0.0657160056,0.0998816863
2142,"-94.9998,35.9069",40021,"Oklahoma, Cherokee",0.210017271157168,12.4910118130457,0.0594761171032357,2895,1.01857824770097,1.01342486670694,0.00449050086355786,13,0.000267077555213148,1.02415191411056,1.01220234038286,0.596043345821882,1.00771053575682,0.8398,0.7915,0.9761,0.00201335387776066,1300.76,22.9,16,61.5,10352.523137,0.2239833561,10,0.193,30.431047752,4,0.388,0.0129429892,0.3632049307
2143,"-95.5477,34.0281",40023,"Oklahoma, Choctaw",0.138686131386861,7.7720207253886,0.0560403599672757,822,1.01069714738736,1.01342486670694,0.0072992700729927,6,0.000409053722388874,1.05963402266705,1.01220234038286,0.596043345821882,1.00771053575682,0.9293,0.5218,0.8243,0.00231797109353695,1055.66,24.8,19.9,18.6,12860.515383,0.2288581305,9.6,0.125,25.017726728,3,0.34,0.1033542405,0.1827788383
2144,"-102.5174,36.7482",40025,"Oklahoma, Cimarron",0.142857142857143,6.03808639108221,0.0422666047375755,91,1.0149883959768,1.01342486670694,0,0,0,,1.01220234038286,0.596043345821882,1.00771053575682,0.3911,0.772,0.0946,0.011611704598235,1521.38,13.7,24.4,1.3,7142.2906208,0.1704449279,5.6,0.102,30.160481,3,0.284,0.0060380864,0.0120761728
2145,"-97.3252,35.2041",40027,"Oklahoma, Cleveland",0.170592020592021,9.41175635231424,0.0551711405941016,15540,1.01235555403136,1.01342486670694,0.00888030888030888,138,0.00048993676975457,1.00746434349109,1.01220234038286,0.596043345821882,1.00771053575682,0.2166,0.6727,0.645,0.00207335560533818,2010.17,9.8,12.6,435.8,6892.5061936,0.155001384,10.1,0.105,84.475969172,5,0.346,0.0507723605,0.0531013353
2146,"-96.298,34.5884",40029,"Oklahoma, Coal",0.118457300275482,7.78985507246377,0.0657608695652174,363,1.01153347528811,1.01342486670694,0.00826446280991736,3,0.000543478260869565,1.05963402266705,1.01220234038286,0.596043345821882,1.00771053575682,0.7815,0.5116,0.39,0.0036231884057971,1337,22.6,20.2,10.5,13485.476458,0.1981905283,9.3,0.146,26.41960472,3,0.351,0.0067028986,0.1971014493
2147,"-98.472,34.6597",40031,"Oklahoma, Comanche",0.172342264477096,8.27921808307452,0.048039394794971,5785,1.01198831754423,1.01342486670694,0.00795159896283492,46,0.000381990001826909,1.02766948763189,1.01220234038286,0.596043345821882,1.00771053575682,0.5761,0.7752,0.9163,0.00406902393250403,1614.87,13.1,11.9,114.8,8803.5931101,0.1953476234,8.9,0.099,116.77913409,5,0.322,0.1638072777,0.0674544518
2148,"-98.3705,34.2885",40033,"Oklahoma, Cotton",0.321739130434783,19.2174515235457,0.0597299168975069,345,1.02715539532744,1.01342486670694,0.0202898550724638,7,0.00121191135734072,1.08322761045516,1.01220234038286,0.596043345821882,1.00771053575682,0.7621,0.2929,0.4059,,1323.75,15.6,19.3,8.6,12215.101821,0.1801957071,8.6,0.093,6.378175679,3,0.389,0.022333795,0.1004155125
2149,"-95.2092,36.7627",40035,"Oklahoma, Craig",0.193027210884354,15.8674681951629,0.0822032713546764,1176,1.01508316023966,1.01342486670694,0.00340136054421769,4,0.000279602963791416,1.04195362743721,1.01220234038286,0.596043345821882,1.00771053575682,0.7303,0.6141,0.7243,0.00384454075213197,1255.71,16.3,19.4,20.1,11184.353908,0.2119801276,9.8,0.09,23.556572277,4,0.358,0.0299874179,0.2129176569
2150,"-96.3709,35.9023",40037,"Oklahoma, Creek",0.177156892846177,8.05820903860119,0.0454862856823641,3257,1.01468635246403,1.01342486670694,0.0168867055572613,55,0.000768113513211552,1.00804496919444,1.01220234038286,0.596043345821882,1.00771053575682,0.4739,0.4604,0.4406,0.00132674152281995,1511.04,12.6,17,67.1,10827.201128,0.1866203586,9.8,0.126,34.865136423,4,0.333,0.021618904,0.1085274566
2151,"-99.0017,35.6385",40039,"Oklahoma, Custer",0.206152616859768,17.7710428433669,0.0862033337925334,2503,1.01443995643826,1.01342486670694,0.00759089093088294,19,0.000654360104697617,1.00775379492937,1.01220234038286,0.596043345821882,1.00771053575682,0.5143,0.8354,0.8427,0.00278964044634247,1635.25,15,13.5,29.3,9042.1627116,0.1812461037,8.2,0.118,42.636307823,4,0.375,0.0288607246,0.0787987326
2152,"-94.8033,36.4082",40041,"Oklahoma, Delaware",0.172369546621044,9.43065078510753,0.0547118152247677,2338,1.01442317461614,1.01342486670694,0.0166809238665526,39,0.000912643624365245,1,1.01220234038286,0.596043345821882,1.00771053575682,0.7994,0.6679,0.4117,0.00135726487726113,1355.75,19.2,24.2,51.2,10042.186848,0.2099454953,10,0.118,15.605022964,4,0.369,0.0042356025,0.2392764374
2153,"-99.0073,35.9877",40043,"Oklahoma, Dewey",0.346820809248555,24.5198201879853,0.0706988148753576,346,1.028094495982,1.01342486670694,0.00578034682080925,2,0.000408663669799755,1.10408951367381,1.01220234038286,0.596043345821882,1.00771053575682,0.2758,0.5708,0.0675,0.00367797302819779,1593,18.4,18.6,4.6,8913.2793034,0.1820165682,7.7,0.101,28.490229707,3,0.386,0.0069472824,0.0664078463
2154,"-99.7532,36.218",40045,"Oklahoma, Ellis",0.220149253731343,14.9291497975709,0.0678137651821862,268,1.01349289782927,1.01342486670694,0,0,0,,1.01220234038286,0.596043345821882,1.00771053575682,0.5576,0.3543,0.0455,0.00632591093117409,1529.7,13.6,21.3,3.1,10740.342985,0.1772802342,7.2,0.106,28.744413287,3,0.363,0.0068319838,0.0285931174
2155,"-97.7827,36.3791",40047,"Oklahoma, Garfield",0.154095526258915,11.7052189187858,0.0759607965458933,4627,1.01140144274603,1.01342486670694,0.00864491030905554,40,0.000656674273143664,1.01119961438567,1.01220234038286,0.596043345821882,1.00771053575682,0.4758,0.7931,0.3922,0.00715774957726594,1704.47,13.1,15.7,59.3,8696.0562883,0.1739171859,9.2,0.097,45.665752294,4.3,0.362,0.0293697569,0.0319800371
2156,"-97.3081,34.7042",40049,"Oklahoma, Garvin",0.129841789416258,8.55776491316386,0.0659091726295351,1833,1.00988799114778,1.01342486670694,0.00981996726677578,18,0.000647225917802308,1,1.01220234038286,0.596043345821882,1.00771053575682,0.5522,0.611,0.228,0.00323612958901154,1342.33,15.6,17.5,36.8,11528.426743,0.2028588157,9.5,0.139,23.477864161,4,0.348,0.0213584553,0.0890295207
2157,"-97.8834,35.0168",40051,"Oklahoma, Grady",0.174018862184363,10.296844341236,0.0591708520098648,3287,1.01160291575424,1.01342486670694,0.00973532096136294,32,0.000576047235873342,1.04830794547557,1.01220234038286,0.596043345821882,1.00771053575682,0.2739,0.5116,0.2888,0.00135011070907814,1724.43,11.8,15.5,43.5,9060.1761653,0.1897143466,9.6,0.126,28.397329258,4,0.345,0.0222498245,0.0617090601
2158,"-97.7864,36.7963",40053,"Oklahoma, Grant",0.253571428571429,16.412390198798,0.0647249190938511,280,1.02534501461212,1.01342486670694,0.0178571428571429,5,0.00115580212667591,1,1.01220234038286,0.596043345821882,1.00771053575682,0.1771,0.2521,0.0277,,1677.08,7.9,20.7,4.4,12450.755655,0.1515083958,8.8,0.139,14.780611278,3,0.277,0.0166435506,0.0268146093
2159,"-99.5606,34.9354",40055,"Oklahoma, Greer",0.201219512195122,11.3382580312661,0.0563477065796255,328,1.01428412397937,1.01342486670694,0.024390243902439,8,0.00137433430682013,1,1.01220234038286,0.596043345821882,1.00771053575682,0.8971,0.2996,0.5387,0.0030922521903453,1243.46,18,17.7,7.4,7629.820649,0.2022933695,7.8,0.097,17.110889111,3,0.313,0.0814293077,0.0383095688
2160,"-99.8474,34.744",40057,"Oklahoma, Harmon",0.421621621621622,29.2792792792793,0.0694444444444444,185,1.03239118471,1.01342486670694,0,0,0,,1.01220234038286,0.596043345821882,1.00771053575682,0.6799,0.8574,0.3553,0.00938438438438438,1239.33,13.3,18.6,5.1,14123.348287,0.169866102,7.8,0.069,16.007715543,3,0.318,0.0728228228,0.0266516517
2161,"-99.668,36.7884",40059,"Oklahoma, Harper",0.318611987381703,26.599947326837,0.0834869633921517,317,1.02265027332565,1.01342486670694,0.00630914826498423,2,0.000526731630234396,1,1.01220234038286,0.596043345821882,1.00771053575682,0.3987,0.8316,0.0961,0.00658414537792994,1444.09,13.5,17.5,3.4,8471.3226782,0.1623817863,7.4,0.09,24.157309739,3,0.265,0.0018435607,0.0205425336
2162,"-95.1151,35.2226",40061,"Oklahoma, Haskell",0.0965034965034965,5.44679507420271,0.0564414272181876,715,1.00911463123494,1.01342486670694,0.00979020979020979,7,0.000552573413324913,1,1.01220234038286,0.596043345821882,1.00771053575682,0.886,0.5973,0.4429,0.0019734764761604,1158.84,18.5,19.7,20.3,9313.9552899,0.2088876005,9.9,0.11,22.198128197,3.7,0.303,0.0069466372,0.1761919798
2163,"-96.2492,35.0491",40063,"Oklahoma, Hughes",0.12280701754386,6.2992125984252,0.0512935883014623,684,1.01067556994948,1.01342486670694,0.0116959064327485,8,0.000599925009373828,1,1.01220234038286,0.596043345821882,1.00771053575682,0.9041,0.5495,0.5514,0.00187476565429321,1189.45,20.4,18.6,15.6,12034.368873,0.2070645025,9.4,0.234,12.442398858,3,0.357,0.0570678665,0.2016497938
2164,"-99.4114,34.5878",40065,"Oklahoma, Jackson",0.136300417246175,11.7840394404585,0.0864563709968335,2157,1.00842299977159,1.01342486670694,0.0162262401483542,35,0.00140286183814983,1,1.01220234038286,0.596043345821882,1.00771053575682,0.685,0.8453,0.6893,0.00196400657340976,1453.46,13.4,14.6,32.7,9008.8478777,0.1744760442,8.2,0.107,39.298088879,4,0.369,0.0690208024,0.0275762556
2165,"-97.8318,34.1113",40067,"Oklahoma, Jefferson",0.311320754716981,16.1685448309652,0.0519353258206761,318,1.02203637583554,1.01342486670694,0.00628930817610063,2,0.000326637269312429,1,1.01220234038286,0.596043345821882,1.00771053575682,0.8847,0.5692,0.3859,0.00293973542381186,1116.18,18.6,19.8,7.4,9779.1825934,0.1913109175,8.9,0.105,8.1899931807,3,0.318,0.0130654908,0.0681038707
2166,"-96.6601,34.3144",40069,"Oklahoma, Johnston",0.179566563467492,10.594574847018,0.0590008219928761,646,1.01501577156879,1.01342486670694,0.00773993808049536,5,0.000456662708923189,1,1.01220234038286,0.596043345821882,1.00771053575682,0.8347,0.5078,0.5342,0.00228331354461595,1211.48,18.2,18.7,16.2,13644.234982,0.2066186836,9.4,0.162,9.3097217549,3,0.317,0.0254817792,0.1559046488
2167,"-97.1442,36.818",40071,"Oklahoma, Kay",0.239121425611272,13.0658273136931,0.0546409728040579,2413,1.01956109530895,1.01342486670694,0.0111893907998342,27,0.000611399198387718,1.00540603558491,1.01220234038286,0.596043345821882,1.00771053575682,0.6908,0.5947,0.6953,0.00427979438871402,1475.62,13.7,18.7,48.8,11000.25896,0.1884165239,9.4,0.167,23.807247788,4,0.357,0.0202893956,0.1087384797
2168,"-97.9419,35.9453",40073,"Oklahoma, Kingfisher",0.187218721872187,13.151239251391,0.0702453211937279,1111,1.01185847846244,1.01342486670694,0.0063006300630063,7,0.000442589782498735,1,1.01220234038286,0.596043345821882,1.00771053575682,0.3287,0.7768,0.128,0.00158067779463834,1972.5,11.1,15.2,17.5,8529.6480207,0.1591831017,9,0.158,51.225457892,3.7,0.388,0.0132776935,0.0392640364
2169,"-98.9772,34.9167",40075,"Oklahoma, Kiowa",0.267782426778243,14.6637644632833,0.0547599954175736,478,1.01658915206559,1.01342486670694,0.0167364016736402,8,0.000916485278955207,1,1.01220234038286,0.596043345821882,1.00771053575682,0.7506,0.5992,0.1786,0.00435330507503723,1218.32,14.2,19.5,8.1,11669.264266,0.2050600158,8.2,0.173,14.339132239,3,0.318,0.039408867,0.0789322947
2170,"-95.2522,34.8784",40077,"Oklahoma, Latimer",0.178191489361702,6.54872446486169,0.0367510507281791,376,1.02059372106782,1.01342486670694,0.0106382978723404,4,0.000390968624767862,1,1.01220234038286,0.596043345821882,1.00771053575682,0.7417,0.6033,0.8797,0.00322549115433486,1325.2,18.9,21,15.5,11330.947334,0.2104117301,9.3,0.175,19.277775897,3,0.345,0.0119245431,0.2306714886
2171,"-94.7039,34.8985",40079,"Oklahoma, Le Flore",0.168208290510449,9.82392957182873,0.0584033613445378,2919,1.01319888707604,1.01342486670694,0.00959232613908873,28,0.000560224089635854,1.00520889711624,1.01220234038286,0.596043345821882,1.00771053575682,0.8213,0.7791,0.6428,0.000860344137655062,1179.24,18,17.5,29.4,12662.993678,0.2170497643,10.5,0.161,25.478121499,4,0.37,0.0201880752,0.1385754302
2172,"-96.8812,35.7027",40081,"Oklahoma, Lincoln",0.220545560069646,10.8820160366552,0.0493413516609393,1723,1.01635865938281,1.01342486670694,0.016250725478816,28,0.000801832760595647,1.01064309218431,1.01220234038286,0.596043345821882,1.00771053575682,0.5586,0.3636,0.2805,0.00143184421534937,1506.73,13.5,17.6,31.6,10899.75704,0.1758442648,9.4,0.177,11.310433411,4,0.348,0.0185853379,0.0737399771
2173,"-97.4435,35.919",40083,"Oklahoma, Logan",0.253731343283582,10.7842929944387,0.0425028018016113,2010,1.01775698092993,1.01342486670694,0.00248756218905473,5,0.000105728362690575,1.03239118471,1.01220234038286,0.596043345821882,1.00771053575682,0.3204,0.4868,0.3789,0.000528641813452877,2116.79,12,14.7,46.9,6803.7963683,0.1769973902,9.4,0.162,26.589148881,4,0.36,0.0807553234,0.0364339938
2174,"-97.2391,33.9527",40085,"Oklahoma, Love",0.169188445667125,12.137359384251,0.0717387014012236,727,1.01281563052169,1.01342486670694,0.00137551581843191,1,9.86777185711466e-05,1,1.01220234038286,0.596043345821882,1.00771053575682,0.578,0.8233,0.234,0.00246694296427867,1437.06,12.4,19,23.1,11233.342837,0.17281336,9.3,0.138,18.736638799,4,0.267,0.0225971976,0.0764752319
2175,"-97.4457,35.0112",40087,"Oklahoma, McClain",0.175344306348673,13.0548955858447,0.0744529198449419,2977,1.01218574074376,1.01342486670694,0.00671817265703729,20,0.000500187570338877,1.01516534655549,1.01220234038286,0.596043345821882,1.00771053575682,0.1783,0.5989,0.0691,0.00097536576216081,2074.68,12,15,58.6,8742.044853,0.1528961197,9.8,0.114,37.514858075,5,0.355,0.0084281606,0.0701262974
2176,"-94.7722,34.1166",40089,"Oklahoma, McCurtain",0.0828331332533013,6.32969452343822,0.0764150077974498,2499,1.00627112680134,1.01342486670694,0.0192076830732293,48,0.00146775525181176,1.003012157342,1.01220234038286,0.596043345821882,1.00771053575682,0.8452,0.7042,0.6345,0.000764455860318625,1105.92,21,17.6,17.3,13239.116849,0.2182086467,9.9,0.143,25.905246225,3.7,0.354,0.0792282054,0.1702596092
2177,"-95.666,35.3724",40091,"Oklahoma, McIntosh",0.191714836223507,10.0428967953571,0.0523845571536715,1038,1.01865924428067,1.01342486670694,0.0134874759152216,14,0.000706535452939692,1.01064309218431,1.01220234038286,0.596043345821882,1.00771053575682,0.786,0.4782,0.582,,1251.14,18.2,24.6,25.8,12121.73218,0.2060713931,9.7,0.159,13.691101403,4,0.335,0.029119354,0.1882412314
2178,"-98.5347,36.3115",40093,"Oklahoma, Major",0.166129032258065,13.4746206174778,0.0811093668236525,620,1.01157801036198,1.01342486670694,0.00645161290322581,4,0.000523286237571952,1,1.01220234038286,0.596043345821882,1.00771053575682,0.271,0.6151,0.1783,0.0032705389848247,1713.8,10.4,19.8,7.7,11766.959054,0.1539629737,8.3,0.098,17.389906823,3,0.412,0.006541078,0.0307430665
2179,"-96.7686,34.0231",40095,"Oklahoma, Marshall",0.186243386243386,10.4724503153636,0.0562299178864691,945,1.0133874519632,1.01342486670694,0.00423280423280423,4,0.000238010234440081,1,1.01220234038286,0.596043345821882,1.00771053575682,0.6127,0.8564,0.4887,0.00148756396525051,1383.95,17.8,21.7,37.9,9443.6631943,0.1880287188,9.6,0.169,38.929605447,4.3,0.341,0.0160656908,0.109187195
2180,"-95.2318,36.3018",40097,"Oklahoma, Mayes",0.169656586365966,8.05215656700805,0.0474615029070475,1951,1.01237978025501,1.01342486670694,0.0107637109174782,21,0.000510861897000511,1,1.01220234038286,0.596043345821882,1.00771053575682,0.6338,0.4947,0.6135,0.00116768433600117,1409.04,15.5,17.9,60,10807.877828,0.2087450817,10.2,0.105,32.007073313,4.3,0.367,0.0060330357,0.221446469
2181,"-97.0683,34.4812",40099,"Oklahoma, Murray",0.250580046403712,15.4805418189637,0.0617788289256791,862,1.0195005630026,1.01342486670694,0.00696055684454756,6,0.000430015050526768,1,1.01220234038286,0.596043345821882,1.00771053575682,0.4818,0.6692,0.6262,0.00179172937719487,1479.33,14.1,18.9,31.4,10494.21256,0.1819819775,9.3,0.126,27.711177658,4,0.342,0.0165555794,0.137963162
2182,"-95.378,35.6132",40101,"Oklahoma, Muskogee",0.199208443271768,15.4618062666394,0.0776162195371698,5306,1.01590851903979,1.01342486670694,0.0079155672823219,42,0.000614376407945935,1.02226578920968,1.01220234038286,0.596043345821882,1.00771053575682,0.7688,0.7459,0.9529,0.00533922354524443,1271.2,17.7,16.2,87,12259.154712,0.2127680751,10.2,0.139,32.331155176,5,0.424,0.1066528188,0.1955179778
2183,"-97.2293,36.3895",40103,"Oklahoma, Noble",0.277997364953887,18.6907609177075,0.0672335902205687,759,1.02627223801699,1.01342486670694,0.00658761528326746,5,0.00044290902648596,1.03239118471,1.01220234038286,0.596043345821882,1.00771053575682,0.3115,0.29,0.3244,0.00230312693772699,1642.89,8.1,18.5,15.3,10375.186494,0.1695238964,9.2,0.132,13.705983631,3.7,0.387,0.0170077066,0.0927451501
2184,"-95.619,36.7984",40105,"Oklahoma, Nowata",0.180039138943249,9.00371892738305,0.050009786651008,511,1.01481894881334,1.01342486670694,0.0117416829745597,6,0.000587199060481503,1.02638809625704,1.01220234038286,0.596043345821882,1.00771053575682,0.7076,0.5224,0.2525,0.00244666275200626,1247.97,17.5,19,15.2,10241.395652,0.2013798136,9.9,0.185,23.722050647,3.7,0.363,0.0234879624,0.1942650225
2185,"-96.3264,35.4649",40107,"Oklahoma, Okfuskee",0.117696867061812,11.4895023970904,0.0976194412299554,1181,1.01112360198039,1.01342486670694,0.012701100762066,15,0.00123987435939825,1.00990485606307,1.01220234038286,0.596043345821882,1.00771053575682,0.9589,0.5606,0.9137,0.0019837989750372,1179.7,23.7,17.3,17.2,13592.496905,0.2388326339,9.4,0.198,7.0440195469,3,0.484,0.0717473963,0.2190444702
2186,"-97.4072,35.5514",40109,"Oklahoma, Oklahoma",0.184966026648167,11.4373023863777,0.0618346114345266,49009,1.01386704088721,1.01342486670694,0.00761084698728805,373,0.000470613766146594,1.01721217193249,1.01220234038286,0.596043345821882,1.00771053575682,0.4494,0.9121,0.6765,0.00498371146455509,1897.25,14.4,13,1276.8,8982.588306,0.1741191259,10,0.112,156.55837396,5,0.308,0.1525898898,0.0429860885
2187,"-95.9643,35.6466",40111,"Oklahoma, Okmulgee",0.141972367794188,7.77357506195383,0.0547541411242989,2099,1.0115404626927,1.01342486670694,0.0119104335397808,25,0.000652145558888744,1.00584875104734,1.01220234038286,0.596043345821882,1.00771053575682,0.8287,0.419,0.7434,0.00279118299204382,1257.16,16,17.8,52.2,12536.91411,0.2195987542,9.7,0.139,31.752817071,4,0.329,0.0806834485,0.1740185209
2188,"-96.3964,36.6289",40113,"Oklahoma, Osage",0.173949230129005,8.89096864763687,0.0511124345939507,2403,1.01275425695558,1.01342486670694,0.00873907615480649,21,0.000446675458374101,1.01440033702014,1.01220234038286,0.596043345821882,1.00771053575682,0.6487,0.4107,0.5552,0.00085081039690305,1584.58,12.4,18.6,16.8,8413.2193576,0.1905723796,10.2,0.112,16.07823266,3.7,0.326,0.1124558642,0.1474879823
2189,"-94.8101,36.8353",40115,"Oklahoma, Ottawa",0.167852062588905,11.355252606255,0.0676503608660786,2109,1.01118665643477,1.01342486670694,0.0118539592223803,25,0.000801924619085806,1,1.01220234038286,0.596043345821882,1.00771053575682,0.8255,0.703,0.9166,0.00375300721732157,1229.12,16.7,18,64.9,11889.399671,0.220497563,9.9,0.167,51.873067269,4,0.366,0.0096551724,0.202085004
2190,"-96.7033,36.3174",40117,"Oklahoma, Pawnee",0.225974025974026,10.6162294081757,0.0469798657718121,770,1.01920500327747,1.01342486670694,0.0116883116883117,9,0.000549115314215985,1,1.01220234038286,0.596043345821882,1.00771053575682,0.5006,0.3671,0.4056,0.000854179377669311,1428.44,15.2,18.6,24.8,9666.6851961,0.1949964543,9.4,0.152,15.204117132,4,0.393,0.0082977425,0.1383160464
2191,"-96.9758,36.077",40119,"Oklahoma, Payne",0.148237179487179,9.01999024865919,0.0608483666504144,4992,1.01153166069601,1.01342486670694,0.00480769230769231,24,0.000292540224280839,1.01250777270301,1.01220234038286,0.596043345821882,1.00771053575682,0.5831,0.525,0.9573,0.00263286201852755,1363.73,12.1,11.8,122.2,7903.5803909,0.1954965327,9.5,0.089,66.858879921,5,0.322,0.0372623111,0.0530351048
2192,"-95.7513,34.9207",40121,"Oklahoma, Pittsburg",0.167612396333479,8.75173781252137,0.0522141440846001,2291,1.01692887739515,1.01342486670694,0.0100392841553907,23,0.000524192629395811,1.01308078292908,1.01220234038286,0.596043345821882,1.00771053575682,0.6653,0.6307,0.7698,0.00339585659912938,1449.87,17.2,19.2,32.1,12530.239795,0.1966462114,9.5,0.144,36.018637458,4,0.353,0.0318845865,0.1542949609
2193,"-96.6834,34.7296",40123,"Oklahoma, Pontotoc",0.183395291201983,11.6087536277355,0.0632990822809632,2421,1.01239376439043,1.01342486670694,0.00660883932259397,16,0.000418333464062541,1.00926242190831,1.01220234038286,0.596043345821882,1.00771053575682,0.5182,0.6256,0.6402,0.00376500117656287,1499.51,16.8,16,56.6,10589.522909,0.1927143755,9.5,0.159,37.537764321,4.3,0.328,0.023426674,0.1946819358
2194,"-96.9492,35.2061",40125,"Oklahoma, Pottawatomie",0.189371763116415,11.5714305370189,0.0611043079844247,4441,1.01375451680015,1.01342486670694,0.00562936275613601,25,0.000343978315606984,1.01198288474998,1.01220234038286,0.596043345821882,1.00771053575682,0.6561,0.5536,0.7826,0.00132087673193082,1547.73,14.3,15.8,87.8,10772.689539,0.2084464841,9.5,0.135,36.553582898,5,0.359,0.0292794342,0.1360365443
2195,"-95.376,34.4164",40127,"Oklahoma, Pushmataha",0.0985010706638116,4.11485821629842,0.0417747562393774,467,1.00724104697031,1.01342486670694,0.012847965738758,6,0.000536720636908489,1,1.01220234038286,0.596043345821882,1.00771053575682,0.7924,0.4059,0.6218,0.00205742910814921,1242.55,17.9,22.5,7.7,11797.226794,0.2057730965,9.4,0.14,19.695018031,3,0.336,0.0104660524,0.1923248949
2196,"-99.6967,35.6871",40129,"Oklahoma, Roger Mills",0.266666666666667,16.4113785557987,0.0615426695842451,225,1.01916660465604,1.01342486670694,0.0266666666666667,6,0.00164113785557987,1.02638809625704,1.01220234038286,0.596043345821882,1.00771053575682,0.5914,0.3508,0.0548,0.00410284463894967,1747.55,14.6,19.1,3.3,10624.406248,0.1770353755,7.2,0.164,11.880794731,2.3,0.344,0.0073851204,0.0672866521
2197,"-95.6041,36.37",40131,"Oklahoma, Rogers",0.185141040921732,10.1321969038094,0.054726909027657,5034,1.01264890626447,1.01342486670694,0.0150973381009138,76,0.000826230648808488,1.01601628385513,1.01220234038286,0.596043345821882,1.00771053575682,0.1901,0.5899,0.2773,0.000880587928335363,1950.3,10.9,15.6,115.4,7357.0430865,0.1776991531,10.5,0.127,32.568676058,5,0.315,0.0111541138,0.1348386676
2198,"-96.6169,35.1648",40133,"Oklahoma, Seminole",0.144917582417582,8.58491333713077,0.059239970705509,1456,1.01053634914066,1.01342486670694,0.0103021978021978,15,0.000610301896004557,1.03239118471,1.01220234038286,0.596043345821882,1.00771053575682,0.8583,0.61,0.7841,0.00130197737814305,1188.9,19.6,17.4,37.9,12296.242606,0.2252070124,9.4,0.184,18.988431181,4,0.341,0.0426804459,0.1986736105
2199,"-94.7546,35.4945",40135,"Oklahoma, Sequoyah",0.111273792093704,5.5368027392603,0.0497583719857209,2049,1.00970886339136,1.01342486670694,0.00780868716447047,16,0.000388547560649846,1.01925902092718,1.01220234038286,0.596043345821882,1.00771053575682,0.9182,0.6485,0.603,0.00099565312416523,1213.87,19,18,54,11761.405443,0.233154543,10.2,0.157,22.216984202,4,0.361,0.0176303456,0.2215935307
2200,"-97.8514,34.4856",40137,"Oklahoma, Stephens",0.244274809160305,12.573673870334,0.0514734774066798,2227,1.02035656690531,1.01342486670694,0.00898069151324652,20,0.000462267421703455,1.00735452613864,1.01220234038286,0.596043345821882,1.00771053575682,0.5927,0.6094,0.2139,0.00254247081936901,1509.56,13.7,18.8,49,9767.6691627,0.1713934781,9.1,0.153,40.646250198,4.3,0.34,0.0192303247,0.0594707038
2201,"-101.489,36.7478",40139,"Oklahoma, Texas",0.127292736610418,16.9640674651674,0.133268149596676,2726,1.00986327939351,1.01342486670694,0.00476889214966985,13,0.000635541432412613,1,1.01220234038286,0.596043345821882,1.00771053575682,0.6831,0.9666,0.9182,0.00161329748227817,1506.66,15.7,11.1,10,8371.6011874,0.1684910053,7.2,0.085,48.012342458,3.7,0.318,0.0443901247,0.0196528966
2202,"-98.9243,34.3729",40141,"Oklahoma, Tillman",0.276315789473684,17.1475231355471,0.0620577027762656,456,1.02296157349644,1.01342486670694,0.0175438596491228,8,0.00108873162765378,1.01925902092718,1.01220234038286,0.596043345821882,1.00771053575682,0.7895,0.9112,0.5008,,1330.75,15.7,19.3,8.1,11183.351995,0.1850454313,8.4,0.224,19.631133121,3,0.432,0.0728089276,0.0476320087
2203,"-95.9401,36.1194",40143,"Oklahoma, Tulsa",0.161968454258675,9.89882164229749,0.0611157381701524,39625,1.01230053787097,1.01342486670694,0.00787381703470032,312,0.00048121414029243,1.01099955507759,1.01220234038286,0.596043345821882,1.00771053575682,0.401,0.8746,0.5963,0.00477512493059411,1923.54,14,13.6,1226.9,8681.3839793,0.1759728996,9.3,0.101,152.0170853,5,0.312,0.1036661731,0.0684141526
2204,"-95.5191,35.9602",40145,"Oklahoma, Wagoner",0.161117717003567,6.76569716639621,0.0419922606416178,3364,1.0125390475575,1.01342486670694,0.0121878715814507,41,0.000511796280114842,1.01091426025064,1.01220234038286,0.596043345821882,1.00771053575682,0.335,0.6571,0.249,0.0012482836100362,1887.18,11.4,15.6,99,7088.3251636,0.1790017633,10.5,0.161,37.11894396,4.3,0.356,0.0357009112,0.105255274
2205,"-95.9051,36.7138",40147,"Oklahoma, Washington",0.16511533791987,7.86991493547827,0.04766313677835,2471,1.0113055205184,1.01342486670694,0.0206394172399838,51,0.000983739366934784,1.00283295200246,1.01220234038286,0.596043345821882,1.00771053575682,0.3143,0.5826,0.3311,0.00270046100727196,1784.71,13.4,19,125.5,8120.0857678,0.1704148712,10,0.153,49.703881198,5,0.384,0.0245934842,0.1066103428
2206,"-98.9918,35.2907",40149,"Oklahoma, Washita",0.278829604130809,14.5591803720679,0.0522153320751326,581,1.01908013448916,1.01342486670694,0.00516351118760757,3,0.000269614451334592,1.05963402266705,1.01220234038286,0.596043345821882,1.00771053575682,0.379,0.5202,0.3531,0.00125820077289476,1464.55,11.2,17.4,9.8,11744.95234,0.1650613467,8.2,0.107,10.203897463,3,0.287,0.0094365058,0.0404421677
2207,"-98.8657,36.7671",40151,"Oklahoma, Woods",0.247142857142857,19.4447566595482,0.0786782061369001,700,1.00713830920114,1.01342486670694,0.00428571428571429,3,0.000337192312015286,1,1.01220234038286,0.596043345821882,1.00771053575682,0.3799,0.4349,0.3473,0.00280993593346072,1690.35,12.3,16.4,7.5,9939.7082951,0.1648643133,7.9,0.116,38.827918657,3,0.348,0.0333820389,0.030572103
2208,"-99.2628,36.4232",40153,"Oklahoma, Woodward",0.119575253924284,12.8078330531105,0.107111067154584,2166,1.00838680710583,1.01342486670694,0.00369344413665743,8,0.000395608742953219,1,1.01220234038286,0.596043345821882,1.00771053575682,0.3777,0.7383,0.6495,0.00430224507961626,1666.78,10.9,14.5,16.7,8945.6071405,0.1704327488,7.5,0.098,61.764209154,4,0.298,0.0188408664,0.0365443576
2209,"-117.675,44.7092",41001,"Oregon, Baker",0.223756906077348,5.06060227414719,0.022616518805448,362,1.01507635160697,1.01511676724159,0.0110497237569061,4,0.000249906285143071,1,1.01607543495714,0.550009270498839,1.00974453699522,0.6041,0.3235,0.9191,0.00406097713357491,1594.74,8.2,25.5,5.2,8172.793566,0.150688106,6.8,0.125,40.647419608,3,0.309,0.0056228914,0.0146195177
2210,"-123.4317,44.4917",41003,"Oregon, Benton",0.260056127221703,3.01842542426249,0.0116068229443763,1069,1.0248881141152,1.01511676724159,0.00748362956033676,8,8.68611632881293e-05,1.01925902092718,1.01607543495714,0.550009270498839,1.00974453699522,0.3736,0.6625,0.8886,0.00178065384740665,2177.85,5.6,15.1,141.2,4132.4215312,0.1327546083,8.3,0.055,138.81224418,3,0.249,0.0107816419,0.0084363905
2211,"-122.218,45.1879",41005,"Oregon, Clackamas",0.243893457714496,4.77558132548219,0.0195806044583308,8147,1.01630375743354,1.01511676724159,0.0116607340125199,95,0.000228324220392958,1.01264626372318,1.01607543495714,0.550009270498839,1.00974453699522,0.0889,0.6632,0.4148,0.00132428047827916,2839.17,5.6,17,201.8,5147.8419977,0.1319099657,9.2,0.085,300.32598274,3.7,0.285,0.0099405155,0.0107769032
2212,"-123.6607,45.9971",41007,"Oregon, Clatsop",0.20704845814978,2.36394728900513,0.0114173624383865,454,1.01431636626049,1.01511676724159,0.00220264317180617,1,2.51483754149482e-05,,1.01607543495714,0.550009270498839,1.00974453699522,0.308,0.6285,0.7577,0.00726788049492003,1857.97,8.7,20.8,44.2,7565.5250627,0.1512529777,6.3,0.08,197.93632115,3.3,0.296,0.0072678805,0.0136807162
2213,"-123.0891,45.9446",41009,"Oregon, Columbia",0.24024024024024,3.05477595127632,0.0127155048971877,666,1.01746026962442,1.01511676724159,0.0105105105105105,7,0.000133646447868339,1.02226578920968,1.01607543495714,0.550009270498839,1.00974453699522,0.4035,0.4429,0.3954,,1835.34,5.9,17.9,60.5,6471.6987855,0.1514818122,7.3,0.12,122.19760067,3.3,0.306,0.0059759055,0.0146438322
2214,"-124.0595,43.1741",41011,"Oregon, Coos",0.269759450171821,2.4383046793707,0.00903881097703024,582,1.01762546239199,1.01511676724159,0.00687285223367698,4,6.21224122132662e-05,1,1.01607543495714,0.550009270498839,1.00974453699522,0.6277,0.3684,0.8914,0.00335461025951638,1424.39,7.8,25,40.8,8531.2882983,0.1672462583,8,0.13,164.73759891,3.3,0.386,0.0047523645,0.0292751868
2215,"-120.3563,44.1423",41013,"Oregon, Crook",0.340057636887608,4.94406502702476,0.0145389030879457,347,1.0269810422224,1.01511676724159,0.0172910662824208,6,0.000251393136967361,1,1.01607543495714,0.550009270498839,1.00974453699522,0.6529,0.3989,0.3792,,1413,7.8,24.6,7.5,7372.3480338,0.1669776132,7.8,0.18,61.157009615,3.3,0.329,0.0032262119,0.017471823
2216,"-124.1573,42.4591",41015,"Oregon, Curry",0.347826086956522,3.15609520887213,0.00907377372550739,207,1.03472777246825,1.01511676724159,0.00966183574879227,2,8.76693113575593e-05,1,1.01607543495714,0.550009270498839,1.00974453699522,0.5369,0.3894,0.4776,0.00105203173629071,1487.54,6.6,33.1,15.1,7424.0988932,0.1506597262,8,0.118,137.58566856,3.7,0.342,0.0049533161,0.0255117696
2217,"-121.2289,43.9157",41017,"Oregon, Deschutes",0.264596273291925,4.43759244984271,0.0167711827329736,3220,1.01897509748747,1.01511676724159,0.00527950310559006,17,8.85435113231526e-05,1.01804126125684,1.01607543495714,0.550009270498839,1.00974453699522,0.1653,0.5237,0.2152,0.00160420008750182,2188.29,8.6,19.1,62.6,4858.881969,0.1357548159,8.3,0.084,134.88036591,3.3,0.229,0.0046875977,0.0110783558
2218,"-123.1673,43.2794",41019,"Oregon, Douglas",0.224353628023353,2.43917920259695,0.0108720292338801,1199,1.01653002573312,1.01511676724159,0.02418682235196,29,0.000262959839685174,1.027403320897,1.01607543495714,0.550009270498839,1.00974453699522,0.6382,0.3664,0.8682,0.00127852887571067,1676.2,6.5,24.6,22.4,8762.3272593,0.154785148,8.8,0.141,164.61814257,3.7,0.314,0.0045972634,0.0208373004
2219,"-120.2049,45.3716",41021,"Oregon, Gilliam",0.08,1.05596620908131,0.0131995776135164,25,1.00584875104734,1.01511676724159,0.04,1,0.000527983104540655,,1.01607543495714,0.550009270498839,1.00974453699522,0.5159,0.5027,0.32,,1622.98,9.3,25.4,1.6,7404.4447371,0.1409471012,7,0.166,33.622491883,3,0.358,0.0036958817,0.0174234424
2220,"-119.0069,44.4902",41023,"Oregon, Grant",0.151898734177215,3.34448160535117,0.0220178372352285,158,1.01536948198898,1.01511676724159,0.00632911392405063,1,0.000139353400222965,1,1.01607543495714,0.550009270498839,1.00974453699522,0.5809,0.2783,0.6463,0.00348383500557414,1541.55,6.2,28.3,1.6,8731.5870933,0.1467959224,6,0.086,64.388336691,3,0.269,0.0029264214,0.0165830546
2221,"-118.9666,43.0642",41025,"Oregon, Harney",0.153846153846154,2.4559967253377,0.015963978714695,117,1.0075488835911,1.01511676724159,0.00854700854700855,1,0.000136444262518761,1,1.01607543495714,0.550009270498839,1.00974453699522,0.6621,0.3543,0.7103,0.00300177377541274,1482.78,6.8,23.5,0.8,8762.9058316,0.1627500032,6.6,0.119,61.166281903,3,0.31,0.0102333197,0.0421612771
2222,"-121.6552,45.5187",41027,"Oregon, Hood River",0.301393728222997,7.38432644698651,0.0245005975755506,574,1.0228608224892,1.01511676724159,0.00696864111498258,4,0.000170735871606625,1.04195362743721,1.01607543495714,0.550009270498839,1.00974453699522,0.3274,0.9163,0.9169,0.0010670991975414,2199.64,8.6,15,48.1,4265.7692975,0.148258554,6.1,0.053,84.577279093,2.7,0.259,0.0043537647,0.0118661431
2223,"-122.7289,42.432",41029,"Oregon, Jackson",0.212476837554046,4.70022408045035,0.0221211127507242,4857,1.01461250834093,1.01511676724159,0.0102944204241301,50,0.00022772403490554,1.02875582386721,1.01607543495714,0.550009270498839,1.00974453699522,0.5035,0.6765,0.8472,0.00248219198047039,1907.26,7.8,21,80.3,6985.2266314,0.1791238444,8.6,0.103,179.54509286,4,0.244,0.0076150917,0.0164052395
2224,"-121.1783,44.6281",41031,"Oregon, Jefferson",0.272885789014821,12.9381613756614,0.0474123677248677,1147,1.02852789208999,1.01511676724159,0.010462074978204,12,0.000496031746031746,1.01250777270301,1.01607543495714,0.550009270498839,1.00974453699522,0.8296,0.8389,0.7889,,1663.71,10.2,18.5,12.9,8303.634828,0.1865205667,7.6,0.193,98.286356188,3.7,0.426,0.0095486111,0.1879133598
2225,"-123.5562,42.3666",41033,"Oregon, Josephine",0.346715328467153,3.2611307541794,0.00940578764889636,822,1.03297562568722,1.01511676724159,0.0121654501216545,10,0.000114425640497523,1.07570373984278,1.01607543495714,0.550009270498839,1.00974453699522,0.6694,0.3448,0.7068,0.00143032050621903,1606.68,8.1,25.3,53.1,9222.4092545,0.1698462923,7.9,0.117,163.30867504,3.3,0.311,0.0047715492,0.0167862415
2226,"-121.6496,42.6876",41035,"Oregon, Klamath",0.371757925072046,7.62715622367079,0.020516458989254,1388,1.02596623485549,1.01511676724159,0.00792507204610951,11,0.000162594415620889,1.0465440871019,1.01607543495714,0.550009270498839,1.00974453699522,0.7627,0.7011,0.8561,0.00144856843007701,1440.26,8.5,20.2,11.3,9169.7733692,0.1619328746,7.7,0.124,80.887180329,3.7,0.33,0.0077306254,0.0491922014
2227,"-120.385,42.7925",41037,"Oregon, Lake",0.241379310344828,5.33062571392309,0.0220840208148242,174,1.02142923558558,1.01511676724159,0.00574712643678161,1,0.000126919659855312,1,1.01607543495714,0.550009270498839,1.00974453699522,0.6787,0.412,0.8609,0.00901129584972712,1360.79,8.2,24.3,1,8550.8119272,0.1744999493,6.5,0.152,53.13657419,2.3,0.341,0.006345983,0.025383932
2228,"-122.8478,43.9373",41039,"Oregon, Lane",0.225696316262354,3.30865017083277,0.0146597437903538,5565,1.01772456587834,1.01511676724159,0.0122192273135669,68,0.000179130741732985,1.03906724058202,1.01607543495714,0.550009270498839,1.00974453699522,0.5357,0.5931,0.8956,0.00139880035088551,1812.78,7.6,18.3,83.7,6307.7082359,0.1536012982,9.9,0.087,284.87691533,3,0.272,0.0105766166,0.0157292597
2229,"-123.8699,44.6425",41041,"Oregon, Lincoln",0.192207792207792,2.99667935530898,0.0155908317809994,770,1.01537478858549,1.01511676724159,0.0207792207792208,16,0.000323965335709079,1,1.01607543495714,0.550009270498839,1.00974453699522,0.4939,0.4817,0.6482,0.00101239167409087,1646.85,9.9,27.1,51.7,8153.9114322,0.1592215452,7.1,0.12,236.12864804,3.3,0.36,0.0066615372,0.0393617883
2230,"-122.5373,44.489",41043,"Oregon, Linn",0.31107885824867,5.04967212471041,0.0162327718223583,2067,1.02240717166835,1.01511676724159,0.0130624092888244,27,0.00021203910943574,1.01696850489722,1.01607543495714,0.550009270498839,1.00974453699522,0.5701,0.5817,0.6428,0.000769623434248243,1698.02,7.1,17.9,52.8,6762.362288,0.165748114,8.8,0.106,178.64565142,3.7,0.362,0.0058271489,0.0166489967
2231,"-117.6227,43.1937",41045,"Oregon, Malheur",0.0813287514318442,6.93246541903987,0.085240032546786,2619,1.0039902785505,1.01511676724159,0.0171821305841924,45,0.00146460537021969,1,1.01607543495714,0.550009270498839,1.00974453699522,0.9153,0.9029,0.9994,0.00159479251423922,1385.1,9.6,16.1,3.3,7734.9198606,0.174741266,9,0.088,92.211269684,3.7,0.362,0.0126932465,0.0198860862
2232,"-122.5815,44.9029",41047,"Oregon, Marion",0.191588374747563,6.29057739543573,0.0328338157454709,11389,1.01401184444031,1.01511676724159,0.0158047238563526,180,0.00051892939100753,1.01427328286174,1.01607543495714,0.550009270498839,1.00974453699522,0.5984,0.886,0.9274,0.00142993876633186,1935.42,8.5,15,292,6240.1040369,0.1540963136,9.1,0.098,415.2502389,4.3,0.34,0.0111454501,0.0257850249
2233,"-119.5845,45.4185",41049,"Oregon, Morrow",0.119143239625167,7.82623988744284,0.0656876538867394,747,1.00830103298967,1.01511676724159,0.00937081659973226,7,0.000615546957439325,1,1.01607543495714,0.550009270498839,1.00974453699522,0.6889,0.9293,0.5183,0.00184664087231797,1652,9.8,14.8,6.1,5718.9179237,0.1552071555,7.9,0.161,61.937493782,3,0.346,0.0061554696,0.0242701372
2234,"-122.4169,45.5475",41051,"Oregon, Multnomah",0.191389579327487,5.02660491698281,0.0262637335566833,21323,1.01362331204397,1.01511676724159,0.0143038034047742,305,0.000375671281470168,1.01756531822202,1.01607543495714,0.550009270498839,1.00974453699522,0.3067,0.8567,0.9271,0.00234640587278908,2380.86,7.1,12.6,2016.8,5835.1220677,0.1596206003,8.4,0.08,942.08192094,3.7,0.236,0.0567546928,0.014430704
2235,"-123.4129,44.9032",41053,"Oregon, Polk",0.209860935524652,3.89515920876645,0.0185606682779173,1582,1.0144340896102,1.01511676724159,0.0151706700379267,24,0.000281577774127696,1.00609846529734,1.01607543495714,0.550009270498839,1.00974453699522,0.4955,0.7676,0.5677,0.00017598610882981,1847.11,6.3,17.2,93.5,5753.6132392,0.1434415125,8.5,0.117,175.17913804,3.3,0.344,0.0099608138,0.0253302673
2236,"-120.6828,45.415",41055,"Oregon, Sherman",0.115384615384615,1.75644028103044,0.0152224824355972,26,1.01150029829051,1.01511676724159,0,0,0,,1.01607543495714,0.550009270498839,1.00974453699522,0.1959,0.2372,0.0923,,2028.5,12.8,25.7,2.4,6950.4036898,0.139253641,6.7,0.056,64.079192065,3,0.286,0.0029274005,0.0292740047
2237,"-123.7121,45.4625",41057,"Oregon, Tillamook",0.31413612565445,2.23989248516071,0.00713032441109493,191,1.02654172418523,1.01511676724159,0,0,0,,1.01607543495714,0.550009270498839,1.00974453699522,0.4025,0.6377,0.8612,0.00093328853548363,1677.45,7.4,24.4,24.2,6653.5028644,0.1487226294,6.4,0.068,96.486592538,3.3,0.329,0.0053010789,0.0164632098
2238,"-118.7354,45.5907",41059,"Oregon, Umatilla",0.110223314894489,6.94050260591362,0.062967645389339,4881,1.00667205738681,1.01511676724159,0.0106535545994673,52,0.00067082924815522,1.00561868495366,1.01607543495714,0.550009270498839,1.00974453699522,0.8048,0.8863,0.9901,0.00586975592135817,1676.28,7.7,14.9,23,7431.6126001,0.1579855328,8.8,0.134,139.74684677,3.7,0.351,0.0091722999,0.0438619124
2239,"-118.0069,45.3092",41061,"Oregon, Union",0.133997785160576,4.57276746910548,0.0341256944182004,903,1.00918793209771,1.01511676724159,0.0110741971207087,10,0.000377914666868221,1.03239118471,1.01607543495714,0.550009270498839,1.00974453699522,0.4506,0.4126,0.929,0.000944786667170553,1537.14,7.9,19.4,13.5,7210.9607558,0.1612262063,6.4,0.097,95.051907065,3.7,0.382,0.0065757152,0.012471184
2240,"-117.1835,45.5789",41063,"Oregon, Wallowa",0.0405405405405405,0.423668973308855,0.0104505013416184,74,1.00392180941666,1.01511676724159,0.0405405405405405,3,0.000423668973308855,1,1.01607543495714,0.550009270498839,1.00974453699522,0.292,0.3591,0.8096,0.00804971049286824,1847.91,6.2,27.8,2.4,4647.0070457,0.1410074646,6.7,0.108,80.96028933,2.3,0.303,0.0035305748,0.0100268324
2241,"-121.1671,45.1629",41065,"Oregon, Wasco",0.239598278335725,6.30069798151292,0.0262969251084701,697,1.01922918051308,1.01511676724159,0.0272596843615495,19,0.000716845878136201,1,1.01607543495714,0.550009270498839,1.00974453699522,0.4554,0.8036,0.9733,0.00184870779098283,1725.56,8.3,20,11.1,7708.8339407,0.1563942416,6.9,0.047,125.54615661,3.7,0.284,0.005319751,0.0395774382
2242,"-123.0955,45.5597",41067,"Oregon, Washington",0.223431401981387,4.98080124478204,0.0222923062766127,13324,1.01528149986429,1.01511676724159,0.00870609426598619,116,0.000194078919850425,1.01026070714042,1.01607543495714,0.550009270498839,1.00974453699522,0.1576,0.8666,0.5657,0.00145391880474155,2680.72,6.8,12.6,833.4,4108.5117316,0.1129474634,8.8,0.079,431.80166819,4.3,0.298,0.0212583341,0.0114121751
2243,"-120.0281,44.727",41069,"Oregon, Wheeler",0.727272727272727,5.85651537335286,0.00805270863836018,11,1.06669950157661,1.01511676724159,0,0,0,,1.01607543495714,0.550009270498839,1.00974453699522,0.7038,0.2149,0.1726,,1467.62,6.5,34.2,0.8,,0.1543835863,5.8,0.187,8.0775400502,,0.269,0.0036603221,0.0226939971
2244,"-123.3087,45.2333",41071,"Oregon, Yamhill",0.202858460119871,4.11207267153885,0.0202706491467449,2169,1.01757276511149,1.01511676724159,0.00875979714153988,19,0.000177566774452814,1.00775379492937,1.01607543495714,0.550009270498839,1.00974453699522,0.4086,0.7771,0.8902,0.00119623932262948,2170.31,6.4,16.3,139.2,6050.8901223,0.1471722773,8.5,0.11,193.56402246,3.7,0.335,0.0096914076,0.0195510364
2245,"-77.2161,39.8714",42001,"Pennsylvania, Adams",0.336095459065297,9.86275787610275,0.0293451089863925,3017,1.02792328705088,1.02270377859662,0.0178985747431223,54,0.000525235626538016,1.00819891621082,1.01498485664973,0.278007052360183,1.00789616179856,0.2443,0.5215,0.2789,0.000739220511423875,2052.96,5.8,19.2,172.7,6518.790936,0.1621508389,10.6,0.085,113.49198873,3.7,0.356,0.0159613271,0.0039879001
2246,"-79.9817,40.4681",42003,"Pennsylvania, Allegheny",0.302063602831223,9.94704756527134,0.0329303082928174,40124,1.02608878953673,1.02270377859662,0.0172216129997009,691,0.000567113025379744,1.02788212360615,1.01498485664973,0.278007052360183,1.00789616179856,0.1758,0.5648,0.6074,0.00603963061326995,2170.39,4.3,18.1,1769.5,7960.3522943,0.1699103887,13.3,0.094,271.51628834,5,0.281,0.1317401096,0.0015938256
2247,"-79.4629,40.8167",42005,"Pennsylvania, Armstrong",0.278655326042932,10.5419609886153,0.0378315431408302,2469,1.02451335745869,1.02270377859662,0.0226812474686108,56,0.000858066592096594,1.02534501461212,1.01498485664973,0.278007052360183,1.00789616179856,0.449,0.0583,0.2614,0.00237500574598164,1486.29,5,21,84.9,9744.5715512,0.1872686884,11.9,0.12,44.426385435,3.3,0.423,0.00877986,0.0014556487
2248,"-80.3492,40.6825",42007,"Pennsylvania, Beaver",0.353265273051369,13.2328125189691,0.0374585715846597,6171,1.03169995117594,1.02270377859662,0.0307891751742019,190,0.00115331852229547,1.01687296106587,1.01498485664973,0.278007052360183,1.00789616179856,0.2146,0.3069,0.4196,0.00219130519236139,1781.02,4.4,20.5,327.5,8891.2668318,0.1922043187,11,0.128,86.853488021,4,0.332,0.0625827051,0.0017663984
2249,"-78.49,40.0052",42009,"Pennsylvania, Bedford",0.343315056938001,16.8963799402192,0.049215376951179,2371,1.03488774806049,1.02270377859662,0.0282581189371573,67,0.00139073397542345,1.04269629012006,1.01498485664973,0.278007052360183,1.00789616179856,0.465,0.0984,0.3053,0.00101710395217536,1424.41,7.2,21.8,44.1,7622.0358994,0.1745731673,10.6,0.113,58.959844387,3.7,0.303,0.0062894387,0.0019304218
2250,"-75.9246,40.4157",42011,"Pennsylvania, Berks",0.231612760301285,9.95354062339344,0.0429749233610693,18056,1.01933277272337,1.02270377859662,0.0271377935312362,490,0.0011662445971934,1.00536094809024,1.01498485664973,0.278007052360183,1.00789616179856,0.4755,0.8395,0.623,0.00210400045697747,2046.15,6.7,16.6,465.3,6694.6484134,0.1658359467,10,0.128,181.45185391,5,0.364,0.0422370951,0.0085135856
2251,"-78.3492,40.4796",42013,"Pennsylvania, Blair",0.312111292962357,15.5683636482383,0.0498808085425987,6110,1.02744836927447,1.02270377859662,0.018494271685761,113,0.000922509225092251,1.03977650281853,1.01498485664973,0.278007052360183,1.00789616179856,0.4,0.155,0.6189,0.0042288475982105,1539.81,5.3,19.8,249.4,8289.9795741,0.1854206207,11.2,0.146,143.62177975,4,0.308,0.0188257192,0.0016654149
2252,"-76.5157,41.7887",42015,"Pennsylvania, Bradford",0.231404958677686,9.20552989331448,0.039781039896109,2420,1.01860742935673,1.02270377859662,0.0190082644628099,46,0.000756168526950833,1.00968102958822,1.01498485664973,0.278007052360183,1.00789616179856,0.365,0.1172,0.5065,0.00558907172094094,1652.64,6.8,20.3,54.4,7496.2093176,0.1821948074,9,0.138,67.615068345,3.3,0.375,0.0067890783,0.002909605
2253,"-75.1084,40.3368",42017,"Pennsylvania, Bucks",0.276602817135497,10.5970279929003,0.0383113523667014,24067,1.02233558998983,1.02270377859662,0.0322848714006731,777,0.00123687708434483,1.01114435400676,1.01498485664973,0.278007052360183,1.00789616179856,0.0436,0.6266,0.1983,0.00198186868727067,3207.78,4.3,17.6,934,6387.663655,0.1436976828,10.1,0.081,260.54266228,5,0.269,0.0398872961,0.0028446581
2254,"-79.9135,40.9115",42019,"Pennsylvania, Butler",0.313638450941375,10.9054330239291,0.0347707144681938,6533,1.02845604658312,1.02270377859662,0.0189805602326649,124,0.000659967640296347,1.04356408118723,1.01498485664973,0.278007052360183,1.00789616179856,0.0532,0.1095,0.5412,0.00205973771608618,2385.37,3.5,17.7,243.5,6831.1528268,0.1653103444,11.9,0.092,81.655491616,4.3,0.311,0.0124010049,0.0014796049
2255,"-78.7138,40.4953",42021,"Pennsylvania, Cambria",0.371745625266752,19.836028239581,0.0533591437030289,7029,1.02977415618254,1.02270377859662,0.0204865556978233,144,0.00109314506946026,1.0490334194915,1.01498485664973,0.278007052360183,1.00789616179856,0.5124,0.1684,0.667,0.00391710316556593,1521.63,4.6,21.4,188.2,10187.163178,0.1820527473,11.6,0.143,85.758732704,3.7,0.271,0.0344796174,0.001465118
2256,"-78.2038,41.4363",42023,"Pennsylvania, Cameron",0.580645161290323,8.01424755120214,0.0138023152270703,62,1.09909322337795,1.02270377859662,0.0161290322580645,1,0.000222617987533393,,1.01498485664973,0.278007052360183,1.00789616179856,0.3369,0.0382,0.475,,1297.13,3.1,26.2,11.9,7029.1848714,0.1768038197,8.9,0.112,109.74112377,3,0.25,0.0091273375,0.0042297418
2257,"-75.7069,40.9155",42025,"Pennsylvania, Carbon",0.323258196721311,9.82452862503309,0.0303922026562038,1952,1.0236826184442,1.02270377859662,0.0379098360655738,74,0.00115216342036838,1.03289040721972,1.01498485664973,0.278007052360183,1.00789616179856,0.4828,0.3305,0.2216,0.00241331527239323,1547.95,5.2,20.1,135.8,9096.3814589,0.179844861,10.2,0.083,76.094941138,3.7,0.364,0.0182010681,0.0034564903
2258,"-77.822,40.9206",42027,"Pennsylvania, Centre",0.173126951092612,8.17542458769694,0.047222136912257,7688,1.01628532306455,1.02270377859662,0.0135275754422477,104,0.000638801019624704,1.04005914122229,1.01498485664973,0.278007052360183,1.00789616179856,0.3092,0.4941,0.9701,0.00159700254906176,2023.32,5.5,13.3,156,3912.9214751,0.1699430312,8.9,0.076,144.92444522,3.7,0.252,0.0357728571,0.0015970025
2259,"-75.7477,39.9729",42029,"Pennsylvania, Chester",0.221498371335505,6.38257931293411,0.0288154683686878,15043,1.01831806446828,1.02270377859662,0.0292494848102107,440,0.000842837604349042,1.00804496919444,1.01498485664973,0.278007052360183,1.00789616179856,0.0494,0.7303,0.3387,0.00194618865004233,3517.43,5.9,15.4,686.3,5016.0905964,0.1466833922,10.4,0.086,141.88422404,4,0.222,0.0570850078,0.0027909418
2260,"-79.4241,41.1927",42031,"Pennsylvania, Clarion",0.398999374609131,16.4522035122102,0.0412336573918874,1599,1.0282167005234,1.02270377859662,0.0131332082551595,21,0.000541530209649553,1.09677637519235,1.01498485664973,0.278007052360183,1.00789616179856,0.6022,0.1875,0.774,0.0021145465329173,1372.15,8,18.7,61.2,7313.9176721,0.1940827456,10.9,0.145,97.056092168,3.7,0.332,0.0123778334,0.0024497795
2261,"-78.4759,41.0011",42033,"Pennsylvania, Clearfield",0.416933475631448,14.7629364639492,0.035408374061571,2811,1.03746054296399,1.02270377859662,0.00889363215937389,25,0.000314909054265128,1.01842967859905,1.01498485664973,0.278007052360183,1.00789616179856,0.6618,0.3591,0.73,0.00390487227288759,1438.94,5.7,19.7,66.6,7656.2876577,0.197941987,10.8,0.106,58.95993986,3.7,0.408,0.0246762735,0.002191767
2262,"-77.6379,41.2326",42035,"Pennsylvania, Clinton",0.411207576953433,13.4681005066694,0.0327525591976011,1267,1.04293634646718,1.02270377859662,0.0118389897395422,15,0.000387757212284149,1.02065336654354,1.01498485664973,0.278007052360183,1.00789616179856,0.6064,0.2461,0.7287,0.0028694033709027,1497.2,7.9,18,40.8,6747.0128153,0.1855998371,9.7,0.093,42.788831609,3.7,0.351,0.0147089236,0.0017578327
2263,"-76.4057,41.0482",42037,"Pennsylvania, Columbia",0.251010101010101,7.59288682473723,0.0302493277927157,1980,1.02790775751142,1.02270377859662,0.0277777777777778,55,0.000840259105353214,1.01084518041743,1.01498485664973,0.278007052360183,1.00789616179856,0.4312,0.2416,0.5196,0.00264299682229284,1669.83,4.7,18.4,133.4,7538.2760036,0.1796604016,10.5,0.132,142.91392319,4,0.317,0.0177676607,0.0023221706
2264,"-80.1076,41.6845",42039,"Pennsylvania, Crawford",0.49116127277672,21.2313226667294,0.0432267848535791,3677,1.06008765110808,1.02270377859662,0.0122382376937721,45,0.000529019667775649,1.05963402266705,1.01498485664973,0.278007052360183,1.00789616179856,0.4952,0.1493,0.7412,0.00339748186638139,1611.49,9.4,19.4,79.9,8495.4075177,0.2009176964,10.9,0.138,23.482781085,3.7,0.371,0.019044708,0.0023747105
2265,"-77.2613,40.1625",42041,"Pennsylvania, Cumberland",0.342846074380165,10.55989308854,0.0308006825151239,7744,1.02871139540588,1.02270377859662,0.0277634297520661,215,0.000855132585324334,1.03068755032187,1.01498485664973,0.278007052360183,1.00789616179856,0.0646,0.5677,0.4712,0.00192504265719524,2319.05,5.8,17.8,475.9,6137.0211346,0.1635033829,9.8,0.104,230.43742848,5,0.293,0.0399565672,0.0023108467
2266,"-76.7799,40.4138",42043,"Pennsylvania, Dauphin",0.27781926811053,10.7399213993656,0.0386579428864261,10712,1.02384559062129,1.02270377859662,0.0228715459297984,245,0.000884166916278415,1.01223970067319,1.01498485664973,0.278007052360183,1.00789616179856,0.2939,0.8134,0.6562,0.00650313789034165,2050.71,5.9,16.1,595.9,7809.2481772,0.1852362386,10.7,0.112,354.90552641,5,0.335,0.1737766919,0.0041718243
2267,"-75.4024,39.9168",42045,"Pennsylvania, Delaware",0.178665028665029,7.72552859578823,0.043240295280575,24420,1.01333107315103,1.02270377859662,0.0348484848484849,851,0.00150685877492913,1.00531518837533,1.01498485664973,0.278007052360183,1.00789616179856,0.1939,0.7921,0.7272,0.00240991162476915,2839.58,5.4,15.7,2780,7659.3675269,0.1491770967,11.9,0.101,505.73205319,5,0.269,0.2164847871,0.0021230595
2268,"-78.6452,41.4282",42047,"Pennsylvania, Elk",0.368421052631579,10.4411813450893,0.0283403493652425,855,1.03303967265822,1.02270377859662,0.0140350877192982,12,0.000397759289336736,1.05963402266705,1.01498485664973,0.278007052360183,1.00789616179856,0.1758,0.0567,0.2015,0.00265172859557824,1607.76,3.1,21.1,36.3,8584.58083,0.1731327226,9.8,0.105,37.345284418,3.7,0.265,0.0046736716,0.0021213829
2269,"-80.033,41.9925",42049,"Pennsylvania, Erie",0.362284354550863,11.1923428936893,0.0308938069035988,8405,1.03215013560344,1.02270377859662,0.0147531231409875,124,0.000455780137542683,1.04684585885366,1.01498485664973,0.278007052360183,1.00789616179856,0.4548,0.6024,0.7848,0.00378591565862068,1725.29,5.5,16.8,346.5,8153.3537387,0.2029687559,10.9,0.095,191.08588541,4,0.34,0.0729909836,0.0027236539
2270,"-79.6429,39.9204",42051,"Pennsylvania, Fayette",0.496421149849919,16.482547665228,0.0332027506688848,4331,1.05572530928515,1.02270377859662,0.00946663588085892,41,0.000314318350825277,1.06149305259194,1.01498485664973,0.278007052360183,1.00789616179856,0.6503,0.2353,0.7479,0.00216956325081838,1412.68,5.3,20.1,147,10466.989064,0.2142729988,11.5,0.14,46.16902514,4,0.397,0.0462891269,0.0020162372
2271,"-79.2323,41.511",42053,"Pennsylvania, Forest",0.40625,8.92979804918258,0.021981041351834,160,1.0382845943485,1.02270377859662,0.0125,2,0.000274763016897926,1.10408951367381,1.01498485664973,0.278007052360183,1.00789616179856,0.7704,0.7762,0.4897,,1146.89,3.4,22.1,14.2,5782.5740887,0.1952339692,9.8,0.083,22.080381573,2.3,0.343,0.2033246325,0.0056326418
2272,"-77.7216,39.9296",42055,"Pennsylvania, Franklin",0.34031727027836,14.6866018665031,0.0431556172699971,6682,1.02830706830046,1.02270377859662,0.0239449266686621,160,0.00103335809087093,1.02565704912046,1.01498485664973,0.278007052360183,1.00789616179856,0.3382,0.4925,0.2579,0.00196338037265476,1919.97,9.8,18.8,190.3,7242.3363501,0.1815489989,10.4,0.127,86.762808061,4,0.35,0.0338295605,0.0032615365
2273,"-78.1116,39.9291",42057,"Pennsylvania, Fulton",0.471400394477318,16.4566549610962,0.0349101425325346,507,1.03630421896855,1.02270377859662,0.0138067061143984,7,0.000481994078358466,1,1.01498485664973,0.278007052360183,1.00789616179856,0.458,0.0162,0.2095,0.0014459822350754,1506.74,6.9,20.6,31.5,7594.5497646,0.1811410083,9.9,0.179,47.284215017,3,0.284,0.0115678579,0.0030296771
2274,"-80.2236,39.8575",42059,"Pennsylvania, Greene",0.341614906832298,10.5462115816578,0.0308716375390347,1127,1.03037856908194,1.02270377859662,0.0062111801242236,7,0.000191749301484687,1.04924143725562,1.01498485664973,0.278007052360183,1.00789616179856,0.4325,0.1484,0.8325,0.00210924231633156,1535.09,5.2,18,66.4,9033.597231,0.1891784578,11,0.106,57.388906621,3.7,0.317,0.0331452364,0.0025201337
2275,"-77.9767,40.4216",42061,"Pennsylvania, Huntingdon",0.225950782997763,11.1804817569961,0.0494819341126461,2235,1.01990282931655,1.02270377859662,0.0308724832214765,69,0.00152763018065887,1.01539909409448,1.01498485664973,0.278007052360183,1.00789616179856,0.5408,0.2923,0.6657,0.00221395678356358,1443.02,5.3,20,44.7,7937.5680224,0.1864843775,10.8,0.162,66.488528269,3.7,0.302,0.05532678,0.0017490259
2276,"-79.0896,40.6524",42063,"Pennsylvania, Indiana",0.242614145031334,9.62118791493592,0.0396563354279831,3351,1.01817732162844,1.02270377859662,0.0232766338406446,78,0.000923065999218944,1.04582727473776,1.01498485664973,0.278007052360183,1.00789616179856,0.6229,0.3766,0.9198,0.00194080543425522,1498.01,8.7,18.2,102.8,7989.1942066,0.1913992875,11.7,0.107,126.22410703,3.7,0.331,0.0257038378,0.0017987953
2277,"-78.9986,41.1291",42065,"Pennsylvania, Jefferson",0.462962962962963,14.8942508191838,0.032171581769437,1404,1.03943372892766,1.02270377859662,0.0128205128205128,18,0.000412456176531244,1.10408951367381,1.01498485664973,0.278007052360183,1.00789616179856,0.4108,0.1273,0.4594,0.00192479549047914,1359.8,7.5,20.1,63.8,7216.3484475,0.1881981169,10.8,0.139,93.56788677,3.7,0.353,0.0046974176,0.0025205655
2278,"-77.3998,40.5336",42067,"Pennsylvania, Juniata",0.280943025540275,11.5770725388601,0.0412079015544041,1018,1.03246364338526,1.02270377859662,0.0255402750491159,26,0.00105246113989637,1.05393640495762,1.01498485664973,0.278007052360183,1.00789616179856,0.4701,0.4301,0.5326,,1544.19,10.5,19.4,55.2,6943.1737637,0.1807371342,10.9,0.12,34.355722507,3,0.321,0.0057885363,0.0035621762
2279,"-75.6038,41.4356",42069,"Pennsylvania, Lackawanna",0.209142332976609,6.48977907236009,0.0310304421873592,6541,1.01760030508469,1.02270377859662,0.0377618101207766,247,0.00117176566584279,1.00714005845527,1.01498485664973,0.278007052360183,1.00789616179856,0.3602,0.6565,0.652,0.00337772127157923,1728.7,5,19.3,473.3,8878.2313556,0.2030698911,9.9,0.116,188.49234805,5,0.288,0.0291945178,0.0033397693
2280,"-76.2477,40.039",42071,"Pennsylvania, Lancaster",0.253907134767837,10.3117060400289,0.040612116116617,22075,1.02027033816614,1.02270377859662,0.0274971687429219,607,0.00111671820986575,1.01392375668993,1.01498485664973,0.278007052360183,1.00789616179856,0.2975,0.7055,0.7485,0.00208257827605936,2119.76,12,17.1,545.3,6128.3403668,0.1489888061,11.2,0.097,114.04813132,5,0.322,0.0358067323,0.0041338811
2281,"-80.3339,40.9921",42073,"Pennsylvania, Lawrence",0.314276788503593,11.6727002691915,0.0371414647730437,3201,1.02718761617452,1.02270377859662,0.0278038113089659,89,0.00103267427828831,1.01902551365686,1.01498485664973,0.278007052360183,1.00789616179856,0.4475,0.2983,0.5253,0.00366657384201244,1641.62,5.1,21.1,223.7,10144.125906,0.1806883563,11.4,0.13,53.967420515,4,0.366,0.0415042235,0.0014967975
2282,"-76.4565,40.3668",42075,"Pennsylvania, Lebanon",0.237916606550281,11.6690490680329,0.0490468035721868,6931,1.01826948306165,1.02270377859662,0.0190448708700043,132,0.000934090040618764,1.01370885629547,1.01498485664973,0.278007052360183,1.00789616179856,0.3717,0.6944,0.6135,0.00272442928513806,1868.3,9.4,18.8,367.5,7039.3602991,0.1587494374,12.9,0.114,128.71159185,4.3,0.347,0.0204509107,0.0034391497
2283,"-75.5944,40.6155",42077,"Pennsylvania, Lehigh",0.253532182103611,10.5297473512632,0.0415321923390383,15288,1.02120036947742,1.02270377859662,0.0277341705913134,424,0.00115186090736213,1.00835887163168,1.01498485664973,0.278007052360183,1.00789616179856,0.3952,0.8688,0.7221,0.00475414289595219,2215.5,7,16.2,1105.2,6467.5200092,0.1833670459,11.2,0.119,316.51630557,5,0.312,0.0580114099,0.0092909535
2284,"-75.9845,41.1782",42079,"Pennsylvania, Luzerne",0.256315465187924,10.4770719606102,0.0408756918078616,12984,1.0201464429862,1.02270377859662,0.0278804682686383,362,0.00113963342840772,1.01641787157001,1.01498485664973,0.278007052360183,1.00789616179856,0.4847,0.7058,0.6342,0.00304112124818194,1718.37,5.5,19.4,352.2,9052.9775453,0.1930799732,10.3,0.107,166.36602391,4.3,0.296,0.0405892094,0.0061546501
2285,"-77.0663,41.3431",42081,"Pennsylvania, Lycoming",0.434110558029866,14.5780546171171,0.0335814329954955,3817,1.04267053647795,1.02270377859662,0.0167670945768928,64,0.000563063063063063,1.04195362743721,1.01498485664973,0.278007052360183,1.00789616179856,0.4248,0.2623,0.6708,0.00238422015765766,1711.02,5.9,18.5,93.1,7339.5938711,0.1931353005,10.1,0.116,93.022928635,4,0.381,0.0450978322,0.0027537303
2286,"-78.5648,41.8094",42083,"Pennsylvania, McKean",0.550387596899225,13.8644795938293,0.0251903925014646,1032,1.05509239959162,1.02270377859662,0.00581395348837209,6,0.000146455770357352,1.02638809625704,1.01498485664973,0.278007052360183,1.00789616179856,0.5615,0.1971,0.703,0.0033684827182191,1482.47,4.8,18.5,40.4,8098.1418041,0.2048597306,9.3,0.114,55.54070213,3.3,0.34,0.0238966999,0.0032952548
2287,"-80.2582,41.3025",42085,"Pennsylvania, Mercer",0.36026102610261,14.4647326147647,0.0401507006496029,4444,1.03042333226431,1.02270377859662,0.0168766876687669,75,0.000677610834545504,1.03998393266325,1.01498485664973,0.278007052360183,1.00789616179856,0.4379,0.3012,0.8446,0.00496011130887309,1602.25,6.4,20.7,167.5,8780.4642107,0.1925281762,9.9,0.119,73.32006697,4,0.331,0.0572445633,0.0022225635
2288,"-77.6107,40.6112",42087,"Pennsylvania, Mifflin",0.364786695589299,21.8294318722686,0.0598416338540089,2766,1.02657907589576,1.02270377859662,0.0274765003615329,76,0.0016442386742244,1.05284037649825,1.01498485664973,0.278007052360183,1.00789616179856,0.492,0.191,0.5097,0.0026610704859158,1417.54,12.5,20.8,107.6,8378.5374121,0.1932952176,10.5,0.177,128.17386365,3.7,0.405,0.0079615767,0.0016875081
2289,"-75.3403,41.0593",42089,"Pennsylvania, Monroe",0.271201033146793,7.43332133776186,0.0274088975676521,4646,1.02125347556552,1.02270377859662,0.0374515712440809,174,0.00102650627997664,1.01296201612503,1.01498485664973,0.278007052360183,1.00789616179856,0.4599,0.7759,0.1194,0.00191732494823223,2200.43,7.1,16.3,260.1,7664.4662409,0.1737500376,9.9,0.086,89.965285643,3.7,0.327,0.1351979564,0.0060587468
2290,"-75.3665,40.2105",42091,"Pennsylvania, Montgomery",0.236721933398904,8.13295615275813,0.0343565804654576,28468,1.018684536755,1.02270377859662,0.0354081776029226,1008,0.00121650390295002,1.00684460937766,1.01498485664973,0.278007052360183,1.00789616179856,0.0446,0.731,0.404,0.00268403242079449,3349.88,3.8,17,1867.2,5364.031264,0.1319467788,9.2,0.084,267.61299831,5,0.255,0.0936044238,0.0023424941
2291,"-76.6635,41.0302",42093,"Pennsylvania, Montour",0.416141235813367,18.0921052631579,0.0434758771929825,793,,1.02270377859662,0.021437578814628,17,0.000932017543859649,1.00869827228079,1.01498485664973,0.278007052360183,1.00789616179856,0.1146,0.3384,0.7778,0.0221491228070175,1999.12,5.4,20.4,196.5,6976.592898,0.1611304859,10.6,0.098,153.94657423,3.3,0.304,0.0161732456,0.0016995614
2292,"-75.3047,40.7518",42095,"Pennsylvania, Northampton",0.276876104772618,11.305514637131,0.0408323955814663,12446,1.02404402385817,1.02270377859662,0.029005302908565,361,0.00118435600232278,1.00649723624359,1.01498485664973,0.278007052360183,1.00789616179856,0.2061,0.7291,0.447,0.00118763676687215,2402.16,5.5,18.2,752.1,6141.7168041,0.1608049042,10,0.111,157.84780813,4.3,0.319,0.0546280105,0.004278117
2293,"-76.708,40.8479",42097,"Pennsylvania, Northumberland",0.273904656930284,10.9131231953273,0.0398427807604053,3629,1.02342462806177,1.02270377859662,0.0465693028382475,169,0.00185545052314922,1.02517915185717,1.01498485664973,0.278007052360183,1.00789616179856,0.4694,0.2544,0.7313,0.00189936651186281,1473.12,5.9,20.5,168.3,8241.9752028,0.19481766,11.2,0.129,107.61185985,4,0.402,0.0241318358,0.0027337703
2294,"-77.263,40.4021",42099,"Pennsylvania, Perry",0.399463806970509,9.68811634409068,0.0242528013177572,1119,1.04450585039158,1.02270377859662,0.0142984807864164,16,0.000346778213658727,1.01925902092718,1.01498485664973,0.278007052360183,1.00789616179856,0.2363,0.1643,0.1614,,1891.9,9,17.4,61.2,8489.8071469,0.1712686451,11.4,0.072,75.217420446,3.7,0.272,0.009167949,0.0028609203
2295,"-75.1379,40.0034",42101,"Pennsylvania, Philadelphia",0.177811817291515,8.93987771267402,0.0502771854472275,79646,1.01389190339028,1.02270377859662,0.0267056726012606,2127,0.00134268605386652,1.00647803537405,1.01498485664973,0.278007052360183,1.00789616179856,0.8153,0.9675,0.8949,0.00459871551594621,1594.12,9.1,13.2,12072.5,10002.873351,0.2061424941,11.2,0.106,754.40577969,3.7,0.276,0.4068603872,0.0087624942
2296,"-75.0321,41.3316",42103,"Pennsylvania, Pike",0.214417744916821,4.14781971287076,0.0193445729712334,1082,1.01708604633957,1.02270377859662,0.0268022181146026,29,0.000518477464108844,1.01026070714042,1.01498485664973,0.278007052360183,1.00789616179856,0.2732,0.6415,0.0048,,2137.87,6,21.4,82.3,7287.8467704,0.1622229543,9,0.125,53.160779922,3.7,0.321,0.0557273881,0.0051847746
2297,"-77.8956,41.7447",42105,"Pennsylvania, Potter",0.489311163895487,12.3932138130189,0.0253278787149561,421,1.03186677279813,1.02270377859662,0.0213776722090261,9,0.000541451088918301,1.05963402266705,1.01498485664973,0.278007052360183,1.00789616179856,0.599,0.2327,0.2875,0.00354951269401997,1290.74,7.2,22.8,15.3,8822.0075987,0.1857739385,8.6,0.111,42.941531198,3,0.295,0.0058356395,0.0040909638
2298,"-76.2151,40.705",42107,"Pennsylvania, Schuylkill",0.264869721473495,10.3753862614119,0.0391716584428474,5565,1.02392983144833,1.02270377859662,0.036837376460018,205,0.00144298112862241,1.00643422841277,1.01498485664973,0.278007052360183,1.00789616179856,0.4898,0.311,0.4715,0.00254105457284239,1547.99,6.1,19.7,165.8,9858.24007,0.1885515271,11.5,0.139,94.267899601,4,0.316,0.0292045303,0.003434999
2299,"-77.0684,40.7713",42109,"Pennsylvania, Snyder",0.281227694503926,9.71879625061668,0.0345584607794771,1401,1.02261372367849,1.02270377859662,0.0214132762312634,30,0.000740009866798224,1.03239118471,1.01498485664973,0.278007052360183,1.00789616179856,0.3322,0.2512,0.575,,1790.98,11.9,17.8,121.6,5411.8341582,0.1797889109,11,0.088,97.904622145,4,0.34,0.010853478,0.0016280217
2300,"-79.027,39.9717",42111,"Pennsylvania, Somerset",0.413836086008102,17.9575941151017,0.043393011683254,3209,1.03864095484145,1.02270377859662,0.0105952009971954,34,0.000459757680657724,1.05742641341944,1.01498485664973,0.278007052360183,1.00789616179856,0.4732,0.2089,0.7564,0.00302899177845089,1445.44,7.4,21.3,62.1,7805.6513336,0.1799194137,10.7,0.118,44.184280626,3.7,0.382,0.0289106447,0.0016767633
2301,"-76.5125,41.4463",42113,"Pennsylvania, Sullivan",0.420560747663551,7.41228792620656,0.0176247735134245,107,1.03695033213878,1.02270377859662,0.0186915887850467,2,0.000329435018942514,1.10408951367381,1.01498485664973,0.278007052360183,1.00789616179856,0.4908,0.2499,0.3779,,1471.51,8.6,27,12.5,8579.429066,0.1747370556,8.9,0.151,15.392122416,3,0.3,0.0362378521,0.0057651128
2302,"-75.8007,41.8215",42115,"Pennsylvania, Susquehanna",0.210997442455243,4.06514080169504,0.0192663036783365,782,1.0203811463874,1.02270377859662,0.0473145780051151,37,0.000911577028258888,1.00392180941666,1.01498485664973,0.278007052360183,1.00789616179856,0.3927,0.1449,0.1519,0.00204488900933751,1684.03,7.2,22.2,46,8124.0421053,0.1823789019,9.2,0.122,46.156077513,3.7,0.344,0.0051738156,0.0020695262
2303,"-77.2543,41.7726",42117,"Pennsylvania, Tioga",0.362877328195247,13.8606088855089,0.0381964036013051,1557,1.03692167814158,1.02270377859662,0.0244059087989724,38,0.000932217942742193,1.02951268099454,1.01498485664973,0.278007052360183,1.00789616179856,0.4806,0.0382,0.4295,0.00203616024335795,1536.33,7.8,20.8,35.6,7341.4889377,0.1810896009,8.5,0.13,57.976177128,3.7,0.363,0.0073841474,0.0026739936
2304,"-77.06,40.9619",42119,"Pennsylvania, Union",0.237155963302752,11.5440437646533,0.0486770123925421,2180,1.02083356666603,1.02270377859662,0.00871559633027523,19,0.000424249190577202,1,1.01498485664973,0.278007052360183,1.00789616179856,0.3869,0.4559,0.8535,0.00283577090543709,1991.63,10.3,17.2,135.5,4372.8601121,0.1697286555,10.7,0.08,155.01452024,2.7,0.335,0.0607792788,0.0054259239
2305,"-79.7585,41.4032",42121,"Pennsylvania, Venango",0.424093423478795,13.4592127335856,0.0317364335036867,1627,1.04247309220957,1.02270377859662,0.0129071911493546,21,0.000409628213630866,1.08322761045516,1.01498485664973,0.278007052360183,1.00789616179856,0.5229,0.0809,0.4912,0.00319900128740296,1488.23,6.6,21.1,75.1,8286.7976058,0.1857446573,10.8,0.159,73.368940387,3.7,0.399,0.0112160106,0.0021261655
2306,"-79.2697,41.813",42123,"Pennsylvania, Warren",0.670934699103713,13.2664945060509,0.0197731530710416,781,1.08542486282886,1.02270377859662,0.00640204865556978,5,0.000126588688034837,1.25849895064183,1.01498485664973,0.278007052360183,1.00789616179856,0.3108,0.1309,0.2853,0.0022532786470201,1490.76,5.3,21.7,43.7,6783.4660385,0.1893706392,9.9,0.107,78.066621272,3.3,0.298,0.0046584637,0.0034178946
2307,"-80.2458,40.1921",42125,"Pennsylvania, Washington",0.306530363137016,9.68911867120658,0.031609001379337,6554,1.02632546961041,1.02270377859662,0.0141898077509918,93,0.000448525652773625,1.02925786367527,1.01498485664973,0.278007052360183,1.00789616179856,0.1433,0.2267,0.4868,0.00290335960182497,2194.71,4,19.6,238.9,8601.7817497,0.1619930968,10.3,0.129,61.35001249,4,0.335,0.0318935499,0.0018182169
2308,"-75.2996,41.6494",42127,"Pennsylvania, Wayne",0.457260556127703,8.65902176456822,0.0189367345346751,971,1.04679453029917,1.02270377859662,0.0144181256436663,14,0.000273032217801701,1.02226578920968,1.01498485664973,0.278007052360183,1.00789616179856,0.4204,0.2923,0.2318,0.0021842577424136,1691.04,5.9,22.9,64.3,7274.2023295,0.1733541296,9.2,0.134,22.085034363,3.3,0.309,0.0309696544,0.0030618613
2309,"-79.4662,40.3138",42129,"Pennsylvania, Westmoreland",0.346079484425349,13.7845076167034,0.0398304673840809,13965,1.03232519529489,1.02270377859662,0.020766201217329,290,0.000827127500278086,1.02618601154441,1.01498485664973,0.278007052360183,1.00789616179856,0.1127,0.1859,0.3967,0.00186531512131679,2026.88,3.8,21.6,318.8,8421.0836151,0.1867719958,9.8,0.117,73.59160595,4.3,0.311,0.024639843,0.0013918559
2310,"-76.0107,41.5196",42131,"Pennsylvania, Wyoming",0.232830820770519,5.13939214671301,0.0220735043999113,597,1.02133150518583,1.02270377859662,0.0485762144053601,29,0.00107224728240775,1.01026070714042,1.01498485664973,0.278007052360183,1.00789616179856,0.2697,0.0458,0.1748,0.00177475412260593,1802.29,4.8,19.7,67.8,10066.636701,0.1798528743,9.5,0.121,82.688247548,3.7,0.339,0.0085410042,0.0028100274
2311,"-76.7304,39.921",42133,"Pennsylvania, York",0.355800199098202,13.5542403847655,0.0380950893763399,17077,1.03042632524668,1.02270377859662,0.017216138666042,294,0.000655850341198332,1.01659842882601,1.01498485664973,0.278007052360183,1.00789616179856,0.2627,0.6116,0.3862,0.00207239784684779,2088.85,5.6,16.7,456.8,7101.469071,0.1623119493,10.7,0.111,154.97380091,4.3,0.317,0.0571861343,0.0036250231
2312,"-71.2865,41.7102",44001,"Rhode Island, Bristol",0.214646464646465,6.98883841394479,0.0325597648461428,1584,1.02105761123065,1.01885724828531,0.033459595959596,53,0.00108943657629139,1.01425651163823,1.00943452374529,1.6636082908121,1.00903548409451,0.0873,0.4642,0.391,,2794.19,2.5,19.2,1626.1,3983.2631305,0.1243727532,6.8,0.081,267.98014754,4,0.232,0.0123126889,0.0028572016
2313,"-71.5764,41.6711",44003,"Rhode Island, Kent",0.294470171615364,13.1941096417085,0.0448062687277632,7342,1.02661196632445,1.01885724828531,0.0208390084445655,153,0.000933718212387328,1.00770153096268,1.00943452374529,1.6636082908121,1.00903548409451,0.1538,0.5008,0.2311,0.00219088129573236,2496.97,3.7,18.1,895.1,6419.0746941,0.1448754954,6.6,0.103,333.74857602,4,0.298,0.0183387139,0.0046502829
2314,"-71.2657,41.5642",44005,"Rhode Island, Newport",0.261529126213592,5.22158416321388,0.0199655932737273,1648,1.02567828293722,1.01885724828531,0.0066747572815534,11,0.000133265489084345,1.01370885629547,1.00943452374529,1.6636082908121,1.00903548409451,0.0736,0.5129,0.4874,0.0015628407356255,2807.49,4.1,20.9,815.5,5414.5643335,0.1278066589,6.5,0.077,271.16309312,3.3,0.253,0.0369993458,0.005718301
2315,"-71.5775,41.8706",44007,"Rhode Island, Providence",0.221431199013265,16.0874978776388,0.072652354091598,46213,1.02009129619771,1.01885724828531,0.0241057711033692,1114,0.00175134101785299,1.00712357183655,1.00943452374529,1.6636082908121,1.00903548409451,0.5768,0.9169,0.8832,0.00514397469516605,2009.5,6.4,14.7,1488.5,6313.3946367,0.1446095344,7.5,0.1,759.63635264,3.7,0.291,0.0866159187,0.0137246024
2316,"-71.6144,41.4596",44009,"Rhode Island, Washington",0.29293893129771,7.29915437592626,0.0249169830161913,3144,1.02521819492738,1.01885724828531,0.0305343511450382,96,0.000760823908891337,1.0076705094895,1.00943452374529,1.6636082908121,1.00903548409451,0.1545,0.3518,0.2687,0.00178318103646407,2961.08,3.2,19.4,350.1,5249.7946311,0.1231839686,6.4,0.08,142.86147283,3.3,0.243,0.012442641,0.0095499251
2317,"-82.4617,34.2233",45001,"South Carolina, Abbeville",0.132671480144404,5.98997595859989,0.0451489344362495,1108,1.00964470533557,1.0119396017462,0.0207581227436823,23,0.000937207122774133,1,1.00532679359444,0.539955040462207,1.01031774402515,0.8943,0.5116,0.6835,0.00101870339431971,1102,11.6,20.5,43.1,9533.3009982,0.1732351901,10.4,0.158,11.569478929,3,0.367,0.2750499165,0.0033413471
2318,"-81.6365,33.5434",45003,"South Carolina, Aiken",0.161700437028208,7.20774965909292,0.0445747073511963,7551,1.01313099071282,1.0119396017462,0.0147000397298371,111,0.000655249969008447,1.00797014400208,1.00532679359444,0.539955040462207,1.01031774402515,0.6185,0.7701,0.5199,0.00144627245411774,1632.04,11.3,18.3,156.4,9304.066985,0.1491590676,11.3,0.139,32.837216901,5,0.358,0.2478910986,0.0056198015
2319,"-81.3532,32.9884",45005,"South Carolina, Allendale",0.0531914893617021,2.80804223295518,0.0527911939795574,470,1.00432932817898,1.0119396017462,0.0191489361702128,9,0.00101089520386387,1,1.00532679359444,0.539955040462207,1.01031774402515,0.9841,0.6746,0.9978,0.00280804223295518,883.45,12.1,18.4,23,12226.53133,0.2222036303,10.2,0.17,21.992276857,3,0.399,0.7246995395,0.0037066157
2320,"-82.6396,34.5183",45007,"South Carolina, Anderson",0.1620743844945,7.71640346764298,0.0476102592751469,9545,1.01264974790261,1.0119396017462,0.0261917234154007,250,0.00124699474267016,1.00644890032118,1.00532679359444,0.539955040462207,1.01031774402515,0.6003,0.575,0.7049,0.00276832832872777,1625.31,10.6,17.5,253.8,9126.228892,0.1754699845,11,0.142,27.777994316,5,0.341,0.1597599785,0.0033968137
2321,"-81.0566,33.2193",45009,"South Carolina, Bamberg",0.101449275362319,5.88441330998249,0.0580035026269702,828,1.00875266948753,1.0119396017462,0.0458937198067633,38,0.00266199649737303,1,1.00532679359444,0.539955040462207,1.01031774402515,0.8576,0.5189,0.986,,1089.5,12.6,20.3,37.6,12927.403725,0.178340138,10.2,0.191,22.519551113,3.7,0.372,0.5980385289,0.0042732049
2322,"-81.4358,33.2668",45011,"South Carolina, Barnwell",0.127354260089686,6.72603258810155,0.0528135657446002,1115,1.01209568135432,1.0119396017462,0.0233183856502242,26,0.00123152709359606,1,1.00532679359444,0.539955040462207,1.01031774402515,0.9299,0.7459,0.9758,,1196.38,13.3,17.1,38,12314.985551,0.1971375931,10.4,0.185,20.469829517,3.7,0.389,0.4371921182,0.0063944676
2323,"-80.7262,32.3923",45013,"South Carolina, Beaufort",0.115771187492245,4.94396311898895,0.0427046074768831,8059,1.00995729420347,1.0119396017462,0.0120362327832237,97,0.000514002596507962,1.00449811431468,1.00532679359444,0.539955040462207,1.01031774402515,0.2089,0.8128,0.6059,0.0015367087936836,2310.43,11.4,25.7,315.5,5855.9204371,0.1281883037,10.1,0.091,29.698368261,4.3,0.235,0.1752801844,0.0042444957
2324,"-79.9465,33.2022",45015,"South Carolina, Berkeley",0.107348883872586,3.87170893433021,0.03606659701209,7974,1.00927447668923,1.0119396017462,0.0136694256333083,109,0.000493009665703262,1.00535536498488,1.00532679359444,0.539955040462207,1.01031774402515,0.3704,0.7902,0.5107,0.000226151222799662,2037.59,11.1,13,154.7,7504.1099549,0.1575173446,9.9,0.125,44.862407975,5,0.35,0.2387026157,0.00683429
2325,"-80.7772,33.6693",45017,"South Carolina, Calhoun",0.14900153609831,6.68044077134986,0.0448347107438017,651,1.01613437494096,1.0119396017462,0.0291858678955453,19,0.00130853994490358,1,1.00532679359444,0.539955040462207,1.01031774402515,0.6729,0.56,0.4241,,1456.26,11.6,21.6,31,11045.164531,0.1637631603,10.2,0.157,14.353311614,3,0.386,0.4005509642,0.0050964187
2326,"-79.9651,32.8249",45019,"South Carolina, Charleston",0.0815357669616519,4.35816262425937,0.053450930636479,21696,1.0061606947715,1.0119396017462,0.0140117994100295,304,0.000748943718357744,1.00141778076754,1.00532679359444,0.539955040462207,1.01031774402515,0.2318,0.745,0.7122,0.00480161614170803,2381.45,10.8,15.4,493.4,7194.5634523,0.1581813466,8.9,0.103,149.33701817,5,0.267,0.2641430877,0.0039861544
2327,"-81.6183,35.0512",45021,"South Carolina, Cherokee",0.170674024438313,7.58611023511686,0.0444479484214584,2537,1.01467722183889,1.0119396017462,0.0283799763500197,72,0.00126143172500788,1.00609846529734,1.00532679359444,0.539955040462207,1.01031774402515,0.8229,0.5842,0.4725,0.00218998563369424,1171.45,11,16,140.1,10743.855726,0.2020630986,10.5,0.175,23.791311495,5,0.426,0.2035285049,0.0049055678
2328,"-81.1583,34.6925",45023,"South Carolina, Chester",0.15413737155219,8.83693528882825,0.0573315556106787,1849,1.01181981566026,1.0119396017462,0.0216333153055706,40,0.00124027161948467,1.00735452613864,1.00532679359444,0.539955040462207,1.01031774402515,0.8611,0.531,0.3805,0.00254255681994357,1238.77,10,17.8,49.6,11528.439747,0.198426596,10.3,0.157,11.859575671,3.7,0.356,0.3668103315,0.0053951815
2329,"-80.1564,34.6414",45025,"South Carolina, Chesterfield",0.115810674723061,5.02688289548455,0.0434060410018796,1986,1.00894339288222,1.0119396017462,0.0287009063444109,57,0.00124579271757661,1.00511562357706,1.00532679359444,0.539955040462207,1.01031774402515,0.95,0.7924,0.866,0.00128950474275473,1085.7,12.4,17.2,56.6,11404.770303,0.2031060263,10,0.174,19.129546138,3.7,0.377,0.3250863312,0.0074747563
2330,"-80.2165,33.6661",45027,"South Carolina, Clarendon",0.0897184020956123,4.06528189910979,0.0453115727002967,1527,1.00841548602079,1.0119396017462,0.0471512770137525,72,0.00213649851632047,1.00403251981126,1.00532679359444,0.539955040462207,1.01031774402515,0.9439,0.7208,0.9615,0.00264094955489614,1308.01,11.3,21.9,44.1,10489.838745,0.1905752019,10.1,0.156,16.169413848,4,0.403,0.4687240356,0.0040059347
2331,"-80.6764,32.8758",45029,"South Carolina, Colleton",0.0942472460220318,4.08921933085502,0.0433882103027084,1634,1.00821965784365,1.0119396017462,0.0312117503059976,51,0.00135422198619225,1,1.00532679359444,0.539955040462207,1.01031774402515,0.8484,0.6902,0.4473,0.00347849176845459,1219.39,11.5,19.2,33.8,13507.785961,0.2055970335,10,0.155,9.6710782608,3.7,0.423,0.367976633,0.0090812533
2332,"-79.9603,34.3336",45031,"South Carolina, Darlington",0.169858451290591,9.16140235322296,0.0539355109128469,3603,1.01519665659313,1.0119396017462,0.0227588121010269,82,0.00122750815843837,1.00902819989871,1.00532679359444,0.539955040462207,1.01031774402515,0.9118,0.6676,0.8341,0.00281428699739529,1258.79,11.3,17.7,113.7,12102.351726,0.18676525,10.3,0.154,14.18833132,4,0.374,0.4119337744,0.0037274333
2333,"-79.3774,34.3901",45033,"South Carolina, Dillon",0.169181034482759,10.2617732605641,0.0606555769796399,1856,1.01854375002935,1.0119396017462,0.0290948275862069,54,0.00176476355436452,1.00267387315523,1.00532679359444,0.539955040462207,1.01031774402515,0.9774,0.7564,0.7851,0.00258178371842217,1020.04,14.5,15.6,74.9,13276.425468,0.2187283722,10.1,0.23,15.376150172,4,0.416,0.4696885519,0.0301317037
2334,"-80.405,33.0794",45035,"South Carolina, Dorchester",0.140811808118081,5.93848624624176,0.0421732120736771,6775,1.01115064071915,1.0119396017462,0.0174169741697417,118,0.000734529745342272,1.00368570357669,1.00532679359444,0.539955040462207,1.01031774402515,0.3634,0.7103,0.3378,0.000647382148437257,2084.99,9.3,13.1,219.9,7504.4833913,0.1711966901,10,0.098,36.433070543,5,0.315,0.2519437027,0.0072270257
2335,"-81.9623,33.7722",45037,"South Carolina, Edgefield",0.12341062079282,6.09936418749076,0.0494233328404554,1337,1.00885329902587,1.0119396017462,0.018698578908003,25,0.000924146089013751,1.00584875104734,1.00532679359444,0.539955040462207,1.01031774402515,0.6825,0.8739,0.9013,0.000924146089013751,1610.95,9.1,17.8,45.1,7205.3768719,0.166554415,10.3,0.176,12.990182171,3,0.383,0.3509167529,0.0048055597
2336,"-81.1196,34.3929",45039,"South Carolina, Fairfield",0.104041272570937,5.40130345504866,0.0519150075886082,1163,1.0093037529386,1.0119396017462,0.0404127257093723,47,0.0020980269618784,1.00307703942843,1.00532679359444,0.539955040462207,1.01031774402515,0.8666,0.6899,0.4581,,1244.76,12,19.7,31.8,12562.032113,0.1936124333,10.1,0.207,3.9374477293,3.7,0.424,0.5700830283,0.0033479154
2337,"-79.7019,34.0236",45041,"South Carolina, Florence",0.161084728817796,9.32983012326378,0.0579187747450401,8002,1.01556468946301,1.0119396017462,0.0279930017495626,224,0.00162132036277043,1.00128205970575,1.00532679359444,0.539955040462207,1.01031774402515,0.7551,0.71,0.9344,0.00634775874173959,1516.76,10.4,15.9,190,11042.445021,0.1804396331,10.2,0.16,32.446564768,5,0.382,0.4266895389,0.0041618715
2338,"-79.332,33.4344",45043,"South Carolina, Georgetown",0.120942075111394,6.10451573519253,0.0504747064209867,3142,1.01156546733984,1.0119396017462,0.0222788033099936,70,0.00112451605648284,1.0041496628021,1.00532679359444,0.539955040462207,1.01031774402515,0.6331,0.696,0.4982,0.00478722549759835,1701.43,11.9,26.2,75.8,10737.725476,0.1635367116,9.4,0.157,44.425410016,4,0.34,0.3063984964,0.0032289675
2339,"-82.373,34.895",45045,"South Carolina, Greenville",0.178581295759083,10.0561440492559,0.0563112951247829,28956,1.01555772171881,1.0119396017462,0.015299074457798,443,0.000861510696929094,1.00594339244616,1.00532679359444,0.539955040462207,1.01031774402515,0.3309,0.8239,0.7326,0.00278094875080949,2018.9,11.4,15,698,7591.507375,0.1480169972,9.5,0.109,62.557520103,5,0.285,0.1791533859,0.0049104165
2340,"-82.1272,34.1527",45047,"South Carolina, Greenwood",0.126463031687125,6.26228071415445,0.0495186666855148,3503,1.00952886526227,1.0119396017462,0.0248358549814445,87,0.00122983842467593,1.00165291061059,1.00532679359444,0.539955040462207,1.01031774402515,0.8315,0.8329,0.8787,0.00500417014178482,1449.33,12.9,17.7,156.2,9829.1791679,0.1873348276,10.5,0.137,31.791832172,5,0.363,0.3177223958,0.0050748505
2341,"-81.1385,32.7742",45049,"South Carolina, Hampton",0.0892667375132837,4.34086093741925,0.04862797788228,941,1.00896654317378,1.0119396017462,0.0371944739638682,35,0.00180869205725802,1,1.00532679359444,0.539955040462207,1.01031774402515,0.9073,0.8227,0.5903,0.00165366130949305,1100.7,10,17.6,35,11370.525149,0.2019513916,10.2,0.179,20.310314547,3.7,0.423,0.5274146039,0.0048576301
2342,"-78.9956,33.9213",45051,"South Carolina, Horry",0.125376661742984,6.16596977454402,0.0491795657088395,16925,1.00996575790964,1.0119396017462,0.0167799113737075,284,0.000825228753991753,1.00409025269224,1.00532679359444,0.539955040462207,1.01031774402515,0.536,0.6864,0.5734,0.00193521954281165,1624.48,14.2,22.2,304.3,9642.2425613,0.1739527235,9.8,0.122,58.341302208,5,0.306,0.1272450435,0.0059189823
2343,"-81.0249,32.4317",45053,"South Carolina, Jasper",0.0793787748058671,3.17558938248593,0.0400055227641435,1159,1.00775379492937,1.0119396017462,0.0207075064710958,24,0.00082841462151807,1.00609846529734,1.00532679359444,0.539955040462207,1.01031774402515,0.8755,0.9519,0.9226,0.00141520831176004,1326.3,17.6,17.1,37.7,9327.6544217,0.2054031789,10.2,0.176,34.168276701,3.7,0.374,0.4102723413,0.008629319
2344,"-80.5876,34.3399",45055,"South Carolina, Kershaw",0.104337276311799,5.24454201731919,0.0502652762532016,3297,1.00851538475514,1.0119396017462,0.021534728541098,71,0.00108244907915599,1.00409025269224,1.00532679359444,0.539955040462207,1.01031774402515,0.6691,0.5842,0.071,0.00184473716306867,1652.08,10.6,17.6,81.8,9198.6887205,0.1591129024,10.3,0.127,26.110186923,4,0.388,0.2416453226,0.0042383217
2345,"-80.7051,34.6827",45057,"South Carolina, Lancaster",0.152410952265568,6.5946739358356,0.0432690291465716,4127,1.01490401656133,1.0119396017462,0.0176883935061788,73,0.000765359614174879,1.00601289087407,1.00532679359444,0.539955040462207,1.01031774402515,0.5277,0.6912,0.3216,0.00221220381631369,1923.28,10.1,20.1,150.2,8865.6709882,0.1576096205,10.8,0.151,21.263852718,5,0.315,0.2115957224,0.0034074229
2346,"-82.0049,34.4824",45059,"South Carolina, Laurens",0.138456213222568,5.97068394184554,0.0431232647699794,2889,1.01100111194893,1.0119396017462,0.0249221183800623,72,0.0010747231095322,1.00609846529734,1.00532679359444,0.539955040462207,1.01031774402515,0.8809,0.6648,0.8704,0.00113442994895065,1199.46,11.7,17.6,88.3,10939.880164,0.1960398484,10.6,0.127,18.087972033,4,0.361,0.248738693,0.0038361644
2347,"-80.2569,34.1639",45061,"South Carolina, Lee",0.104401228249744,5.95029751487574,0.0569945163924863,977,1.01067719904398,1.0119396017462,0.0409416581371546,40,0.00233345000583363,1,1.00532679359444,0.539955040462207,1.01031774402515,0.9586,0.5266,0.9771,0.00116672500291681,986.65,10.2,17.4,35.4,13274.456597,0.2131882981,10.2,0.175,8.2001345168,4,0.397,0.6363318166,0.0043752188
2348,"-81.2715,33.8967",45063,"South Carolina, Lexington",0.142155751945011,6.37896906098321,0.0448730985113479,13239,1.01175614341843,1.0119396017462,0.0185059294508649,245,0.000830418395292714,1.00536094809024,1.00532679359444,0.539955040462207,1.01031774402515,0.3545,0.7119,0.4693,0.00155237397977169,1991.15,10.1,15,370.1,7646.5508329,0.1630420535,10,0.118,59.100797837,5,0.321,0.1495532688,0.005287562
2349,"-82.3079,33.9016",45065,"South Carolina, McCormick",0.117801047120419,4.78214665249734,0.0405951115834219,382,1.01012085543016,1.0119396017462,0.0235602094240838,9,0.000956429330499469,1.01696850489722,1.00532679359444,0.539955040462207,1.01031774402515,0.85,0.44,0.54,,1522.14,8,32.3,23.2,14018.728902,0.1677162927,10.5,0.16,10.652567033,3,0.342,0.4510095643,0.001381509
2350,"-79.364,34.0786",45067,"South Carolina, Marion",0.130263157894737,6.37907149070524,0.0489706498276362,1520,1.01295842360252,1.0119396017462,0.0342105263157895,52,0.00167531170462966,1.00852519431389,1.00532679359444,0.539955040462207,1.01031774402515,0.9452,0.8408,0.5014,0.00399497406488611,1088.56,13.3,18.3,56.8,13143.431988,0.2003992965,9.9,0.219,19.339875746,3.7,0.436,0.5627436451,0.0071200747
2351,"-79.6756,34.5991",45069,"South Carolina, Marlboro",0.143115942028986,8.97795287521782,0.0627320251534207,1656,1.01089819665403,1.0119396017462,0.0132850241545894,22,0.000833396469429502,1.01370885629547,1.00532679359444,0.539955040462207,1.01031774402515,0.9812,0.7765,0.9847,,913.56,11.8,16.7,49.1,13429.397022,0.2137946507,10.3,0.182,15.764752012,3,0.386,0.5061747102,0.0487536935
2352,"-81.5994,34.2863",45071,"South Carolina, Newberry",0.123179359134415,7.68431983385254,0.0623831775700935,2403,1.01034303771944,1.0119396017462,0.0287141073657928,69,0.00179127725856698,1.00208771903141,1.00532679359444,0.539955040462207,1.01031774402515,0.8092,0.8456,0.9236,0.00233644859813084,1340.51,9,18.7,59.1,7989.9579797,0.1834843738,10.2,0.155,8.6468501463,4,0.357,0.2998442368,0.0080218069
2353,"-83.0674,34.7523",45073,"South Carolina, Oconee",0.190717911530094,10.0671140939597,0.0527853624926634,4137,1.01521599203973,1.0119396017462,0.011844331641286,49,0.000625207339168602,1.01549462510681,1.00532679359444,0.539955040462207,1.01031774402515,0.6516,0.6008,0.6278,0.00215632735345906,1640.57,12.2,22.4,114.7,9203.1263749,0.1737981116,10.2,0.126,10.979454853,4.3,0.315,0.0732130553,0.0036236507
2354,"-80.7989,33.4391",45075,"South Carolina, Orangeburg",0.118710874101553,5.88952538707525,0.049612349598546,4313,1.01053241575068,1.0119396017462,0.0324600046371435,140,0.00161041709802839,1.00205764797984,1.00532679359444,0.539955040462207,1.01031774402515,0.8939,0.7351,0.865,0.00328985207168657,1166.46,12.4,18.4,79.5,11865.888627,0.1723034471,10.5,0.176,19.184838356,4,0.411,0.6161225757,0.0067752548
2355,"-82.7279,34.8881",45077,"South Carolina, Pickens",0.201365611421477,12.9825432017737,0.0644724941370451,8055,1.01583727737665,1.0119396017462,0.013780260707635,111,0.000888447777679951,1.02095686155617,1.00532679359444,0.539955040462207,1.01031774402515,0.6611,0.4339,0.9175,0.00131266158143704,1628.29,10,15.9,230.1,8337.8474774,0.1661957091,10.4,0.115,23.468691288,5,0.321,0.0682263861,0.0028094159
2356,"-80.9027,34.0179",45079,"South Carolina, Richland",0.110474774853546,6.09538419976072,0.055174443286635,22874,1.00884206656023,1.0119396017462,0.0137273760601556,314,0.000757400331905368,1.00369364532192,1.00532679359444,0.539955040462207,1.01031774402515,0.4729,0.8284,0.8211,0.00433937323916483,1914.96,9.2,11.9,596.9,8134.7684047,0.1591109154,9.8,0.112,115.88267471,5,0.327,0.4730206283,0.003654336
2357,"-81.7271,34.008",45081,"South Carolina, Saluda",0.076036866359447,3.21261682242991,0.0422507788161994,868,1.00676255785054,1.0119396017462,0.0311059907834101,27,0.0013142523364486,1,1.00532679359444,0.539955040462207,1.01031774402515,0.7615,0.9265,0.4368,,1307.94,13.5,18.8,39.5,6550.4872941,0.1898836217,10.3,0.173,19.116161347,3,0.381,0.2410436137,0.0138726636
2358,"-81.9923,34.9296",45083,"South Carolina, Spartanburg",0.199871092491138,9.87932001223366,0.0494284585584667,15515,1.01698021033581,1.0119396017462,0.0208185626812762,323,0.0010290294627383,1.01109087414515,1.00532679359444,0.539955040462207,1.01031774402515,0.5713,0.7851,0.8513,0.00256779488225099,1681.18,10.9,15.7,397.4,9362.9902134,0.1701949579,9.5,0.121,38.852050215,5,0.323,0.2051910235,0.004304083
2359,"-80.3794,33.9183",45085,"South Carolina, Sumter",0.136034732272069,6.17770767613039,0.0454127234490011,4837,1.01322476847348,1.0119396017462,0.0221211494728137,107,0.00100458164338291,1.00545767431353,1.00532679359444,0.539955040462207,1.01031774402515,0.8748,0.7966,0.9624,0.00265697761754544,1527.13,12.2,15.5,161.2,9628.3841656,0.1801532316,10.5,0.139,33.091881222,5,0.382,0.4726697461,0.0055486706
2360,"-81.6173,34.6884",45087,"South Carolina, Union",0.183153013910355,8.64647938708501,0.0472090477927764,1294,1.01277225729395,1.0119396017462,0.0262751159196291,34,0.00124042320321051,1.00869827228079,1.00532679359444,0.539955040462207,1.01031774402515,0.8631,0.4479,0.7205,0.00521707406056184,1108.17,9.7,19.4,50.6,11139.80441,0.1858376176,10.2,0.143,5.8344406763,4,0.386,0.3172564757,0.0032469901
2361,"-79.7277,33.6219",45089,"South Carolina, Williamsburg",0.107960741548528,6.46931974122721,0.0599228909364177,1834,1.0088751817353,1.0119396017462,0.0294438386041439,54,0.0017643599294256,1.00540603558491,1.00532679359444,0.539955040462207,1.01031774402515,0.922,0.6622,0.9717,0.000816833300660001,992.5,9.8,19.2,33.1,13755.207234,0.1938463922,9.8,0.242,12.04934845,3.7,0.42,0.6435339476,0.0050970398
2362,"-81.1809,34.9728",45091,"South Carolina, York",0.200628254939241,8.85385126113571,0.0441306298747255,12097,1.0157969723794,1.0119396017462,0.0128957592791601,156,0.000569097979702172,1.0075488835911,1.00532679359444,0.539955040462207,1.01031774402515,0.3255,0.6651,0.3547,0.00105064242406555,2237.49,8.7,13.7,363.3,7117.0896343,0.1548370324,11,0.113,47.650820406,5,0.323,0.1890755076,0.0086057829
2363,"-98.5605,43.7176",46003,"South Dakota, Aurora",0.0869565217391304,12.1385219564441,0.139593002499107,391,1.00484216620329,1.00818104940162,0.0179028132992327,7,0.00249910746162085,1,1.0181568295749,0.399606680759662,1.00468663168656,0.1506,0.6406,0.1703,,1609.6,6.6,19.5,3.7,3278.0137143,0.1235154955,6.2,0.264,3.9369363333,3,0.368,0.0067832917,0.0271331667
2364,"-98.2786,44.4146",46005,"South Dakota, Beadle",0.0622937293729373,7.99661070804427,0.128369432823174,2424,1.00286132389617,1.00818104940162,0.0132013201320132,32,0.00169464597786369,1,1.0181568295749,0.399606680759662,1.00468663168656,0.4745,0.8338,0.6555,0.00132394217020601,1562.97,6.6,16.6,14.1,7651.9534864,0.1561740132,6.2,0.088,49.86478234,3.7,0.357,0.0091616798,0.0150399831
2365,"-101.6666,43.1949",46007,"South Dakota, Bennett",0.0705882352941176,6.9204152249135,0.0980392156862745,340,1.00514634133102,1.00818104940162,0.0147058823529412,5,0.00144175317185698,1,1.0181568295749,0.399606680759662,1.00468663168656,0.9675,0.6982,0.2146,0.00403690888119954,1243.96,21.3,11.5,2.8,17809.876908,0.2664108268,4.8,0.137,6.3524061412,3,0.418,0.0040369089,0.5989042676
2366,"-97.8859,42.9891",46009,"South Dakota, Bon Homme",0.0442415730337079,9.02578796561605,0.204011461318052,1424,1.00232892855581,1.00818104940162,0.014747191011236,21,0.00300859598853868,1.0069943706001,1.0181568295749,0.399606680759662,1.00468663168656,0.3414,0.3493,0.418,0.00644699140401146,1670.01,4.5,20.8,9.8,5758.3965671,0.1531560528,7.3,0.131,3.0149760478,3,0.397,0.0126074499,0.0853868195
2367,"-96.7908,44.3697",46011,"South Dakota, Brookings",0.10731348768835,8.28792007266122,0.0772309264305177,2721,1.00685170539116,1.00818104940162,0.00882028665931643,24,0.000681198910081744,1.02638809625704,1.0181568295749,0.399606680759662,1.00468663168656,0.2408,0.4791,0.6106,0.00139078110808356,1825.53,6,11.2,45.6,4637.917599,0.134972881,6.9,0.063,6.5002948495,2.7,0.284,0.0154121253,0.0118925976
2368,"-98.3517,45.5899",46013,"South Dakota, Brown",0.11261372018687,11.6492013429647,0.103443890528029,4067,1.00741599801506,1.00818104940162,0.0108187853454635,44,0.00111913724692237,1.05623761998229,1.0181568295749,0.399606680759662,1.00468663168656,0.0997,0.5317,0.758,0.00399328517651847,1904.13,8,16.6,23.5,5186.8938909,0.144672678,5.9,0.104,78.455865962,3.3,0.315,0.0242140604,0.0344134703
2369,"-99.0812,43.7176",46015,"South Dakota, Brule",0.0800653594771242,9.37081659973226,0.117039586919105,612,1.00451557655854,1.00818104940162,0.00816993464052288,5,0.000956205775482884,1,1.0181568295749,0.399606680759662,1.00468663168656,0.3946,0.2248,0.8252,0.00478102887741442,1689.92,9.6,17.3,6.8,6936.0849799,0.1595997636,6,0.045,45.591697619,3,0.292,0.0053547523,0.098680436
2370,"-99.2081,44.0766",46017,"South Dakota, Buffalo",0.0598503740648379,11.7878192534381,0.196954813359528,401,1.00361421089744,1.00818104940162,0.0249376558603491,10,0.00491159135559921,1,1.0181568295749,0.399606680759662,1.00468663168656,0.9863,0.7192,0.8835,,979.81,42.4,8.4,4.1,29138.378057,0.3601348957,5.8,0.16,9.9169300621,,0.48,0.0078585462,0.807956778
2371,"-103.5079,44.9061",46019,"South Dakota, Butte",0.112903225806452,8.9023674427705,0.0788495402073958,806,1.00711043726955,1.00818104940162,0.0186104218362283,15,0.00146742320485228,1.00990485606307,1.0181568295749,0.399606680759662,1.00468663168656,0.2949,0.1165,0.4524,,1648.16,13,19.4,3.8,6732.5998116,0.1591437028,5.1,0.11,32.141885999,3,0.32,0.0056740364,0.0243592252
2372,"-100.051,45.7707",46021,"South Dakota, Campbell",0.0462962962962963,3.63108206245461,0.0784313725490196,108,1.00132979663395,1.00818104940162,0.00925925925925926,1,0.000726216412490922,1,1.0181568295749,0.399606680759662,1.00468663168656,0.0478,0.0019,0.028,,1679.98,1.7,24.9,1.7,9482.8388076,0.1201347762,5.2,0.039,6.121299193,,0.311,0.0029048656,0.0101670298
2373,"-98.5886,43.2066",46023,"South Dakota, Charles Mix",0.162609542356378,17.8839151852645,0.109980723923752,1027,1.0096842958642,1.00818104940162,0.00973709834469328,10,0.00107089312486614,1.07570373984278,1.0181568295749,0.399606680759662,1.00468663168656,0.7557,0.3773,0.6918,0.00396230456200471,1565.17,19,18.2,8.4,12462.716567,0.202987091,6.8,0.102,16.26810987,3,0.424,0.0047119297,0.3209466695
2374,"-97.7293,44.8583",46025,"South Dakota, Clark",0.13448275862069,10.4305964161541,0.0775608451457609,290,1.00866722012354,1.00818104940162,0.00344827586206897,1,0.000267451190157796,1,1.0181568295749,0.399606680759662,1.00468663168656,0.2264,0.2592,0.157,,1592.41,7.8,20.7,3.8,6157.9537186,0.1399268118,5.6,0.1,4.2142779521,3,0.314,0.0184541321,0.0048141214
2375,"-96.9766,42.913",46027,"South Dakota, Clay",0.0928381962864721,9.970799800584,0.107399757852005,1508,1.00771667419118,1.00818104940162,0.00729442970822281,11,0.0007834199843316,1,1.0181568295749,0.399606680759662,1.00468663168656,0.5083,0.3731,0.5677,0.00178049996439,1445.75,7.5,11.5,33.6,5585.0586237,0.1566460658,8.2,0.078,11.775452897,2.3,0.303,0.0161669397,0.0406666192
2376,"-97.1883,44.9779",46029,"South Dakota, Codington",0.154952076677316,17.3121542031055,0.111725861145815,3130,1.01156186814249,1.00818104940162,0.0188498402555911,59,0.00210601463501696,1.0049387522123,1.0181568295749,0.399606680759662,1.00468663168656,0.1599,0.2117,0.6221,0.00289130822773514,1791.51,5.5,16.5,41.5,5921.18545,0.1639114112,5.4,0.097,59.784671123,3.7,0.322,0.0058897019,0.0271997144
2377,"-101.197,45.7089",46031,"South Dakota, Corson",0.111627906976744,11.5246098439376,0.103241296518607,430,1.00370890227091,1.00818104940162,0.0116279069767442,5,0.00120048019207683,1,1.0181568295749,0.399606680759662,1.00468663168656,0.9691,0.4928,0.5931,0.00288115246098439,1213.97,24.6,10.7,1.6,22755.772067,0.3213508475,5.1,0.174,3.6757483839,3,0.394,0.0040816327,0.6557022809
2378,"-103.4535,43.6774",46033,"South Dakota, Custer",0.141494435612083,10.1994040797616,0.0720834288333715,629,1.00894191926332,1.00818104940162,0.0127186009538951,8,0.000916800366720147,1.01925902092718,1.0181568295749,0.399606680759662,1.00468663168656,0.1554,0.455,0.4489,0.0012606005042402,1935.87,10.5,27.9,5.6,6587.7651166,0.1385471758,3.8,0.162,19.108212102,2.3,0.309,0.0057300023,0.0367866147
2379,"-98.1446,43.6749",46035,"South Dakota, Davison",0.0748642358417378,9.75240020212228,0.130267812026276,2578,1.00411202698924,1.00818104940162,0.0197827773467804,51,0.00257705912076806,1.02812481341586,1.0181568295749,0.399606680759662,1.00468663168656,0.2019,0.1242,0.6453,0.0033855482566953,1735.29,5.8,17.7,50.5,6828.6627517,0.1510784255,6.8,0.082,14.144822825,4,0.273,0.0077817079,0.0335017686
2380,"-97.6074,45.3673",46037,"South Dakota, Day",0.192224622030238,16.1671207992734,0.0841053587647593,463,1.0150609808323,1.00818104940162,0.0302375809935205,14,0.00254314259763851,1.03505205734318,1.0181568295749,0.399606680759662,1.00468663168656,0.3475,0.2012,0.0984,0.00454132606721163,1582.74,11.5,25.3,5.1,9501.689935,0.1526888868,5.5,0.113,11.0975312,3,0.36,0.0038147139,0.0933696639
2381,"-96.6694,44.7599",46039,"South Dakota, Deuel",0.17741935483871,15.2178925524556,0.0857735762047498,372,1.00998798949108,1.00818104940162,0.0134408602150538,5,0.0011528706479133,1.07570373984278,1.0181568295749,0.399606680759662,1.00468663168656,0.1385,0.2744,0.0748,0.00230574129582661,1721.42,6.5,21.2,6.6,4116.6193044,0.1301849925,5.7,0.111,8.1348086571,3,0.363,0.0085312428,0.0055337791
2382,"-100.8709,45.1564",46041,"South Dakota, Dewey",0.287060839760069,56.7411924119241,0.197662601626016,1167,1.0090073477346,1.00818104940162,0.00599828620394173,7,0.00118563685636856,1.02226578920968,1.0181568295749,0.399606680759662,1.00468663168656,0.9446,0.5021,0.8975,,1406.23,28.8,9.6,2.4,17437.47964,0.3071723321,5.1,0.176,4.6776251353,2,0.393,0.0045731707,0.7401761518
2383,"-98.3698,43.3852",46043,"South Dakota, Douglas",0.13782991202346,16.0136286201022,0.11618398637138,341,1.01002579551747,1.00818104940162,0.0175953079178886,6,0.0020442930153322,1.02638809625704,1.0181568295749,0.399606680759662,1.00468663168656,0.1605,0.0793,0.405,0.00374787052810903,1782.39,13.8,23.6,6.7,,0.1265711685,6.5,0.133,5.868605318,3,0.291,0.0051107325,0.0248722317
2384,"-99.2155,45.4185",46045,"South Dakota, Edmunds",0.175496688741722,13.6774193548387,0.0779354838709677,302,1.01189965904891,1.00818104940162,0.00993377483443709,3,0.000774193548387097,1,1.0181568295749,0.399606680759662,1.00468663168656,0.0793,0.0605,0.1041,0.00309677419354839,1802.38,7.1,20,3,5311.6083235,0.1338062854,5.7,0.096,12.425008803,3,0.311,0.0028387097,0.0116129032
2385,"-103.5276,43.2393",46047,"South Dakota, Fall River",0.0856423173803526,5.03107428233205,0.0587451908848772,397,1.00703061167027,1.00818104940162,0.0251889168765743,10,0.00147972773009766,1,1.0181568295749,0.399606680759662,1.00468663168656,0.2255,0.5228,0.7517,0.00369931932524415,1450.24,9.5,26.5,4.1,9620.2992836,0.1551084018,3.7,0.112,43.671142305,3,0.327,0.0113939035,0.0659958568
2386,"-99.1454,45.0708",46049,"South Dakota, Faulk",0.0733333333333333,9.44206008583691,0.128755364806867,300,1.00584875104734,1.00818104940162,0.0333333333333333,10,0.00429184549356223,1,1.0181568295749,0.399606680759662,1.00468663168656,0.1424,0.0369,0.1827,0.00515021459227468,1574.1,10.5,25.4,2.4,8301.7735731,0.1341959158,5.5,0.083,4.1749594093,,0.365,0.0051502146,0.0060085837
2387,"-96.77,45.1724",46051,"South Dakota, Grant",0.197402597402597,21.2676647544424,0.107737512242899,770,1.01003876019023,1.00818104940162,0.025974025974026,20,0.002798376941374,1.04195362743721,1.0181568295749,0.399606680759662,1.00468663168656,0.0742,0.2194,0.0672,0.0034979711767175,1689.01,5.3,20.1,11.2,5268.5468701,0.1332088704,5.5,0.078,41.961172317,3,0.271,0.0065761858,0.0149713166
2388,"-99.1888,43.1942",46053,"South Dakota, Gregory",0.051948051948052,5.6980056980057,0.10968660968661,462,1.00344843960223,1.00818104940162,0.051948051948052,24,0.0056980056980057,1.00609846529734,1.0181568295749,0.399606680759662,1.00468663168656,0.2783,0.1735,0.2553,0.0097340930674264,1489.13,11,24.3,3.9,6848.360982,0.1560077705,6,0.089,5.2020513566,3,0.298,0.0037986705,0.0778727445
2389,"-101.5391,44.293",46055,"South Dakota, Haakon",0.248704663212435,25.0260688216893,0.100625651720542,193,1.01829269161239,1.00818104940162,0.0155440414507772,3,0.00156412930135558,1,1.0181568295749,0.399606680759662,1.00468663168656,0.329,0.0716,0.4476,0.00938477580813347,1486.42,9,24.1,1.1,7444.7761274,0.1501530989,4.9,0.113,5.7544211659,,0.259,0.0020855057,0.0260688217
2390,"-97.1883,44.6739",46057,"South Dakota, Hamlin",0.132246376811594,11.9456717394862,0.0903289150711831,552,1.00718997948172,1.00818104940162,0.0507246376811594,28,0.00458190148911798,1.05695811083166,1.0181568295749,0.399606680759662,1.00468663168656,0.1121,0.4639,0.2273,,1846.25,5.2,16.1,10.2,5128.0410555,0.1271634471,5.7,0.089,4.6803584192,3,0.288,0.0047455408,0.0085092456
2391,"-99.0039,44.5471",46059,"South Dakota, Hand",0.0631229235880399,5.82464745554874,0.092274678111588,301,1.00336715580588,1.00818104940162,0.00664451827242525,2,0.000613120784794605,1.10408951367381,1.0181568295749,0.399606680759662,1.00468663168656,0.0236,0.0051,0.1665,0.00337216431637032,1768.46,5.2,24,2.2,5535.6352834,0.1265840125,5.7,0.073,26.993994934,3,0.311,0.0012262416,0.0055180871
2392,"-97.7872,43.6746",46061,"South Dakota, Hanson",0.0902777777777778,7.70142180094787,0.0853080568720379,288,1.00250507282074,1.00818104940162,0.0104166666666667,3,0.000888625592417062,1,1.0181568295749,0.399606680759662,1.00468663168656,0.1322,0.0191,0,,1766.86,5.7,14.7,5.9,4687.8545064,0.1369063133,6.8,0.124,4.8473775191,3,0.278,0.0041469194,0.0041469194
2393,"-103.4959,45.5802",46063,"South Dakota, Harding",0.151162790697674,10.4083266613291,0.0688550840672538,86,1.00508527038423,1.00818104940162,0,0,0,,1.0181568295749,0.399606680759662,1.00468663168656,0.0627,0.4056,0.3025,,1619.62,6.9,17.8,0.5,,0.1457480011,4.9,0.077,4.6933221291,,0.398,0.0088070456,0.0232185749
2394,"-99.9966,44.3909",46065,"South Dakota, Hughes",0.111530172413793,11.728045325779,0.105155807365439,1856,1.00835421488794,1.00818104940162,0.0134698275862069,25,0.00141643059490085,1.02522041319334,1.0181568295749,0.399606680759662,1.00468663168656,0.0866,0.5692,0.9838,0.0028328611898017,1972.03,6.6,16.1,22.8,6356.5404906,0.1523209858,5.6,0.094,99.131749895,3.3,0.325,0.0070254958,0.1190934844
2395,"-97.7554,43.3345",46067,"South Dakota, Hutchinson",0.124807395993837,10.9756097560976,0.087940379403794,649,1.00818586255746,1.00818104940162,0.0215716486902928,14,0.0018970189701897,1.01064309218431,1.0181568295749,0.399606680759662,1.00468663168656,0.3019,0.155,0.2636,0.00677506775067751,1713.22,5.6,23,8.7,6242.3914738,0.1328060622,7.3,0.099,4.3860742973,3,0.329,0.0098915989,0.0138211382
2396,"-99.4857,44.5475",46069,"South Dakota, Hyde",0.0234375,2.34009360374415,0.0998439937597504,128,1.00339382124541,1.00818104940162,0,0,0,,1.0181568295749,0.399606680759662,1.00468663168656,0.1621,0.3365,0.1659,,1782.1,5,26,1.8,,0.1415619364,5.6,0.059,7.7035211814,,0.254,0.0054602184,0.0858034321
2397,"-101.6255,43.6932",46071,"South Dakota, Jackson",0.173553719008264,12.7003326277593,0.0731781070456607,242,1.01503224501932,1.00818104940162,0.0330578512396694,8,0.00241911097671606,1,1.0181568295749,0.399606680759662,1.00468663168656,0.9525,0.476,0.9981,,1429.32,26.4,14.2,1.6,16487.897905,0.2787267325,4.8,0.134,2.4923836858,3,0.352,0.0105836105,0.5231327487
2398,"-98.6297,44.0664",46073,"South Dakota, Jerauld",0.0595238095238095,7.34214390602056,0.123348017621145,252,1.00461933096922,1.00818104940162,0.0595238095238095,15,0.00734214390602056,1.02065336654354,1.0181568295749,0.399606680759662,1.00468663168656,0.0815,0.1455,0.1407,0.00783162016642193,1640.6,6.3,27,4.4,5907.06353,0.1219841087,6.1,0.183,0.8859308254,,0.225,0.0014684288,0.0068526676
2399,"-100.694,43.9628",46075,"South Dakota, Jones",0.0158730158730159,1.07758620689655,0.0678879310344828,63,1,1.00818104940162,0,0,0,,1.0181568295749,0.399606680759662,1.00468663168656,0.2054,0.0025,0.0131,,1276.82,13.2,24.5,1,,0.1360610991,5.2,0.113,8.8701580237,,0.27,0.0032327586,0.0452586207
2400,"-97.4914,44.3696",46077,"South Dakota, Kingsbury",0.0929752066115702,9.14820085383208,0.0983939825167717,484,1.0066678482933,1.00818104940162,0.0268595041322314,13,0.00264281357999593,1.01150029829051,1.0181568295749,0.399606680759662,1.00468663168656,0.0745,0.028,0.0669,0.00121976011384428,1828.74,3.5,22.4,5.5,5789.6707196,0.1287078312,6.2,0.094,16.39947268,3,0.303,0.0044724538,0.010977841
2401,"-97.1293,44.0219",46079,"South Dakota, Lake",0.0892667375132837,6.43333078042429,0.0720686221949912,941,1.00606526532936,1.00818104940162,0.0127523910733262,12,0.000919047254346328,1,1.0181568295749,0.399606680759662,1.00468663168656,0.1971,0.3674,0.5861,0.0016849199663016,1959.06,7.4,20.1,20.6,4735.381773,0.1421987166,6.9,0.089,47.000051639,2.3,0.315,0.0104924562,0.0124071379
2402,"-103.7929,44.3592",46081,"South Dakota, Lawrence",0.137027491408935,12.3926809370265,0.0904393768695855,2328,1.00798074796337,1.00818104940162,0.0111683848797251,26,0.00101006176916204,1.01766889775789,1.0181568295749,0.399606680759662,1.00468663168656,0.1013,0.3171,0.8625,0.00256400295248825,1748.08,9.7,20.1,32.1,8116.326384,0.151708368,5,0.088,27.46794761,3.3,0.264,0.0076143118,0.0235810575
2403,"-96.7204,43.2784",46083,"South Dakota, Lincoln",0.114276358873608,11.8693352832146,0.103865186117299,6108,1.00841548602079,1.00818104940162,0.00933202357563851,57,0.000969272365534715,1.00511562357706,1.0181568295749,0.399606680759662,1.00468663168656,0.0035,0.3028,0.0646,0.000187052561769857,2573.77,4.5,11.6,82.8,4479.2296458,0.1320715375,8.3,0.083,21.641799453,4,0.303,0.0149131906,0.0071930212
2404,"-99.852,43.8952",46085,"South Dakota, Lyman",0.0863453815261044,11.2535985344151,0.130332373724156,498,1.00617377770754,1.00818104940162,0.0180722891566265,9,0.00235540434441246,1.01696850489722,1.0181568295749,0.399606680759662,1.00468663168656,0.7182,0.4572,0.6944,,1565.91,17.1,15.3,2.2,14718.721921,0.2109641194,5.6,0.124,8.7669618217,3,0.376,0.0068045014,0.3912588328
2405,"-97.3686,43.6743",46087,"South Dakota, McCook",0.0599369085173502,6.85178507032095,0.114316624594302,634,1.00458964692609,1.00818104940162,0.0331230283911672,21,0.00378651280201947,1.01440033702014,1.0181568295749,0.399606680759662,1.00468663168656,0.2885,0.368,0.1882,,1777.3,8.9,18.7,8.2,6952.2475901,0.1356480209,7.2,0.086,4.6596826272,3,0.363,0.0079336459,0.0133429499
2406,"-99.2212,45.7663",46089,"South Dakota, McPherson",0.0802469135802469,5.40091400083091,0.0673036975488159,162,1.00448869125544,1.00818104940162,0.00617283950617284,1,0.000415454923140839,1,1.0181568295749,0.399606680759662,1.00468663168656,0.6758,0.0618,0.1305,0.00249272953884504,1567.39,8.5,29.3,2.1,6676.4092142,0.1427754738,5.3,0.118,6.1347010521,3,0.308,0.0062318238,0.0024927295
2407,"-97.5986,45.7587",46091,"South Dakota, Marshall",0.222707423580786,9.97652582159624,0.0447965571205008,229,1.01453363098645,1.00818104940162,0.0131004366812227,3,0.000586854460093897,1,1.0181568295749,0.399606680759662,1.00468663168656,0.0596,0.6269,0.1433,0.00391236306729264,1761.58,8.2,20,5.1,5774.7147403,0.1428385781,5.4,0.108,9.9938459177,3,0.303,0.005086072,0.0952660407
2408,"-102.7163,44.5668",46093,"South Dakota, Meade",0.143491124260355,10.2848660493391,0.0716759737046724,2028,1.00958513088546,1.00818104940162,0.00986193293885602,20,0.000706863646002686,1.03239118471,1.0181568295749,0.399606680759662,1.00468663168656,0.05,0.2206,0.3766,0.000883579557503358,1682.09,10.2,14.1,6.8,6395.9179991,0.1595853247,5.5,0.086,41.999860324,3.3,0.292,0.0189439457,0.0300063618
2409,"-100.7563,43.5808",46095,"South Dakota, Mellette",0.145631067961165,14.6914789422135,0.100881488736533,206,1.01010511484056,1.00818104940162,0.00485436893203883,1,0.000489715964740451,1,1.0181568295749,0.399606680759662,1.00468663168656,0.9605,0.5998,0.8711,,1057.13,35.2,14.9,1.5,21491.463231,0.2866140522,5,0.139,8.0321176723,,0.358,0.0029382958,0.5455435847
2410,"-97.6099,44.022",46097,"South Dakota, Miner",0.117370892018779,11.2968820605513,0.096249435155897,213,1.00548386543935,1.00818104940162,0.028169014084507,6,0.00271125169453231,1.02638809625704,1.0181568295749,0.399606680759662,1.00468663168656,0.2376,0.099,0.092,,1671.98,7.9,21.1,3.9,7356.0765823,0.1356609582,6.5,0.133,8.1246995343,2.3,0.239,0.0103931315,0.0072300045
2411,"-96.7911,43.6744",46099,"South Dakota, Minnehaha",0.115005192107996,13.7808747589125,0.119828283456729,23112,1.00857558346937,1.00818104940162,0.0100380754586362,232,0.00120284535141749,1.01854375002935,1.0181568295749,0.399606680759662,1.00468663168656,0.1414,0.6683,0.6765,0.00560982185445571,1952.79,7.4,12.4,265,6120.2478018,0.1544566923,8,0.087,86.650261598,5,0.323,0.0647773699,0.0278106141
2412,"-96.6708,44.0227",46101,"South Dakota, Moody",0.145790554414784,10.7919136646907,0.0740234078127375,487,1.01039248744708,1.00818104940162,0.026694045174538,13,0.00197598419212646,1.01150029829051,1.0181568295749,0.399606680759662,1.00468663168656,0.3318,0.617,0.3155,0.0027359781121751,1762.35,10.7,18,11.7,5220.9687195,0.1664040645,7.1,0.134,14.957945231,2.3,0.365,0.0135278918,0.1352789178
2413,"-102.5555,43.3375",46102,"South Dakota, Oglala Lakota",0.0908584169453735,11.3914319658956,0.125375637710532,1794,1.00586877670539,1.00818104940162,0.0172798216276477,31,0.00216646865609057,1.01993180033091,1.0181568295749,0.399606680759662,1.00468663168656,0.9971,0.8879,0.9882,,932.23,35.6,6.8,7.2,28579.661497,0.3782224128,4.5,0.19,19.73949716,3,0.395,0.0029352156,0.9251520022
2414,"-102.8241,44.0026",46103,"South Dakota, Pennington",0.140115930441735,12.5482193521825,0.0895559791996706,10006,1.00974943729925,1.00818104940162,0.0115930441734959,116,0.00103822642286246,1.03691956392515,1.0181568295749,0.399606680759662,1.00468663168656,0.1844,0.4269,0.8118,0.00404550295805028,1869.14,11.2,16.7,42.7,7390.4512226,0.1624288049,5.5,0.096,53.069404442,3.7,0.285,0.0133895408,0.1011823251
2415,"-102.4756,45.4905",46105,"South Dakota, Perkins",0.148305084745763,11.9780971937029,0.080766598220397,236,1.00748296609677,1.00818104940162,0.0127118644067797,3,0.00102669404517454,1.05963402266705,1.0181568295749,0.399606680759662,1.00468663168656,0.1032,0.0252,0.3954,,1709,9.3,22.8,1,8289.4547164,0.143171425,4.9,0.099,4.7762828518,3,0.298,0.0051334702,0.0198494182
2416,"-99.955,45.0658",46107,"South Dakota, Potter",0.0824742268041237,10.8744902582691,0.131853194381513,291,1.00348448948348,1.00818104940162,0.00687285223367698,2,0.000906207521522429,1,1.0181568295749,0.399606680759662,1.00468663168656,0.0551,0.0958,0.1611,0.00271862256456729,1639.15,5.4,27.9,2.7,5752.6373929,0.1192919131,5.4,0.102,11.393765908,3,0.277,0.0045310376,0.0240144993
2417,"-96.9467,45.6298",46109,"South Dakota, Roberts",0.18445475638051,15.2196802909926,0.0825117258543122,862,1.01327280888341,1.00818104940162,0.0266821345707657,23,0.00220158897291088,1.00637045739233,1.0181568295749,0.399606680759662,1.00468663168656,0.5962,0.6558,0.5059,0.00239303149229444,1677.65,19.4,19.1,9.1,11737.888523,0.2093388754,5.8,0.169,13.07898485,3,0.366,0.0067004882,0.3836508088
2418,"-98.091,44.0235",46111,"South Dakota, Sanborn",0.0875420875420875,10.7039934129271,0.122272540139975,297,1.00490483566704,1.00818104940162,0.0101010101010101,3,0.00123507616303005,1,1.0181568295749,0.399606680759662,1.00468663168656,0.1207,0.3015,0.0392,,1846.02,7.3,18.8,3.6,5000.9188499,0.1417993925,6.3,0.133,7.7486192782,3,0.394,0.0016467682,0.0045286126
2419,"-98.3463,44.9384",46115,"South Dakota, Spink",0.151840490797546,15.2424942263279,0.100384911470362,652,1.00955761429416,1.00818104940162,0.0306748466257669,20,0.00307929176289453,1.00735452613864,1.0181568295749,0.399606680759662,1.00468663168656,0.086,0.2627,0.2767,0.00384911470361817,1889.22,6.7,20.2,4.1,8721.2722938,0.1426268229,5.9,0.143,21.901977947,3,0.404,0.0061585835,0.0269438029
2420,"-100.7349,44.4138",46117,"South Dakota, Stanley",0.0728744939271255,5.95632031767042,0.0817339510258107,247,1.00411550456597,1.00818104940162,0.00809716599190283,2,0.000661813368630046,1.10408951367381,1.0181568295749,0.399606680759662,1.00468663168656,0.0057,0.2267,0.241,,1889.76,5.6,18.3,1.8,5574.719167,0.1310052416,5.2,0.111,47.62580042,2.3,0.28,0.006287227,0.0688285903
2421,"-100.1278,44.7157",46119,"South Dakota, Sully",0.099009900990099,7.18390804597701,0.0725574712643678,101,1.00431686782652,1.00818104940162,0.0297029702970297,3,0.0021551724137931,1,1.0181568295749,0.399606680759662,1.00468663168656,0,0.0287,0.0573,,2181.07,6.7,22.5,1.4,,0.1271237416,5.4,0.055,0.7636011299,,0.278,0.0043103448,0.0244252874
2422,"-100.7196,43.1934",46121,"South Dakota, Todd",0.125230202578269,13.2257123407566,0.105611202956336,1086,1.0088559384515,1.00818104940162,0.0156537753222836,17,0.00165321404259457,1.01804126125684,1.0181568295749,0.399606680759662,1.00468663168656,0.9911,0.7214,0.9472,0.00340367597004765,987.72,30.5,7.5,7.2,20823.995536,0.4149130895,5.2,0.142,26.59685891,3,0.387,0.0053486337,0.8571428571
2423,"-99.8855,43.3446",46123,"South Dakota, Tripp",0.132427843803056,14.2387732749179,0.107520993063162,589,1.0072388461058,1.00818104940162,0.0169779286926995,10,0.0018254837531946,1.01516534655549,1.0181568295749,0.399606680759662,1.00468663168656,0.4369,0.2878,0.2706,0.00456370938298649,1610.01,7.6,22.1,3.4,9614.7887876,0.1733588891,5.5,0.108,57.063288019,3,0.356,0.004381161,0.1465863454
2424,"-97.1487,43.3109",46125,"South Dakota, Turner",0.123318385650224,13.0579297245964,0.105887939221273,892,1.00810397149465,1.00818104940162,0.0526905829596413,47,0.00557929724596391,1.00307703942843,1.0181568295749,0.399606680759662,1.00468663168656,0.108,0.2365,0.1057,0.00142450142450142,1604.62,6,20.3,11.1,7848.2880672,0.1379393362,7.7,0.104,7.6507566738,3,0.378,0.0053418803,0.0111585945
2425,"-96.6558,42.8311",46127,"South Dakota, Union",0.127882599580713,11.7164991356681,0.0916191817657981,1431,1.01214990838112,1.00818104940162,0.0174703004891684,25,0.00160061463602023,1,1.0181568295749,0.399606680759662,1.00468663168656,0.0232,0.2232,0.0704,,2493.79,5.9,16.9,38.6,5162.277661,0.1307252947,8.7,0.127,284.0349518,3.7,0.303,0.0111402779,0.0083872207
2426,"-100.0308,45.4302",46129,"South Dakota, Walworth",0.164912280701754,16.8247717916592,0.102022552353678,570,1.00802067895416,1.00818104940162,0.0228070175438597,13,0.00232683014139968,1,1.0181568295749,0.399606680759662,1.00468663168656,0.1484,0.5084,0.8058,0.00447467334884553,1573.06,10.4,23.4,7.3,9478.0515518,0.1500276192,5.4,0.142,39.297127875,3,0.316,0.0042956864,0.1431895472
2427,"-97.3947,43.0092",46135,"South Dakota, Yankton",0.200451467268623,19.4149285058376,0.096856005946915,2215,1.01090911304682,1.00818104940162,0.00767494356659142,17,0.000743364379728016,1.01804126125684,1.0181568295749,0.399606680759662,1.00468663168656,0.1838,0.3563,0.6151,0.00432900432900433,1861.19,6.2,18,45.1,7598.1504268,0.1476660184,7.8,0.09,60.398008087,3.7,0.376,0.0193712012,0.032052123
2428,"-101.6655,44.9788",46137,"South Dakota, Ziebach",0.330855018587361,32.4580598103574,0.0981035740335521,269,1.01703603268758,1.00818104940162,0.0260223048327138,7,0.0025528811086798,1,1.0181568295749,0.399606680759662,1.00468663168656,0.965,0.7128,0.971,0.00291757840991977,1144.65,25,9,1.3,11782.78994,0.320211748,4.9,0.175,0.6469226036,,0.516,0.0047410649,0.7038657914
2429,"-84.1997,36.1268",47001,"Tennessee, Anderson",0.266633930763565,14.1994194712481,0.0532543605031249,4073,1.02782894191807,1.01813684383599,0.00982077093051805,40,0.000522998875552418,1.03239118471,1.01436543212968,0.746696090552303,1.00943113114828,0.5468,0.4578,0.5664,0.00393556653853194,1740.13,9.2,19.4,277.4,10009.216744,0.2092501774,10.3,0.108,131.70824261,5,0.329,0.0390418661,0.0045370152
2430,"-86.4555,35.5112",47003,"Tennessee, Bedford",0.221011455713887,16.1303478934704,0.072984216322036,3579,1.02330369609858,1.01813684383599,0.0128527521654093,46,0.000938048044373751,1.02016664537273,1.01436543212968,0.746696090552303,1.00943113114828,0.6592,0.7876,0.5454,0.00122354092744402,1380.26,11.3,14.8,97.9,10293.662695,0.2269253409,10.5,0.109,80.48438595,4,0.336,0.0758799299,0.011399323
2431,"-88.0685,36.0711",47005,"Tennessee, Benton",0.186440677966102,11.5546218487395,0.0619747899159664,1003,1.01415723399047,1.01813684383599,0.0219341974077767,22,0.00135936727632229,1.0465440871019,1.01436543212968,0.746696090552303,1.00943113114828,0.8844,0.1633,0.51,0.00154473554127533,1138.77,9.7,23.9,34.4,14479.256537,0.2365873986,10,0.141,22.113900568,4,0.346,0.0240978744,0.0056846268
2432,"-85.2061,35.5994",47007,"Tennessee, Bledsoe",0.128433556050483,11.7248390376144,0.0912910877668587,1347,1.01224447204654,1.01813684383599,0.0044543429844098,6,0.000406641816333446,1.02638809625704,1.01436543212968,0.746696090552303,1.00943113114828,0.8997,0.5769,0.8233,0.00169434090138936,1212.1,13,18.1,28.5,8125.9163282,0.2466139694,9.4,0.099,21.008585523,3,0.327,0.0710267706,0.0058963063
2433,"-83.9285,35.6894",47009,"Tennessee, Blount",0.246663034595478,13.7876953764399,0.0558968853969197,7342,1.02033448757519,1.01813684383599,0.00926178153091801,68,0.000517704740805031,1.00646659519269,1.01436543212968,0.746696090552303,1.00943113114828,0.3271,0.3486,0.3142,0.00231444472359896,1754.88,8.8,19.5,218.9,8841.6711887,0.2132230222,10.1,0.134,94.929627158,5,0.329,0.0291665715,0.0042101577
2434,"-84.8572,35.1574",47011,"Tennessee, Bradley",0.233732127224978,15.0102598217883,0.0642199256045799,6854,1.02221253288517,1.01813684383599,0.00700320980449373,48,0.000449745612637852,1.03393669433935,1.01436543212968,0.746696090552303,1.00943113114828,0.6366,0.61,0.687,0.00326065569162442,1650.22,11.8,16.6,320.4,8125.2818353,0.2177821388,10.7,0.168,138.67439905,5,0.378,0.0485256777,0.0062402204
2435,"-84.1511,36.4036",47013,"Tennessee, Campbell",0.219315895372233,11.014829598565,0.0502235808301544,1988,1.02005672940957,1.01813684383599,0.0135814889336016,27,0.000682111007250587,1.01696850489722,1.01436543212968,0.746696090552303,1.00943113114828,0.8895,0.0318,0.611,0.00303160447666928,1074.24,11.3,20.2,72.1,13905.45555,0.2389986202,9.7,0.157,133.47749899,4,0.327,0.0047747771,0.0034358184
2436,"-86.0574,35.8099",47015,"Tennessee, Cannon",0.257722007722008,18.4621767390402,0.0716360116166505,1036,1.02867281170825,1.01813684383599,0.00482625482625483,5,0.000345733646798506,1.03239118471,1.01436543212968,0.746696090552303,1.00943113114828,0.5965,0.1293,0.3585,0.00414880376158208,1298.1,10.1,18.3,40.3,11228.906636,0.2220758767,9.7,0.108,47.659058146,3.7,0.369,0.015834601,0.0034573365
2437,"-88.4519,35.9737",47017,"Tennessee, Carroll",0.203971119133574,16.1313347608851,0.0790863668807994,2216,1.01933413766703,1.01813684383599,0.0175992779783394,39,0.00139186295503212,1.01150029829051,1.01436543212968,0.746696090552303,1.00943113114828,0.7908,0.2607,0.6979,0.00410421127765882,1312.72,8.1,19.8,42.2,10178.96221,0.2289530901,10.2,0.12,39.744365764,3.7,0.301,0.0993219129,0.0063882941
2438,"-82.1259,36.2897",47019,"Tennessee, Carter",0.21412235563179,13.2916895884723,0.062075207183546,3498,1.01759302592307,1.01813684383599,0.0214408233276158,75,0.00133094355024756,1.02291650050535,1.01436543212968,0.746696090552303,1.00943113114828,0.7873,0.107,0.5871,0.00214725559439939,1190.76,11.9,20.8,133.1,9602.2477367,0.2476691186,9.4,0.211,99.446206154,4,0.377,0.0149420596,0.0029990595
2439,"-87.089,36.2614",47021,"Tennessee, Cheatham",0.226524685382381,11.5729864734538,0.0510892949875121,2066,1.02424851885241,1.01813684383599,0.00871248789932236,18,0.000445114864363609,1.00819891621082,1.01436543212968,0.746696090552303,1.00943113114828,0.4271,0.2455,0.2225,0.000296743242909073,1829.06,9.5,14.2,101.2,10215.375858,0.2028595717,10.6,0.107,80.69422706,4,0.32,0.0184969955,0.0054402928
2440,"-88.6096,35.4253",47023,"Tennessee, Chester",0.144046627810158,10.0138921046539,0.0695184070386664,1201,1.01421630325298,1.01813684383599,0.0208159866777685,25,0.00144709423477657,1.00584875104734,1.01436543212968,0.746696090552303,1.00943113114828,0.8242,0.3254,0.4973,,1487.18,12,16.6,52.2,7781.4276357,0.2165024314,9.7,0.171,23.38524283,4,0.311,0.0929034499,0.0048622366
2441,"-83.6595,36.4832",47025,"Tennessee, Claiborne",0.306938775510204,11.8402821514045,0.0385753873283789,1225,1.02493606407985,1.01813684383599,0.00897959183673469,11,0.00034639123315279,1.01370885629547,1.01436543212968,0.746696090552303,1.00943113114828,0.9207,0.2101,0.6094,0.00267665952890792,1224.28,7.8,19.1,68.5,11588.814157,0.2266098748,10,0.139,63.671572563,3.7,0.26,0.0115568711,0.0035583827
2442,"-85.5393,36.5515",47027,"Tennessee, Clay",0.164404223227753,14.1246598419075,0.0859142153686666,663,1.01533559063745,1.01813684383599,0.028657616892911,19,0.00246209666969029,1,1.01436543212968,0.746696090552303,1.00943113114828,0.8041,0.0519,0.5279,0.0042762731631463,992.97,11.1,24,27.9,13806.558013,0.2542118208,9.9,0.089,31.389068367,3,0.307,0.0156796683,0.003757937
2443,"-83.1183,35.9279",47029,"Tennessee, Cocke",0.20906432748538,11.991949460502,0.0573600939229608,2052,1.02134393165506,1.01813684383599,0.0155945419103314,32,0.000894504388662157,1.00926242190831,1.01436543212968,0.746696090552303,1.00943113114828,0.9475,0.1515,0.2127,0.00206854139878124,1077.09,11.2,20.3,71.7,14175.582324,0.2406857809,9.6,0.212,107.36601495,4,0.365,0.0200983955,0.0060379046
2444,"-86.0731,35.4909",47031,"Tennessee, Coffee",0.228393389325386,15.1346499102334,0.0662657091561939,3691,1.02308611254837,1.01813684383599,0.0130046057978868,48,0.000861759425493716,1.01250777270301,1.01436543212968,0.746696090552303,1.00943113114828,0.5382,0.355,0.3429,0.00330341113105925,1540.36,9.7,17.1,134.8,10314.971566,0.2235554709,10.2,0.146,82.934583943,5,0.32,0.0368402154,0.0047755835
2445,"-89.1492,35.8183",47033,"Tennessee, Crockett",0.130173062452972,12.0742601898381,0.0927554438860971,1329,1.01361082500533,1.01813684383599,0.0218209179834462,29,0.00202400893355667,1,1.01436543212968,0.746696090552303,1.00943113114828,0.7538,0.7256,0.4072,,1363.14,12.5,18.2,47.9,10579.896167,0.2288432399,10.1,0.117,30.447720552,4,0.401,0.1378419877,0.007467895
2446,"-84.9984,35.9527",47035,"Tennessee, Cumberland",0.192890262751159,10.4569905987633,0.0542121227355756,3235,1.02053207677239,1.01813684383599,0.0136012364760433,44,0.000737351901194845,1.02116420457606,1.01436543212968,0.746696090552303,1.00943113114828,0.6468,0.2932,0.3187,0.00316726157558695,1412.12,9.7,29.9,87.7,9915.3041892,0.1994625774,9.3,0.15,28.2451145,4,0.343,0.0059323312,0.0044241114
2447,"-86.7865,36.1701",47037,"Tennessee, Davidson",0.144248423405444,10.4362340038147,0.0723490334066334,50108,1.0125371674026,1.01813684383599,0.00947952422766824,475,0.00068583441502656,1.01165249515929,1.01436543212968,0.746696090552303,1.00943113114828,0.3535,0.9233,0.8125,0.00616673428753355,2086.42,12.6,11.7,1597.6,8403.7960555,0.1810689948,10.6,0.097,630.49204258,5,0.297,0.2709089255,0.0048715901
2448,"-88.1104,35.6005",47039,"Tennessee, Decatur",0.0928909952606635,8.37177515803861,0.0901247223645994,1055,1.00898029903201,1.01813684383599,0.0151658767772512,16,0.00136682043396549,1.0301070886466,1.01436543212968,0.746696090552303,1.00943113114828,0.8064,0.1111,0.235,0.00341705108491372,1317.86,8.4,23.2,30.6,8880.8809065,0.226980111,9.7,0.157,46.45076195,3.3,0.319,0.0287886554,0.0035879036
2449,"-85.8369,35.9762",47041,"Tennessee, DeKalb",0.269613947696139,21.5016386930182,0.079749726884497,1606,1.02796813084611,1.01813684383599,0.0155666251556663,25,0.00124143410467772,1,1.01436543212968,0.746696090552303,1.00943113114828,0.6675,0.212,0.3477,0.00352567285728474,1535.33,12.2,18,55.4,11777.979464,0.2269219063,9.7,0.171,61.129437553,3.7,0.301,0.0142516635,0.0045684775
2450,"-87.3589,36.1467",47043,"Tennessee, Dickson",0.181615598885794,12.1992291284661,0.0671706021030573,3590,1.01950261032902,1.01813684383599,0.013091922005571,47,0.000879392283800472,1.02701356220487,1.01436543212968,0.746696090552303,1.00943113114828,0.4962,0.4031,0.4734,0.00293754443737604,1705.64,11.7,15.5,100.3,10406.790387,0.2130032911,10.2,0.145,63.56355859,5,0.267,0.0398720204,0.0048834337
2451,"-89.4154,36.0593",47045,"Tennessee, Dyer",0.117324561403509,11.4683815648446,0.0977491961414791,3648,1.01049096386615,1.01813684383599,0.0164473684210526,60,0.00160771704180064,1.02065336654354,1.01436543212968,0.746696090552303,1.00943113114828,0.7624,0.4648,0.3951,0.00602893890675241,1473.36,9.2,16.9,72.5,11276.674914,0.2295354508,10.2,0.168,51.30442573,5,0.403,0.1407824223,0.0037513398
2452,"-89.414,35.1962",47047,"Tennessee, Fayette",0.14986886474335,9.87483644802133,0.0658898461994223,2669,1.01266059366136,1.01813684383599,0.0157362307980517,42,0.00103685782704224,1.0069943706001,1.01436543212968,0.746696090552303,1.00943113114828,0.4799,0.4766,0.0885,,2131.44,7.6,20,46.7,8053.6032246,0.2030053268,10,0.088,44.462433169,4,0.351,0.2738539018,0.003801812
2453,"-84.9287,36.3813",47049,"Tennessee, Fentress",0.161976664378861,12.954932206181,0.0799802382390075,1457,1.01754314880143,1.01813684383599,0.0185312285518188,27,0.00148213207443597,1.01696850489722,1.01436543212968,0.746696090552303,1.00943113114828,0.8984,0.0318,0.4814,0.00466597134544656,1078.98,9.7,20.7,34.5,10797.573372,0.2521963407,9.1,0.165,24.187865958,3.7,0.269,0.0041170335,0.0038425646
2454,"-86.092,35.1563",47051,"Tennessee, Franklin",0.215766099185788,13.9174027214132,0.0645022678443543,2702,1.02013967966517,1.01813684383599,0.0151739452257587,41,0.000978753879207448,1.00353374509136,1.01436543212968,0.746696090552303,1.00943113114828,0.4557,0.4756,0.2381,0.00412986392933874,1573.18,7.1,19.1,70,9255.2440876,0.219856589,10.2,0.157,42.946394259,4,0.359,0.0506087372,0.0043924564
2455,"-88.9336,35.9944",47053,"Tennessee, Gibson",0.182757751449458,14.7823427464573,0.0808849016209603,3967,1.01640212095885,1.01813684383599,0.0194101336022183,77,0.00156998674686512,1.00963747318267,1.01436543212968,0.746696090552303,1.00943113114828,0.7433,0.4126,0.3884,0.00142726067896829,1430.95,8,17.7,73.7,10783.56548,0.2240518465,10.4,0.16,61.250550851,4,0.403,0.1789580997,0.0031195841
2456,"-87.0399,35.2022",47055,"Tennessee, Giles",0.199239956568947,12.4394129410568,0.0624343287123343,1842,1.01977954809221,1.01813684383599,0.0287730727470141,53,0.00179642748195099,1.00835887163168,1.01436543212968,0.746696090552303,1.00943113114828,0.6385,0.3846,0.5944,0.00322001152425177,1417.3,9.5,19.4,47,10147.370818,0.215038761,10.6,0.121,26.331601398,4,0.348,0.1022268922,0.0044741213
2457,"-83.5125,36.2747",47057,"Tennessee, Grainger",0.244791666666667,14.2147332037157,0.0580686973428386,1344,1.02586549485129,1.01813684383599,0.015625,21,0.000907323395981854,1.01440033702014,1.01436543212968,0.746696090552303,1.00943113114828,0.822,0.354,0.3152,,1320.84,10.6,19.5,59.9,10311.056776,0.2287892929,10.3,0.132,38.795817649,3.7,0.326,0.0082091164,0.0042341758
2458,"-82.8469,36.1747",47059,"Tennessee, Greene",0.233079005660842,13.707354495057,0.0588099063499645,4063,1.02368138030147,1.01813684383599,0.0194437607679055,79,0.00114348574985164,1.00745043726524,1.01436543212968,0.746696090552303,1.00943113114828,0.7309,0.1595,0.4282,0.00347388075904295,1254.25,9.5,20.8,111.6,10937.537697,0.2181138023,10,0.193,82.992859641,4,0.382,0.0211617236,0.0035607278
2459,"-85.7214,35.3843",47061,"Tennessee, Grundy",0.173913043478261,12.2883260902143,0.0706578750187322,943,1.01666075217291,1.01813684383599,0.0148462354188759,14,0.00104900344672561,1,1.01436543212968,0.746696090552303,1.00943113114828,0.9618,0.3066,0.5708,,980.07,17,20.4,36.9,13079.365563,0.2472753871,9.6,0.236,23.871769909,3.7,0.338,0.0056196613,0.006593736
2460,"-83.2659,36.2199",47063,"Tennessee, Hamblen",0.214494054296612,14.8058665923276,0.0690269324288745,4457,1.02265958705728,1.01813684383599,0.0150325330940094,67,0.00103764964611501,1.00883276539333,1.01436543212968,0.746696090552303,1.00943113114828,0.8557,0.731,0.4986,0.00258638046121204,1438.59,11.1,17.9,399.4,10116.52709,0.222518042,10.3,0.191,88.874935672,5,0.344,0.037696108,0.0087348418
2461,"-85.1665,35.1767",47065,"Tennessee, Hamilton",0.201619394857711,11.6886182834366,0.0579736800206431,21119,1.01657013789965,1.01813684383599,0.0100383540887353,212,0.000581960327874253,1.02611173966201,1.01436543212968,0.746696090552303,1.00943113114828,0.3627,0.7125,0.5887,0.00456783955463564,1990.5,9,16.9,726.9,8533.519005,0.19163373,10.9,0.134,285.19182902,5,0.294,0.1911602422,0.0054270546
2462,"-83.2238,36.5269",47067,"Tennessee, Hancock",0.317460317460317,12.2156054359444,0.0384791571232249,252,1.02708822586544,1.01813684383599,0.0158730158730159,4,0.000610780271797221,1,1.01436543212968,0.746696090552303,1.00943113114828,0.9513,0.1299,0.61,0.00152695067949305,889.32,11.7,20,26,16550.633982,0.2524623478,9.7,0.16,12.663533909,3,0.328,0.0050389372,0.0039700718
2463,"-88.9916,35.2077",47069,"Tennessee, Hardeman",0.0991603358656537,9.8334655035686,0.099167327517843,2501,1.00973603209634,1.01813684383599,0.0159936025589764,40,0.00158604282315623,1.00735452613864,1.01436543212968,0.746696090552303,1.00943113114828,0.9592,0.5966,0.6718,0.000991276764472641,1037.28,10.9,17.5,32,10318.243348,0.2588919039,9.7,0.188,32.294497875,3.7,0.371,0.4188739096,0.0030531324
2464,"-88.1859,35.1973",47071,"Tennessee, Hardin",0.156853509185115,12.9189944134078,0.0823634388578523,2123,1.01461247722265,1.01813684383599,0.0146019783325483,31,0.00120266914959652,1.00957286878737,1.01436543212968,0.746696090552303,1.00943113114828,0.8624,0.3031,0.4394,0.00225015518311608,1459.43,11.4,21.9,41.8,12916.542155,0.2305268569,9.8,0.138,43.398102162,4,0.324,0.0325108628,0.0062849162
2465,"-82.9489,36.4436",47073,"Tennessee, Hawkins",0.26484871124393,12.5420130903945,0.0473553865204316,2677,1.02723438212382,1.01813684383599,0.0160627568173328,43,0.000760658057668495,1.02570791739697,1.01436543212968,0.746696090552303,1.00943113114828,0.7713,0.1783,0.6167,0.000884486113568017,1310.24,9.2,20,96.1,10193.963361,0.2340196927,10.4,0.162,78.828668215,4,0.322,0.01464709,0.0034494958
2466,"-89.2854,35.5833",47075,"Tennessee, Haywood",0.125334761649705,13.49870204788,0.107701182578598,1867,1.01203676324294,1.01813684383599,0.0166041778253883,31,0.00178828958753966,1.0046952487017,1.01436543212968,0.746696090552303,1.00943113114828,0.8309,0.7329,0.6498,,1209.8,10.3,17.3,29.8,11519.421735,0.2416942032,10,0.151,20.966767487,3.7,0.466,0.5021632535,0.0044418806
2467,"-88.386,35.6558",47077,"Tennessee, Henderson",0.192156862745098,15.8365353538981,0.0824146227600819,2295,1.01696850489722,1.01813684383599,0.016557734204793,38,0.00136459941824972,1.01601628385513,1.01436543212968,0.746696090552303,1.00943113114828,0.8599,0.4368,0.4308,0.00161597299529572,1405.11,9.4,17.5,49.9,10317.222857,0.2437321986,9.9,0.173,61.624286177,4,0.329,0.076812583,0.0033396775
2468,"-88.3012,36.3316",47079,"Tennessee, Henry",0.190875721027792,11.2491501328883,0.0589344211632363,1907,1.01818369944509,1.01813684383599,0.0136339800734137,26,0.000803510723777737,1.01766889775789,1.01436543212968,0.746696090552303,1.00943113114828,0.7586,0.3031,0.2748,0.00438840472217071,1327.53,9.2,22.3,55.2,10375.5045,0.2287393693,10.4,0.181,79.260004819,4,0.336,0.0746646888,0.0043265962
2469,"-87.4764,35.8061",47081,"Tennessee, Hickman",0.17382271468144,10.0147627977497,0.0576148106770937,1444,1.01725808895107,1.01813684383599,0.0145429362880886,21,0.000837888520927263,1.01440033702014,1.01436543212968,0.746696090552303,1.00943113114828,0.7385,0.2652,0.561,0.000997486334437218,1256.87,8.9,16.4,31.2,10729.289802,0.2318079497,9.8,0.169,30.793519112,3.7,0.321,0.0488768304,0.0065036109
2470,"-87.7188,36.2887",47083,"Tennessee, Houston",0.128888888888889,10.5288636088588,0.0816894590342491,675,1.01480776788326,1.01813684383599,0.0311111111111111,21,0.00254144983662108,1,1.01436543212968,0.746696090552303,1.00943113114828,0.7675,0.1875,0.368,0.003025535519787,1196.6,9.7,21.1,34.3,11207.596918,0.2244569195,10,0.117,15.360131465,3,0.272,0.029045141,0.0041147283
2471,"-87.7799,36.0396",47085,"Tennessee, Humphreys",0.201997780244173,9.84528832630098,0.0487395867142703,901,1.01840766103681,1.01813684383599,0.00887902330743618,8,0.000432759926430812,,1.01436543212968,0.746696090552303,1.00943113114828,0.7334,0.1277,0.1843,0.00135237477009629,1429.87,9.7,19,33,10846.708395,0.2054988083,10,0.099,51.945435798,4,0.352,0.0262901655,0.0067618739
2472,"-85.6724,36.3638",47087,"Tennessee, Jackson",0.160736196319018,11.1413505698248,0.0693145092702841,815,1.01213722691323,1.01813684383599,0.0208588957055215,17,0.00144582411974826,1.06416270333165,1.01436543212968,0.746696090552303,1.00943113114828,0.9038,0.0544,0.4556,,1026.06,10.3,21.5,30.5,9978.1604315,0.2383650751,9.8,0.135,18.172601712,3,0.338,0.0060384419,0.0068038782
2473,"-83.4515,36.0482",47089,"Tennessee, Jefferson",0.210526315789474,11.3308153743613,0.0538213730282159,2907,1.0184387785868,1.01813684383599,0.0137598899208806,40,0.000740576168258905,1.01925902092718,1.01436543212968,0.746696090552303,1.00943113114828,0.5997,0.3976,0.6288,0.00107383544397541,1562.88,10,19.4,151.8,9384.2803886,0.2048050365,10.3,0.167,97.627216469,5,0.367,0.0192734948,0.0049988891
2474,"-81.8489,36.4552",47091,"Tennessee, Johnson",0.107769423558897,9.6748790640117,0.0897738778265272,1596,1.00938293086108,1.01813684383599,0.0156641604010025,25,0.00140623242209472,1.00584875104734,1.01436543212968,0.746696090552303,1.00943113114828,0.7736,0.1706,0.6237,0.000112498593767578,1073.95,10.7,21.9,51.1,12429.175799,0.2325133515,8.6,0.134,37.678380556,3,0.275,0.0229497131,0.0037124536
2475,"-83.9464,35.9951",47093,"Tennessee, Knox",0.224466385349666,11.7754771765505,0.0524598690276366,24409,1.02021621156807,1.01813684383599,0.00839854152156991,205,0.000440586388244725,1.02539063078029,1.01436543212968,0.746696090552303,1.00943113114828,0.3137,0.6008,0.5244,0.00449827956388395,2003.51,8.4,15.1,953.3,9062.6048854,0.1971365622,10.5,0.107,290.59959354,5,0.307,0.0869115754,0.0035397355
2476,"-89.4892,36.3418",47095,"Tennessee, Lake",0.0854037267080745,14.8428012413979,0.173795709081096,1288,1.00777863603067,1.01813684383599,0.0077639751552795,10,0.00134934556739981,1.05227402814137,1.01436543212968,0.746696090552303,1.00943113114828,0.9806,0.3906,0.9481,,991.69,10.2,15.2,29.5,11242.807232,0.2807895869,10.7,0.102,19.679625732,3,0.374,0.2849817838,0.0049925786
2477,"-89.6302,35.7589",47097,"Tennessee, Lauderdale",0.110246433203632,9.87415295256534,0.0895643756050339,2313,1.00969118172768,1.01813684383599,0.0108084738434933,25,0.000968054211035818,1.01198288474998,1.01436543212968,0.746696090552303,1.00943113114828,0.9503,0.5995,0.9465,0.000968054211035818,1179.55,10.3,15.2,46.7,11346.304307,0.2546143307,10.2,0.204,23.110250272,4,0.446,0.3434656341,0.0078993224
2478,"-87.3979,35.2168",47099,"Tennessee, Lawrence",0.218234442836469,17.2405908446518,0.0790003201170714,3455,1.02057223481333,1.01813684383599,0.0127351664254703,44,0.00100608222435634,1.02116420457606,1.01436543212968,0.746696090552303,1.00943113114828,0.8745,0.4355,0.5438,0.00226368500480176,1302.7,14.5,17.6,63.9,11065.336786,0.2258083773,9.9,0.148,47.434832592,4,0.333,0.0173091874,0.0045502355
2479,"-87.4902,35.5285",47101,"Tennessee, Lewis",0.181818181818182,14.0658613271554,0.0773622372993546,935,1.0152515455345,1.01813684383599,0.0171122994652406,16,0.00132384577196757,1,1.01436543212968,0.746696090552303,1.00943113114828,0.6701,0.1127,0.6208,,1143.54,10.3,20.6,37.9,11509.916413,0.2256420968,9.5,0.174,32.67223891,4,0.417,0.0195267251,0.005957306
2480,"-86.5891,35.1374",47103,"Tennessee, Lincoln",0.314940577249576,21.7486883371926,0.0690564821056951,2356,1.03402911739534,1.01813684383599,0.0110356536502547,26,0.00076208341882346,1.01766889775789,1.01436543212968,0.746696090552303,1.00943113114828,0.6013,0.4142,0.5642,0.00143623413547498,1367.71,8.4,18.8,52.5,10979.976557,0.2174692351,10.6,0.115,53.931566254,4,0.367,0.0672978281,0.0082949849
2481,"-84.3115,35.7394",47105,"Tennessee, Loudon",0.218473074301295,12.0820296301881,0.0553021449843556,2934,1.02214141386296,1.01813684383599,0.00783912747102931,23,0.000433520563953708,1.01308078292908,1.01436543212968,0.746696090552303,1.00943113114828,0.4048,0.6348,0.3407,0.000942436008595016,1990.38,10.3,25.5,196.3,9454.1511298,0.1858111437,10.6,0.167,79.949356563,5,0.29,0.0129867682,0.0056357673
2482,"-84.6152,35.4281",47107,"Tennessee, McMinn",0.246008279124778,15.6141503237309,0.063470019705358,3382,1.02311784821992,1.01813684383599,0.0177409816676523,60,0.00112602045603828,1.00735452613864,1.01436543212968,0.746696090552303,1.00943113114828,0.7637,0.4075,0.4728,0.00491695599136718,1295.93,9.4,19.2,122.4,11396.886391,0.2376583589,10.3,0.113,64.292133522,4.3,0.337,0.0362390917,0.0056113353
2483,"-88.5648,35.1747",47109,"Tennessee, McNairy",0.113693467336683,7.00681325487767,0.0616289873025705,1592,1.01184871555973,1.01813684383599,0.021356783919598,34,0.00131619696500465,1.00427381583427,1.01436543212968,0.746696090552303,1.00943113114828,0.9296,0.2706,0.347,,1104.06,12.2,20.3,42.3,11731.950192,0.2521617399,9.9,0.154,36.272539171,4,0.303,0.0598869619,0.0041034376
2484,"-86.0078,36.5316",47111,"Tennessee, Macon",0.130065975494816,11.3744075829384,0.0874510611992582,2122,1.01111500778967,1.01813684383599,0.0150801131008483,32,0.00131877189367402,1.00454582940699,1.01436543212968,0.746696090552303,1.00943113114828,0.7226,0.4721,0.3566,0.00103029054193283,1169.4,11,15.6,66.6,11416.963465,0.2352192175,10.3,0.181,31.124484806,3.7,0.346,0.0089017103,0.0077889965
2485,"-88.8408,35.6118",47113,"Tennessee, Madison",0.165682312713708,10.9215716407971,0.0659187541621843,6434,1.01503017739941,1.01813684383599,0.019894311470314,128,0.00131140822703755,1.0129193615005,1.01436543212968,0.746696090552303,1.00943113114828,0.5783,0.7612,0.7017,0.00967163567440193,1610,9.3,15.9,207.2,9934.2105711,0.2245490355,10,0.139,114.79539463,5,0.387,0.3743763127,0.0035039189
2486,"-85.6227,35.13",47115,"Tennessee, Marion",0.250510551395507,12.8783902012248,0.051408573928259,1469,1.0246236022086,1.01813684383599,0.0142954390742001,21,0.00073490813648294,1.01440033702014,1.01436543212968,0.746696090552303,1.00943113114828,0.6863,0.1452,0.2923,0.00237970253718285,1331.18,9.3,19.1,49.5,10881.427366,0.2113741589,10.2,0.2,65.478422797,4,0.305,0.04,0.0045494313
2487,"-86.7642,35.458",47117,"Tennessee, Marshall",0.180213655364608,11.5191639699552,0.063919484606478,2153,1.01664838545963,1.01813684383599,0.0106827682303762,23,0.000682837039456105,1.00637045739233,1.01436543212968,0.746696090552303,1.00943113114828,0.6315,0.5922,0.2996,0.000742214173321854,1554.17,8.7,15.6,82,8982.594289,0.2194463579,10.4,0.114,47.111604105,4,0.379,0.0647210759,0.0043642193
2488,"-87.0746,35.6187",47119,"Tennessee, Maury",0.190534810559431,14.7657409370363,0.0774962900148399,7311,1.01749868995263,1.01813684383599,0.0125837778689646,92,0.000975196099215603,1.02575216709175,1.01436543212968,0.746696090552303,1.00943113114828,0.3844,0.5581,0.3792,0.00270298918804325,1811.12,9.3,15.3,144.2,8509.1007352,0.209946911,10,0.105,86.045749568,4.3,0.325,0.1163769345,0.0049395802
2489,"-84.8148,35.5156",47121,"Tennessee, Meigs",0.282608695652174,15.8459288152121,0.0560702096538274,690,1.03373405433415,1.01813684383599,0.0188405797101449,13,0.00105639525434747,1.01150029829051,1.01436543212968,0.746696090552303,1.00943113114828,0.7911,0.2143,0.2299,,1176.35,9.2,20.6,47.3,11907.762977,0.2199891996,10.2,0.158,21.789158699,2.3,0.354,0.0151145783,0.0088574679
2490,"-84.249,35.4455",47123,"Tennessee, Monroe",0.227933356965615,13.8706128524279,0.0608538084863127,2821,1.02160315264006,1.01813684383599,0.0170152428216944,48,0.0010354423280195,1.00609846529734,1.01436543212968,0.746696090552303,1.00943113114828,0.8946,0.2856,0.3416,0.0012727311948573,1294.65,11.1,20.4,68.2,10595.418687,0.2255378449,10.7,0.112,53.524312558,4,0.327,0.0195224022,0.0064283711
2491,"-87.3855,36.4961",47125,"Tennessee, Montgomery",0.21319199057715,8.78854090798738,0.0412235979606701,8490,1.02075248605224,1.01813684383599,0.0120141342756184,102,0.000495265841223598,1.02298367390423,1.01436543212968,0.746696090552303,1.00943113114828,0.4618,0.6947,0.3174,0.00151007526098568,1924.18,8.4,8.9,315.5,8744.8026836,0.2247801234,9.6,0.11,123.32179789,5,0.343,0.1984559359,0.007414421
2492,"-86.3623,35.2772",47127,"Tennessee, Moore",0.208835341365462,16.2221182342848,0.0776789892372485,498,1.02255937511618,1.01813684383599,0.00803212851405622,4,0.00062392762439557,1.04195362743721,1.01436543212968,0.746696090552303,1.00943113114828,0.3003,0.0853,0.107,,1735.91,10.7,21.4,42.5,7124.0444635,0.1872163515,10.2,0.136,30.027719553,3,0.249,0.026516924,0.0034316019
2493,"-84.6488,36.1325",47129,"Tennessee, Morgan",0.293499043977055,14.2267945687937,0.04847305250475,1046,1.0328856253861,1.01813684383599,0.00764818355640535,8,0.000370730803095602,1.01925902092718,1.01436543212968,0.746696090552303,1.00943113114828,0.8994,0.2079,0.7689,,1367.79,11,16.5,30,11882.127476,0.2480367876,9.4,0.208,22.322488729,3,0.361,0.0364706428,0.0053292553
2494,"-89.1492,36.3573",47131,"Tennessee, Obion",0.133827797484682,13.7113027389566,0.102454818779529,3101,1.01192816862181,1.01813684383599,0.0203160270880361,63,0.00208147487362474,1.01696850489722,1.01436543212968,0.746696090552303,1.00943113114828,0.7952,0.5247,0.4253,0.0045263818680411,1297.41,10.5,19.6,55.2,8759.6303838,0.2413034609,10.9,0.156,51.118195019,4,0.379,0.1058909043,0.0034360855
2495,"-85.2899,36.3412",47133,"Tennessee, Overton",0.107656879677605,8.47380822911002,0.0787112561174551,1737,1.01189606677144,1.01813684383599,0.0218767990788716,38,0.00172195033532717,1.0038170159038,1.01436543212968,0.746696090552303,1.00943113114828,0.707,0.0729,0.4218,0.00516585100598151,1169.2,8.7,19.8,43.4,10101.224882,0.2271977482,9.5,0.132,48.739147151,3.7,0.387,0.0061627696,0.0041236179
2496,"-87.8614,35.6371",47135,"Tennessee, Perry",0.209150326797386,15.8730158730159,0.0758928571428571,612,1.02270401726679,1.01813684383599,0.0359477124183007,22,0.0027281746031746,1,1.01436543212968,0.746696090552303,1.00943113114828,0.8449,0.1041,0.6434,0.00657242063492063,1008.38,14.7,20.4,18.3,12482.977168,0.2430811179,9.5,0.164,23.60528231,3,0.289,0.0243055556,0.0080605159
2497,"-85.0776,36.5561",47137,"Tennessee, Pickett",0.139380530973451,12.396694214876,0.0889413616686344,452,1.01227525278423,1.01813684383599,0.0353982300884956,16,0.00314836678473042,1.00926242190831,1.01436543212968,0.746696090552303,1.00943113114828,0.6857,0.0455,0.377,,1223.98,6.4,26.5,25.6,8874.3082876,0.207888969,9.2,0.162,15.215452728,3,0.312,0.0021645022,0.0035419126
2498,"-84.5208,35.1225",47139,"Tennessee, Polk",0.221965317919075,11.3622913954314,0.0511894898804592,865,1.0261510003191,1.01813684383599,0.0173410404624277,15,0.000887679015268079,1,1.01436543212968,0.746696090552303,1.00943113114828,0.7809,0.0646,0.361,,1437.58,11.1,20.1,33.1,10839.09203,0.2186348332,9.7,0.16,29.68109974,3.7,0.344,0.0069830749,0.0057403243
2499,"-85.5065,36.1401",47141,"Tennessee, Putnam",0.140658708471164,12.404398614969,0.0881879177606129,6953,1.01504257726001,1.01813684383599,0.0129440529267942,90,0.00114150907499715,1.00819891621082,1.01436543212968,0.746696090552303,1.00943113114828,0.7127,0.5689,0.546,0.00313280823915883,1458.72,8.9,16.5,215.1,8904.1490271,0.2369779415,9.6,0.114,95.070616573,5,0.283,0.0215745215,0.0074959096
2500,"-84.9308,35.6054",47143,"Tennessee, Rhea",0.25185508511567,17.4615663963201,0.0693318000242101,2291,1.02525390389545,1.01813684383599,0.0170231340026189,39,0.00118024452245491,1.01557919328246,1.01436543212968,0.746696090552303,1.00943113114828,0.8933,0.5272,0.5005,0.000756567001573659,1410.57,9.8,17.9,107.2,10664.35391,0.2341252998,9.8,0.208,64.095148506,4.3,0.378,0.0205786224,0.0056288585
2501,"-84.5246,35.8492",47145,"Tennessee, Roane",0.245703373647358,14.5276627775687,0.0591268347760632,3142,1.02451648677188,1.01813684383599,0.0124124761298536,39,0.000733910425291682,1.02415191411056,1.01436543212968,0.746696090552303,1.00943113114828,0.5525,0.2127,0.4132,0.00101618366578848,1646.61,8.6,22,125.3,10808.274519,0.1995539041,10,0.156,78.094213166,4.3,0.341,0.0259126835,0.0045540083
2502,"-86.8735,36.5245",47147,"Tennessee, Robertson",0.218692354990777,15.0256294710753,0.0687066974595843,4879,1.02205643718004,1.01813684383599,0.0131174420987907,64,0.00090125612572523,1.01668506877098,1.01436543212968,0.746696090552303,1.00943113114828,0.4309,0.6227,0.2671,0.00153495183912578,1921.92,9,14.1,127.8,8552.8978312,0.198064669,10.9,0.106,93.011751832,5,0.341,0.0733256351,0.006210218
2503,"-86.4107,35.8459",47149,"Tennessee, Rutherford",0.197260028653295,13.5615131275201,0.0687494228815907,22336,1.01888705010649,1.01813684383599,0.00864075931232092,193,0.000594047215980793,1.01408458254203,1.01436543212968,0.746696090552303,1.00943113114828,0.2771,0.7927,0.2824,0.00121579611560836,2151.53,8.9,10,484.5,7214.2318823,0.1886319038,11.2,0.108,137.21205347,5,0.359,0.1538951645,0.0055218689
2504,"-84.5036,36.4233",47151,"Tennessee, Scott",0.272300469483568,18.4218884704388,0.0676527973138527,1491,1.02811074165841,1.01813684383599,0.0073775989268947,11,0.000499115204864105,1.0465440871019,1.01436543212968,0.746696090552303,1.00943113114828,0.9433,0.0232,0.4005,0.00113435273832751,1124.21,11.9,16.2,39.1,13262.585227,0.2582043676,9.3,0.131,46.140624113,3.7,0.421,0.0021325831,0.0033576841
2505,"-85.4102,35.3698",47153,"Tennessee, Sequatchie",0.329974811083123,17.6122613605808,0.0533745630545846,794,1.03984613168197,1.01813684383599,0.00629722921914358,5,0.000336111858026351,1,1.01436543212968,0.746696090552303,1.00943113114828,0.7175,0.2311,0.3916,,1474.13,11.3,19.5,45.3,9023.8767488,0.2149581157,9.7,0.127,62.14708072,3.7,0.379,0.0059155687,0.0063189029
2506,"-83.5224,35.7808",47155,"Tennessee, Sevier",0.234929490159616,15.4864544600172,0.0659195848486087,6453,1.02553205709666,1.01813684383599,0.00728343406167674,47,0.000480120949617946,1.02701356220487,1.01436543212968,0.746696090552303,1.00943113114828,0.6452,0.574,0.5056,0.000807011808932293,1571.43,16.3,18.6,157.8,9616.0447756,0.2147980237,10.1,0.151,111.06327948,5,0.443,0.0110427818,0.006292649
2507,"-89.8969,35.1865",47157,"Tennessee, Shelby",0.135116128101558,8.00736083029482,0.0592628055791845,55456,1.01195319209242,1.01813684383599,0.0134160415464512,744,0.000795072261809602,1.00772154887155,1.01436543212968,0.746696090552303,1.00943113114828,0.6408,0.8968,0.6972,0.0044231237790725,1904.12,12.1,12.7,1302.7,10311.616784,0.2009696785,9.5,0.12,374.67234899,5,0.355,0.5364814205,0.0033640961
2508,"-85.9541,36.2536",47159,"Tennessee, Smith",0.130460801915021,10.9317019356133,0.0837929996991275,1671,1.01220124500521,1.01813684383599,0.0119688809096349,20,0.00100290843445993,1,1.01436543212968,0.746696090552303,1.00943113114828,0.4646,0.0876,0.1589,0.00175508976030488,1477.3,8.7,16.1,53.9,10377.19482,0.2215439769,10,0.163,58.852789378,4,0.3,0.0222645672,0.0047136696
2509,"-87.8392,36.5024",47161,"Tennessee, Stewart",0.14992927864215,7.81653270407787,0.0521347983187081,707,1.01432484395178,1.01813684383599,0.0268741159830269,19,0.00140107661676867,1.00775379492937,1.01436543212968,0.746696090552303,1.00943113114828,0.7404,0.1407,0.1445,,1349.13,10,19.7,23.1,10488.230803,0.2070366223,10.3,0.105,27.715132268,3.7,0.269,0.0168866603,0.0075953101
2510,"-82.3041,36.5124",47163,"Tennessee, Sullivan",0.224096673845418,11.879392140447,0.0530101225359616,8358,1.01994277710128,1.01813684383599,0.0161521895190237,135,0.000856229545627521,1.02065336654354,1.01436543212968,0.746696090552303,1.00943113114828,0.592,0.1971,0.6049,0.00692594565796484,1625.76,8.8,21.1,395.1,9532.6223916,0.2209968758,10.2,0.148,147.97941186,5,0.34,0.0219638735,0.0036976431
2511,"-86.4592,36.4682",47165,"Tennessee, Sumner",0.211865767501606,14.1010638582092,0.0665565939438629,12456,1.01887217476192,1.01813684383599,0.0128452151573539,160,0.000854933769349556,1.01516534655549,1.01436543212968,0.746696090552303,1.00943113114828,0.1739,0.5457,0.1815,0.00252739795563962,2281.32,8.7,15.2,295.3,7447.1234734,0.1813670044,10.8,0.083,133.35521898,5,0.311,0.077066936,0.0039487253
2512,"-89.7369,35.5019",47167,"Tennessee, Tipton",0.151965265082267,10.798785339634,0.0710608791672756,4376,1.01440905197936,1.01813684383599,0.00982632541133455,43,0.000698267322713175,1.01404608493983,1.01436543212968,0.746696090552303,1.00943113114828,0.5803,0.4661,0.1429,0.0016238774946818,1864.53,9.4,13.8,97.3,9869.2997246,0.2123710326,10.1,0.168,43.543109451,5,0.324,0.1828810835,0.0047254835
2513,"-86.1609,36.3903",47169,"Tennessee, Trousdale",0.046953046953047,8.53614239011987,0.181801670904468,2002,1.00480044138233,1.01813684383599,0.00599400599400599,12,0.00108972030512169,1,1.01436543212968,0.746696090552303,1.00943113114828,0.8127,0.4177,0.2862,0.00227025063567018,1390.24,15,14.1,61.7,10394.725509,0.2307084271,10.1,0.063,24.753242496,3.3,0.224,0.114148202,0.0059934617
2514,"-82.4371,36.1089",47171,"Tennessee, Unicoi",0.241864555848725,15.483362423287,0.0640166657282811,1137,1.01968049795047,1.01813684383599,0.0263852242744063,30,0.0016890940825404,1.00990485606307,1.01436543212968,0.746696090552303,1.00943113114828,0.851,0.4078,0.5317,0.0011260627216936,1218.66,9.9,23.2,93,11921.304533,0.2188861022,8.8,0.187,82.303272923,3.7,0.33,0.0042227352,0.0051798885
2515,"-83.8365,36.2859",47173,"Tennessee, Union",0.241596638655462,11.6822429906542,0.0483543275091426,952,1.02756401739551,1.01813684383599,0.00630252100840336,6,0.000304754164973588,1.02638809625704,1.01436543212968,0.746696090552303,1.00943113114828,0.9217,0.0665,0.6195,,1161.28,11.9,17.5,61.6,11042.249517,0.2515003554,10,0.181,25.191172774,3.3,0.339,0.0046221048,0.0050792361
2516,"-85.4522,35.6986",47175,"Tennessee, Van Buren",0.176339285714286,13.7033824804857,0.0777103209019948,448,1.01523730327274,1.01813684383599,0.00892857142857143,4,0.000693842150910668,1.04195362743721,1.01436543212968,0.746696090552303,1.00943113114828,0.9255,0.0175,0.525,,1277.9,14.4,22.1,17.7,11926.665998,0.2237161463,9.2,0.139,13.179571904,3,0.316,0.0074588031,0.0038161318
2517,"-85.7797,35.6728",47177,"Tennessee, Warren",0.237100348211459,18.3228142277019,0.0772787318361955,3159,1.02586004680046,1.01813684383599,0.00728078505856284,23,0.000562649836097656,1.02016664537273,1.01436543212968,0.746696090552303,1.00943113114828,0.843,0.6323,0.4397,0.003057879544009,1298.9,12.4,17.1,93.7,9974.9184099,0.2413918929,9.6,0.185,60.796795645,4,0.381,0.0323890601,0.0050883116
2518,"-82.4945,36.2947",47179,"Tennessee, Washington",0.233303875773261,14.3693578110056,0.0615907376736881,7921,1.02160989621028,1.01813684383599,0.0162858224971595,129,0.00100305582122279,1.01038507754155,1.01436543212968,0.746696090552303,1.00943113114828,0.4331,0.32,0.7268,0.00517079163653611,1693.11,9.1,17.5,417.1,9375.4174903,0.2044617665,9.9,0.124,148.93584073,5,0.31,0.0430147659,0.0044010046
2519,"-87.7864,35.2387",47181,"Tennessee, Wayne",0.0888468809073724,11.3540282642831,0.127793211740548,2116,1.00794292657629,1.01813684383599,0.00708884688090737,15,0.000905906510448122,1.03239118471,1.01436543212968,0.746696090552303,1.00943113114828,0.8866,0.1837,0.879,0.00483150138905665,1106.48,11.2,18.8,19.1,9775.7562891,0.2466794512,9.7,0.15,24.818970049,3,0.347,0.0634134557,0.0041671699
2520,"-88.7199,36.299",47183,"Tennessee, Weakley",0.1288,9.63639084243603,0.0748166990872363,2500,1.01104354096219,1.01813684383599,0.0152,38,0.00113721382612599,1.0038170159038,1.01436543212968,0.746696090552303,1.00943113114828,0.7777,0.347,0.6956,0.00299266796348945,1219.91,9.7,17.7,53.3,9601.9455599,0.221573614,10.6,0.107,31.83497396,4,0.386,0.075295526,0.0044291486
2521,"-85.4559,35.9293",47185,"Tennessee, White",0.202617328519856,16.5639871619877,0.08175010144981,2216,1.01665747520139,1.01813684383599,0.0126353790613718,28,0.00103294352012395,1.04924143725562,1.01436543212968,0.746696090552303,1.00943113114828,0.8401,0.1086,0.376,0.00221345040026561,1118.91,11.3,19.8,66,10250.061703,0.2343519117,9.5,0.217,43.379405517,4,0.314,0.017523149,0.0052016084
2522,"-86.8928,35.891",47187,"Tennessee, Williamson",0.166545771072102,9.90812543962991,0.0594919064942239,13786,1.0149481269036,1.01813684383599,0.00725373567387204,100,0.000431538564443812,1.02009379713893,1.01436543212968,0.746696090552303,1.00943113114828,0.0064,0.5002,0.0462,0.000798346344221051,3922.79,4.9,12.4,454.2,4093.8421383,0.152562019,11,0.079,123.12751762,5,0.216,0.0433739411,0.0027359545
2523,"-86.2978,36.155",47189,"Tennessee, Wilson",0.20878889823381,14.1226666666667,0.0676408888888889,9512,1.01932901897269,1.01813684383599,0.0105130361648444,100,0.000711111111111111,1.01678703297815,1.01436543212968,0.746696090552303,1.00943113114828,0.1156,0.5501,0.1582,0.00348444444444444,2326.47,6.6,15.1,214.9,7063.4256773,0.1818066823,11.1,0.11,104.44303277,5,0.372,0.0707697778,0.0049635556
2524,"-95.6535,31.8153",48001,"Texas, Anderson",0.0353335363996345,1.99803641249117,0.0565478753638665,3283,1.00263847977522,1.0090773037585,0.0164483703929333,54,0.000930120398918304,1.01105509534937,1.00732348859458,0.428838599051733,1.0056655207349,0.6596,0.8634,0.978,0.00148130285753656,1418.31,14.1,14.2,45.3,10927.038043,0.173863208,9.9,0.104,71.489005628,4,0.365,0.2095871299,0.006975903
2525,"-102.6377,32.3047",48003,"Texas, Andrews",0.143818334735071,9.43292144748455,0.0655891438658429,1189,1.00666208889558,1.0090773037585,0.0151387720773759,18,0.000992939099735216,1.02638809625704,1.00732348859458,0.428838599051733,1.0056655207349,0.428,0.9694,0.4323,0.00187555163283319,2129.6,18.2,10.3,11.5,7137.5099015,0.134363002,7.3,0.067,107.38453033,3.3,0.349,0.0133495146,0.0152250662
2526,"-94.609,31.2546",48005,"Texas, Angelina",0.143944407677035,4.99471822899922,0.0346989390529555,3022,1.01542154785021,1.0090773037585,0.0370615486432826,112,0.00128599641758141,1.00654562052404,1.00732348859458,0.428838599051733,1.0056655207349,0.8414,0.9007,0.9452,0.00482248656593028,1538.11,19.2,15.6,106.2,8913.8128605,0.1585696582,9.8,0.143,133.39580743,5,0.407,0.1483373903,0.0075896753
2527,"-96.9995,28.1056",48007,"Texas, Aransas",0.131524008350731,2.64794889038332,0.0201328177538668,479,1.0067393517005,1.0090773037585,0.0438413361169102,21,0.000882649630127774,1.0069943706001,1.00732348859458,0.428838599051733,1.0056655207349,0.6248,0.8166,0.8169,,1833.67,20.5,26.6,93.5,8770.4408974,0.1415745233,9.3,0.187,4.7679721617,4,0.405,0.0126092804,0.0123570948
2528,"-98.6875,33.6157",48009,"Texas, Archer",0.257142857142857,10.243569314819,0.0398361028909629,350,1.02081369539482,1.0090773037585,0.0114285714285714,4,0.00045526974732529,1.10408951367381,1.00732348859458,0.428838599051733,1.0056655207349,0.1306,0.4769,0.0309,,1956.22,11.4,19.3,7.3,8253.2505241,0.1406260699,8.5,0.115,19.66073537,3,0.268,0.0086501252,0.0147962668
2529,"-101.3575,34.9651",48011,"Texas, Armstrong",0.206349206349206,6.87103594080338,0.0332980972515856,63,1.01188315252133,1.0090773037585,0.0634920634920635,4,0.00211416490486258,1.04195362743721,1.00732348859458,0.428838599051733,1.0056655207349,0.1223,0.453,0.2735,,2106.82,7.6,20.9,1.6,7088.7329639,0.1174955027,6.8,0.092,99.181780328,3,0.293,0.0084566596,0.0147991543
2530,"-98.5273,28.8933",48013,"Texas, Atascosa",0.163585434173669,5.80401510634069,0.0354800238521169,1785,1.00930012174872,1.0090773037585,0.0280112044817927,50,0.000993838203140529,1.02177992100002,1.00732348859458,0.428838599051733,1.0056655207349,0.7822,0.9551,0.6192,0.00133174319220831,1626.84,15.8,14.2,37.5,7753.5547113,0.143944699,9.6,0.171,90.269469696,3.7,0.367,0.007414033,0.013138541
2531,"-96.2774,29.8855",48015,"Texas, Austin",0.144244105409154,3.46793824402281,0.0240421487878889,721,1.0079758503225,1.0090773037585,0.0180305131761442,13,0.000433492280502851,1,1.00732348859458,0.428838599051733,1.0056655207349,0.3675,0.8991,0.4021,0.00106705792123779,2041.27,12.1,18.2,42.6,7371.1545231,0.135605543,10.2,0.104,108.78957243,4,0.315,0.0861982727,0.0079695888
2532,"-102.83,34.0685",48017,"Texas, Bailey",0.104562737642586,7.82695318058916,0.0748541340543618,526,1.00640773405409,1.0090773037585,0.0209125475285171,11,0.00156539063611783,1.02908210240756,1.00732348859458,0.428838599051733,1.0056655207349,0.6153,0.9863,0.5769,0.00355770599117689,1386.53,20.6,14.1,8.3,9061.6555016,0.1625368837,6.8,0.061,102.1131142,3,0.313,0.0125231251,0.0335847446
2533,"-99.246,29.7462",48019,"Texas, Bandera",0.265822784810127,3.68033648790747,0.0138450753592709,316,1.01536948198898,1.0090773037585,0.0348101265822785,11,0.000481948825797406,1,1.00732348859458,0.428838599051733,1.0056655207349,0.4713,0.652,0.3448,,2031.41,17.7,25.9,24.5,7555.7172342,0.1366331544,8.9,0.086,14.733772171,3.7,0.299,0.0090694006,0.0130126183
2534,"-97.3121,30.1037",48021,"Texas, Bastrop",0.126056879323597,3.77115526122149,0.0299162987490802,2602,1.00424374445459,1.0090773037585,0.0149884704073789,39,0.000448399558498896,1.0037176772541,1.00732348859458,0.428838599051733,1.0056655207349,0.564,0.9354,0.8032,0.00350671449595291,2227.32,16.3,14.2,80.7,7880.3177804,0.1563321306,10.1,0.117,72.291028992,4,0.384,0.0667310522,0.0197180831
2535,"-99.2135,33.6164",48023,"Texas, Baylor",0.217391304347826,4.18760469011725,0.0192629815745394,69,1.02261902565659,1.0090773037585,0.072463768115942,5,0.00139586823003908,1,1.00732348859458,0.428838599051733,1.0056655207349,0.3045,0.2174,0.0293,0.013679508654383,1482.01,13.1,24.3,4.2,11359.325779,0.142415964,7.8,0.117,65.137527832,3,0.266,0.0254048018,0.0083752094
2536,"-97.7422,28.4176",48025,"Texas, Bee",0.0445173383317713,2.91527296161046,0.0654862368429128,2134,1.00353038613999,1.0090773037585,0.0187441424554827,40,0.00122748335225704,1,1.00732348859458,0.428838599051733,1.0056655207349,0.9634,0.9296,0.972,0.00211740878264339,1474.31,20,11.9,29.5,8266.9657796,0.1576524862,9.4,0.133,68.523272847,3.7,0.307,0.0832847455,0.0092061251
2537,"-97.4785,31.0374",48027,"Texas, Bell",0.173146606600725,4.97129135478937,0.0287114570270103,10211,1.01547977289752,1.0090773037585,0.0137107041425913,140,0.000393654292800063,1.01516534655549,1.00732348859458,0.428838599051733,1.0056655207349,0.5312,0.8959,0.8405,0.00318859977168051,1727.47,11.8,10.3,349.6,7306.7287534,0.1517941478,10.1,0.111,229.50572327,5,0.348,0.2215739423,0.0106849022
2538,"-98.5202,29.4493",48029,"Texas, Bexar",0.149975579197724,7.11211052698096,0.0474217907010351,94182,1.01141926398831,1.0090773037585,0.0167441761695441,1577,0.000794038817773378,1.00367700701068,1.00732348859458,0.428838599051733,1.0056655207349,0.6048,0.9733,0.781,0.00321190464082205,1914.59,15.1,11.6,1637.3,6963.3711995,0.1489929757,10.4,0.085,511.30667288,5,0.286,0.0736190295,0.0122026194
2539,"-98.4,30.2664",48031,"Texas, Blanco",0.104477611940299,1.79456503161853,0.0171765510169202,201,1.00731684971526,1.0090773037585,0.0348258706467662,7,0.000598188343872842,1.02226578920968,1.00732348859458,0.428838599051733,1.0056655207349,0.2258,0.7367,0.2069,,2218.59,18,23.9,15.4,6887.0400959,0.133943886,8.9,0.124,91.621404866,3.7,0.294,0.0108528457,0.0129037771
2540,"-101.4317,32.7436",48033,"Texas, Borden",0.5,7.71604938271605,0.0154320987654321,10,1.10408951367381,1.0090773037585,0,0,0,,1.00732348859458,0.428838599051733,1.0056655207349,0.0172,0.148,0.0073,,2388.1,4.7,26,0.7,,0.1064309217,7.1,0.165,3.1185533379,,0.271,0.0092592593,0.0077160494
2541,"-97.6361,31.8998",48035,"Texas, Bosque",0.0969387755102041,3.04959606227596,0.0314589909582152,588,1.00906641053247,1.0090773037585,0.0272108843537415,16,0.000856026964849393,1,1.00732348859458,0.428838599051733,1.0056655207349,0.5029,0.7514,0.3852,0.00133754213257718,1687.18,17.9,24.4,16.8,9705.3640013,0.1426907157,9.5,0.105,52.81147468,3.7,0.318,0.0166390241,0.008667273
2542,"-94.4183,33.4463",48037,"Texas, Bowie",0.0656961552818216,1.86590899452949,0.0284021033883211,2679,1.00400957626514,1.0090773037585,0.0414333706606943,111,0.00117679487723167,1.00525682125956,1.00732348859458,0.428838599051733,1.0056655207349,0.6354,0.7475,0.9806,0.00723039735380179,1697.84,14.5,16,107,9530.0864197,0.1714611872,10,0.148,162.31729385,5,0.473,0.249522921,0.0105699504
2543,"-95.4456,29.1876",48039,"Texas, Brazoria",0.148932394866032,6.80172879524581,0.0456699081577526,16907,1.01032490366603,1.0090773037585,0.0124208907553085,210,0.000567260940032415,1.00205764797984,1.00732348859458,0.428838599051733,1.0056655207349,0.2465,0.9322,0.7867,0.000964343598055105,2633.77,13.4,11.3,227.9,6206.4306476,0.1340695671,11.4,0.105,86.293778862,5,0.282,0.1395056726,0.0082874122
2544,"-96.3021,30.6636",48041,"Texas, Brazos",0.115773427471117,6.36361230915778,0.0549660871942776,12464,1.00942292999845,1.0090773037585,0.00986842105263158,123,0.000542428492048792,1.00716992752008,1.00732348859458,0.428838599051733,1.0056655207349,0.5955,0.921,0.914,0.0023681634165057,1647.34,13.1,8.6,405.2,4877.9487222,0.1415272809,10.1,0.08,275.71775389,5,0.291,0.1042873901,0.0067428713
2545,"-103.252,29.8101",48043,"Texas, Brewster",0.0592193808882907,4.74803064637963,0.0801769720513651,743,1.00370752053271,1.0090773037585,0.00807537012113055,6,0.000647458724506313,1,1.00732348859458,0.428838599051733,1.0056655207349,0.4213,0.8781,0.745,0.00269774468544297,1623.88,16.8,21.6,1.7,8207.7134385,0.1444122341,6.3,0.12,77.868731579,2.3,0.259,0.0123017158,0.0171576562
2546,"-101.2085,34.5303",48045,"Texas, Briscoe",0.111111111111111,3.29815303430079,0.0296833773087071,45,1.0065157606758,1.0090773037585,0.0444444444444444,2,0.00131926121372032,1.10408951367381,1.00732348859458,0.428838599051733,1.0056655207349,0.593,0.9172,0.0614,,1369.58,21.9,23.5,1.7,4713.9212376,0.1433374871,6.9,0.102,6.1631267394,,0.26,0.0336411609,0.0079155673
2547,"-98.2181,27.031",48047,"Texas, Brooks",0.0627906976744186,3.79533314590947,0.0604441945459657,430,1.00268644413445,1.0090773037585,0.0604651162790698,26,0.00365476525161653,1.00561868495366,1.00732348859458,0.428838599051733,1.0056655207349,0.999,0.994,0.9914,,952.93,21.9,15.5,8.1,8970.8628617,0.1820300233,8.6,0.119,218.06908468,3,0.369,0.00534158,0.0064661231
2548,"-98.9991,31.7743",48049,"Texas, Brown",0.165760869565217,4.825440354393,0.0291108532855184,1104,1.01554540521529,1.0090773037585,0.0353260869565217,39,0.00102837253454277,1.0075488835911,1.00732348859458,0.428838599051733,1.0056655207349,0.479,0.7692,0.6931,0.00511549414618711,1552.39,13.7,19.1,42.3,9384.3393506,0.1515666042,8.3,0.127,124.33261467,4.3,0.386,0.0354656682,0.0085697711
2549,"-96.6216,30.4927",48051,"Texas, Burleson",0.0969945355191257,3.86100386100386,0.0398064060035891,732,1.00558728782328,1.0090773037585,0.0177595628415301,13,0.0007069443689162,1.02415191411056,1.00732348859458,0.428838599051733,1.0056655207349,0.5248,0.8402,0.4709,0.00135950840176192,1730.92,16.7,20.3,23.7,8224.0721368,0.1407257299,9.8,0.048,137.28368799,3,0.384,0.1246397303,0.0107129262
2550,"-98.1819,30.788",48053,"Texas, Burnet",0.144242424242424,5.006099869589,0.034706154558075,1650,1.01122327869535,1.0090773037585,0.0121212121212121,20,0.00042068066131,1.00735452613864,1.00732348859458,0.428838599051733,1.0056655207349,0.2927,0.7822,0.4479,0.0014934163476505,2047.29,15.2,21.7,46.8,6882.3203262,0.1338204053,9.1,0.178,72.88696199,4,0.313,0.0179840983,0.0119262967
2551,"-97.6181,29.8367",48055,"Texas, Caldwell",0.0831702544031311,3.93090850232386,0.0472633939926469,2044,1.0086806487873,1.0090773037585,0.0195694716242661,40,0.000924919647605614,1.00362337833333,1.00732348859458,0.428838599051733,1.0056655207349,0.6169,0.9583,0.9631,0.000578074779753509,1647.64,21.3,13.4,64.5,8696.0903756,0.1543705445,10.1,0.106,60.558786965,4,0.391,0.0573218952,0.0155617731
2552,"-96.6163,28.4705",48057,"Texas, Calhoun",0.0627973358705994,3.06108251008766,0.0487454199712444,1051,1.00358490750837,1.0090773037585,0.00951474785918173,10,0.000463800380316312,1,1.00732348859458,0.428838599051733,1.0056655207349,0.6685,0.9548,0.5603,0.00115950095079078,1778.31,19,16.8,47.4,7461.448123,0.1400167443,9.4,0.135,62.997422665,4,0.307,0.0254626409,0.0082092667
2553,"-99.3733,32.2976",48059,"Texas, Callahan",0.206405693950178,4.14463341432042,0.0200800343004145,281,1.01340001830439,1.0090773037585,0.0355871886120996,10,0.00071459196798628,1,1.00732348859458,0.428838599051733,1.0056655207349,0.4194,0.4273,0.1035,,1349.59,18.5,20,13.3,8864.0044618,0.1545211131,7.9,0.134,89.559627321,3.7,0.348,0.0146491353,0.00800343
2554,"-97.4814,26.1452",48061,"Texas, Cameron",0.0526180792202558,3.38752748237825,0.0643795351821622,27291,1.00380522918197,1.0090773037585,0.0418819391008025,1143,0.00269633977183729,1.00176213640447,1.00732348859458,0.428838599051733,1.0056655207349,0.9567,0.9981,0.8596,0.00281193089066496,1293.93,28.6,12.8,456.8,6293.3182164,0.1318144455,9.3,0.105,277.00769512,5,0.308,0.003849892,0.0066641819
2555,"-94.9779,32.972",48063,"Texas, Camp",0.117878192534381,4.60369830430446,0.0390547072815162,509,1.00722067422929,1.0090773037585,0.0353634577603143,18,0.00138110949129134,1.02638809625704,1.00732348859458,0.428838599051733,1.0056655207349,0.7933,0.9118,0.6291,0.00191820762679352,1378.17,16.6,18,59,9970.3157442,0.1605153962,9.9,0.16,83.168700945,4,0.279,0.1590577764,0.0095910381
2556,"-101.3543,35.4037",48065,"Texas, Carson",0.328767123287671,7.99333888426311,0.0243130724396336,146,1.01784219175802,1.0090773037585,0.0273972602739726,4,0.000666111573688593,1.04195362743721,1.00732348859458,0.428838599051733,1.0056655207349,0.0223,0.3961,0.0083,,1885.32,11.4,17.5,6,6897.2213617,0.1255645187,7,0.08,29.849097244,3,0.276,0.0081598668,0.0176519567
2557,"-94.3465,33.075",48067,"Texas, Cass",0.0774907749077491,2.09170291178326,0.0269929280520602,813,1.00465406253889,1.0090773037585,0.050430504305043,41,0.00136126697433514,1.0187526821158,1.00732348859458,0.428838599051733,1.0056655207349,0.7879,0.4594,0.6819,0.00142767024137588,1383.4,15.4,21.5,29.4,9286.4839414,0.1548732341,9.9,0.203,41.966378686,4,0.373,0.1667718052,0.0066735283
2558,"-102.2617,34.5302",48069,"Texas, Castro",0.112380952380952,7.69732550554468,0.0684931506849315,525,1.00584875104734,1.0090773037585,0.020952380952381,11,0.00143509458577952,1.0465440871019,1.00732348859458,0.428838599051733,1.0056655207349,0.65,0.9869,0.6415,0.00221787345075016,1507.83,26.1,14.8,8.3,7874.7434244,0.1409309612,7.3,0.18,20.874940824,3,0.273,0.0208741031,0.018134377
2559,"-94.6715,29.7097",48071,"Texas, Chambers",0.1573756432247,8.6446506807368,0.0549300419277335,2332,1.01047176123298,1.0090773037585,0.00471698113207547,11,0.000259103971357234,1.01370885629547,1.00732348859458,0.428838599051733,1.0056655207349,0.3838,0.859,0.3317,0.000918641352993829,2482.62,14.3,10.9,68,7236.6790991,0.1499660843,9.9,0.079,101.00192518,5,0.28,0.0798275781,0.010317049
2560,"-95.1656,31.8373",48073,"Texas, Cherokee",0.033112582781457,1.14085792515972,0.0344539093398235,1812,1.00351792247301,1.0090773037585,0.0375275938189845,68,0.00129297231518102,1.01328364254971,1.00732348859458,0.428838599051733,1.0056655207349,0.7806,0.9115,0.9217,0.00188241557651354,1516.4,18.8,16.9,46.2,9637.5831389,0.1620793414,10,0.141,80.893033726,4,0.428,0.1391846669,0.0165234256
2561,"-100.2078,34.5293",48075,"Texas, Childress",0.22859830667921,33.3287614867645,0.145796187079962,1063,1.01725926288974,1.0090773037585,0.00282220131702728,3,0.000411466191194623,1.05963402266705,1.00732348859458,0.428838599051733,1.0056655207349,0.8169,0.8516,0.6737,0.00534906048553011,1325.68,17.1,13.2,8.7,8947.1663472,0.1598139869,7.5,0.128,164.62088023,3.7,0.243,0.1030037032,0.0097380332
2562,"-98.2077,33.7869",48077,"Texas, Clay",0.304824561403509,13.2938026013772,0.0436113236419281,456,1.01637253097414,1.0090773037585,0.0175438596491228,8,0.000765110941086458,1.01925902092718,1.00732348859458,0.428838599051733,1.0056655207349,0.4564,0.5282,0.1092,0.00239097169089518,1745.98,13.9,22.2,7.4,7851.4167999,0.148941154,8.6,0.156,59.837131384,3,0.318,0.0078423871,0.0135807192
2563,"-102.8284,33.6043",48079,"Texas, Cochran",0.0887573964497041,5.28913963328632,0.0595909732016925,169,1.00606149405306,1.0090773037585,0.029585798816568,5,0.00176304654442877,1,1.00732348859458,0.428838599051733,1.0056655207349,0.907,0.979,0.3598,0.00634696755994358,1367.22,28,15.2,3.8,13380.330243,0.1798533803,6.8,0.167,9.5798331132,3,0.252,0.0338504937,0.0296191819
2564,"-100.5298,31.8891",48081,"Texas, Coke",,,0.057566765578635,194,,1.0090773037585,0.0463917525773196,9,0.00267062314540059,1,1.00732348859458,0.428838599051733,1.0056655207349,0.5194,0.7641,0.4072,,1444.15,13,27.2,3.1,9055.7671045,0.1428247059,7.5,0.098,25.701334927,3,0.288,0.0059347181,0.0252225519
2565,"-99.4524,31.7674",48083,"Texas, Coleman",0.139423076923077,3.45361438609027,0.0247707514588544,208,1.01150029829051,1.0090773037585,0.0528846153846154,11,0.00130999166368941,1.0465440871019,1.00732348859458,0.428838599051733,1.0056655207349,0.5392,0.7217,0.1063,0.00392997499106824,1283.52,23,24,6.6,10395.594474,0.1573741241,7.8,0.178,55.171280012,3.7,0.251,0.0290579969,0.0144099083
2566,"-96.5726,33.1882",48085,"Texas, Collin",0.188650021683911,6.05882130556158,0.0321167273212051,32282,1.01424426270098,1.0090773037585,0.0092931045164488,300,0.000298464103722245,1.01146016575978,1.00732348859458,0.428838599051733,1.0056655207349,0.0309,0.9067,0.1713,0.00188231361414163,3201.25,10.4,10.4,1117.8,4191.532301,0.1150261434,10.9,0.088,315.07429368,5,0.279,0.1009186725,0.0069810754
2567,"-100.27,34.9649",48087,"Texas, Collingsworth",0.713235294117647,32.7481431465226,0.0459149223497637,136,1.12135765811483,1.0090773037585,0.0220588235294118,3,0.00101282916948008,1.05963402266705,1.00732348859458,0.428838599051733,1.0056655207349,0.8392,0.9042,0.5947,0.00540175557056043,1452.91,22.6,18.1,3.1,9806.2220673,0.1488668028,7.3,0.077,8.8107979058,3,0.291,0.049966239,0.0327481431
2568,"-96.5274,29.6221",48089,"Texas, Colorado",0.139841688654354,4.99599377857379,0.0357260687184805,758,1.0071747947212,1.0090773037585,0.0131926121372032,10,0.00047132016778998,1.05227402814137,1.00732348859458,0.428838599051733,1.0056655207349,0.3828,0.9204,0.7428,0.00485459772823679,1752.28,13.6,21.2,22.2,8144.3192512,0.1338759016,9.7,0.103,45.958958743,3.7,0.268,0.118065702,0.011123156
2569,"-98.2765,29.8081",48091,"Texas, Comal",0.121262002743484,2.97897865514615,0.0245664642488863,3645,1.00721953237743,1.0090773037585,0.0326474622770919,119,0.000802032714847041,1.00242429934629,1.00732348859458,0.428838599051733,1.0056655207349,0.0643,0.7947,0.3324,0.00180625855108409,2793.78,12.3,17.7,251.8,5752.0446589,0.1255823549,10.2,0.054,272.94111588,5,0.303,0.0219042548,0.0086808247
2570,"-98.5588,31.9485",48093,"Texas, Comanche",0.236842105263158,11.3048618294665,0.0477316388355253,646,1.01983994316797,1.0090773037585,0.021671826625387,14,0.00103443180138909,1.06515354727199,1.00732348859458,0.428838599051733,1.0056655207349,0.5166,0.852,0.5848,0.00184719964533767,1356.95,18.1,24.2,13.8,8214.6559849,0.1452276342,8.4,0.154,53.369941685,3,0.264,0.0048766071,0.0131520615
2571,"-99.8647,31.3264",48095,"Texas, Concho",0,0,0.0299345182413471,128,1.00112108186601,1.0090773037585,0.0234375,3,0.000701590271281572,1,1.00732348859458,0.428838599051733,1.0056655207349,0.5252,0.9777,0.4957,0.00374181478016838,1776.6,17.1,17.8,3,6740.0692016,0.129650064,7.5,0.053,102.95056448,3,0.28,0.0194106642,0.0063143124
2572,"-97.2124,33.6398",48097,"Texas, Cooke",0.331700489853044,11.6823581603983,0.0352195987578252,1429,1.02673743867441,1.0090773037585,0.0139958012596221,20,0.000492926504658156,1.04195362743721,1.00732348859458,0.428838599051733,1.0056655207349,0.4404,0.8138,0.5925,0.00192241336816681,1976.09,14.9,17.8,44.7,8290.5273356,0.145559134,9.8,0.077,133.24383343,4,0.241,0.0308571992,0.0138019421
2573,"-97.7994,31.3908",48099,"Texas, Coryell",0.0776173285198556,2.87402416853812,0.0370281253341889,2770,1.0063468680046,1.0090773037585,0.00794223826714801,22,0.000294086193989948,1.03751946033925,1.00732348859458,0.428838599051733,1.0056655207349,0.7067,0.7972,0.6734,0.000334188856806759,1657.94,9.9,9.3,62.7,7102.9750574,0.1621610131,9.5,0.101,123.10572883,4,0.422,0.1637659074,0.0114426265
2574,"-100.2785,34.0778",48101,"Texas, Cottle",0.236842105263158,12.9589632829374,0.05471562275018,76,1.01601628385513,1.0090773037585,0.0657894736842105,5,0.00359971202303816,1.03239118471,1.00732348859458,0.428838599051733,1.0056655207349,0.9583,0.8023,0.2111,,1253.46,13.6,21.6,1.6,12310.488335,0.1575920214,7.2,0.153,15.789989963,3,0.216,0.101511879,0.0043196544
2575,"-102.5143,31.4305",48103,"Texas, Crane",,,0.0477680433875678,229,,1.0090773037585,0.0393013100436681,9,0.00187734668335419,1.01696850489722,1.00732348859458,0.428838599051733,1.0056655207349,0.3589,0.9831,0.4559,0.00521485189820609,1763.02,16.1,12,6.1,7137.2753761,0.1309642299,7.1,0.081,111.46166175,3,0.254,0.0256570713,0.0146015853
2576,"-101.4134,30.7237",48105,"Texas, Crockett",0.00334448160535117,0.285795941697628,0.0854529865675907,299,1.0009592361427,1.0090773037585,0.0267558528428094,8,0.00228636753358102,1.01925902092718,1.00732348859458,0.428838599051733,1.0056655207349,0.6016,0.9398,0.3855,,1452.43,15.2,14.8,1.4,9709.0491715,0.1293194019,7.3,0.051,55.332698099,3,0.271,0.0057159188,0.0228636753
2577,"-101.3,33.6143",48107,"Texas, Crosby",0.102564102564103,3.46080636788372,0.0337428620868662,195,1.00911463123494,1.0090773037585,0.0820512820512821,16,0.00276864509430697,1,1.00732348859458,0.428838599051733,1.0056655207349,0.9169,0.9239,0.3502,0.00432600795985465,1290.78,20.4,18.1,6.2,10116.637016,0.155682498,7.6,0.049,38.87188891,3,0.286,0.0302820557,0.0115937013
2578,"-104.5186,31.4451",48109,"Texas, Culberson",0.0669456066945607,7.25952813067151,0.108439201451906,239,1.00675383683671,1.0090773037585,0.0125523012552301,3,0.00136116152450091,1,1.00732348859458,0.428838599051733,1.0056655207349,0.9554,0.9857,0.8844,0.00635208711433757,1236.64,20.7,19.1,0.6,7387.1778311,0.1854260678,5.9,0.154,95.835187351,3,0.35,0.0081669691,0.0226860254
2579,"-102.6021,36.2779",48111,"Texas, Dallam",0.0228310502283105,1.38888888888889,0.0608333333333333,438,1.00098232206083,1.0090773037585,0.0342465753424658,15,0.00208333333333333,1,1.00732348859458,0.428838599051733,1.0056655207349,0.5436,0.9631,0.2652,,1689.28,24.9,10.4,5.2,8131.0942451,0.1578433509,6,0.083,148.21235858,3.7,0.358,0.0175,0.0230555556
2580,"-96.778,32.7667",48113,"Texas, Dallas",0.143931162813932,8.73843531586506,0.0607126013923872,160146,1.01116358693149,1.0090773037585,0.0107901539844892,1728,0.000655098317822769,1.00107938065016,1.00732348859458,0.428838599051733,1.0056655207349,0.5599,0.9882,0.7081,0.00262949185903861,2113.48,21,10.2,3370.2,6851.485536,0.1489374664,10,0.081,759.89327563,5,0.3,0.2258557601,0.0108458957
2581,"-101.9477,32.7426",48115,"Texas, Dawson",0.0818394388152767,8.32078611617402,0.101672081781441,1283,1.00213367160295,1.0090773037585,0.0311769290724864,40,0.00316982328235201,1.01119961438567,1.00732348859458,0.428838599051733,1.0056655207349,0.8541,0.9557,0.8752,0.0017434028052936,1541.66,15.4,14.3,13.2,9352.9696022,0.1616455029,7.3,0.167,129.89559298,3.7,0.292,0.0514303828,0.0122830652
2582,"-102.6054,34.9652",48117,"Texas, Deaf Smith",0.233333333333333,20.5223880597015,0.087953091684435,1650,1.00593949886255,1.0090773037585,0.0272727272727273,45,0.00239872068230277,1.0133874519632,1.00732348859458,0.428838599051733,1.0056655207349,0.757,0.9901,0.6062,0.00223880597014925,1607.1,20.4,12.3,13,7893.8799532,0.1466727763,7,0.059,30.239252644,3,0.267,0.0101279318,0.0174307036
2583,"-95.6692,33.3857",48119,"Texas, Delta",0.264705882352941,3.36511497476164,0.0127126565713217,68,1.00869827228079,1.0090773037585,0.0294117647058824,2,0.000373901663862404,1,1.00732348859458,0.428838599051733,1.0056655207349,0.6854,0.3811,0.2942,,1373.76,15.2,20,15.8,13278.392887,0.1616786891,9.8,0.106,11.266493919,3,0.337,0.0631893812,0.0231819032
2584,"-97.1169,33.2052",48121,"Texas, Denton",0.221173793749582,7.69442090461246,0.0347890261959528,29886,1.01990796754158,1.0090773037585,0.00883356755671552,264,0.000307311213134295,1.01250777270301,1.00732348859458,0.428838599051733,1.0056655207349,0.0729,0.8876,0.3114,0.00123040891016269,2890.03,11.5,9.5,761.7,4350.0229759,0.1306965028,10.9,0.087,348.47871828,5,0.252,0.1009645381,0.0083870352
2585,"-97.3568,29.081",48123,"Texas, DeWitt",0.100746268656716,6.68747213553277,0.0663793530489919,1340,1.00389802768994,1.0090773037585,0.0343283582089552,46,0.0022786942091445,1,1.00732348859458,0.428838599051733,1.0056655207349,0.6258,0.8472,0.7685,0.00242730470104523,1639.8,13,19.2,22.3,8227.5986413,0.1526143149,9.6,0.153,84.17427627,3.7,0.266,0.0842126121,0.0095110715
2586,"-100.7789,33.6162",48125,"Texas, Dickens",0.108108108108108,3.55713650511338,0.0329035126722988,74,1.00592968512982,1.0090773037585,0.0810810810810811,6,0.00266785237883504,1.02638809625704,1.00732348859458,0.428838599051733,1.0056655207349,0.8478,0.6781,0.7373,,1358.64,18.8,23.1,2.5,7027.3112854,0.1539853165,7.1,0.055,10.002723029,3,0.237,0.0466874166,0.0222321032
2587,"-99.7565,28.4227",48127,"Texas, Dimmit",0.138888888888889,5.82072176949942,0.0419091967403958,432,1.01583853430855,1.0090773037585,0.0208333333333333,9,0.000873108265424913,1,1.00732348859458,0.428838599051733,1.0056655207349,0.9946,0.9904,0.9316,0.00465657741559953,1274.36,22.2,16.3,11.9,7765.6193071,0.1706846454,8.1,0.054,181.03438523,3,0.325,0.0108653473,0.0076639503
2588,"-100.814,34.9652",48129,"Texas, Donley",0.104838709677419,3.91684242241639,0.0373606507984333,124,1.00589704415087,1.0090773037585,0.0403225806451613,5,0.00150647785477553,1.1398522810476,1.00732348859458,0.428838599051733,1.0056655207349,0.4245,0.5161,0.5186,,1476.32,15.4,23.3,3.7,9622.5012535,0.1394319248,7,0.115,143.80089727,3,0.284,0.0566435673,0.0087375716
2589,"-98.5086,27.6818",48131,"Texas, Duval",0.0835777126099707,5.08383874420264,0.0608276846236176,682,1.00622681056214,1.0090773037585,0.0351906158357771,24,0.00214056368176953,1,1.00732348859458,0.428838599051733,1.0056655207349,0.9825,0.9809,0.8978,,1293.63,24.5,17.8,6.1,11679.20854,0.1574137098,8.5,0.114,69.387901673,3,0.259,0.0108811987,0.0088298252
2590,"-98.8324,32.3274",48133,"Texas, Eastland",0.174496644295302,4.25717716406506,0.0243968999017574,447,1.01312704443835,1.0090773037585,0.0268456375838926,12,0.000654950332933086,1.04195362743721,1.00732348859458,0.428838599051733,1.0056655207349,0.7086,0.759,0.8322,0.00283811810937671,1224.27,16.2,22.5,20.6,8286.9008684,0.1513046403,8.3,0.058,54.544684942,3.7,0.346,0.0179019758,0.0121711604
2591,"-102.5429,31.869",48135,"Texas, Ector",0.163792291018754,10.720189484592,0.065449902543732,10611,1.01210319247417,1.0090773037585,0.0157383846951277,167,0.00103007574449187,1.01449171209287,1.00732348859458,0.428838599051733,1.0056655207349,0.5901,0.9758,0.7224,0.00612494140287681,1710.71,21.5,9.5,179.8,9475.4037907,0.1422583166,7.8,0.077,241.19739857,4.3,0.323,0.0438799931,0.0144950778
2592,"-100.3043,29.982",48137,"Texas, Edwards",0.328671328671329,24.3775933609958,0.0741701244813278,143,1.0265933328618,1.0090773037585,0.013986013986014,2,0.00103734439834025,1,1.00732348859458,0.428838599051733,1.0056655207349,0.3519,0.9338,0.1812,,1459.08,12.3,27.7,0.9,9761.3668971,0.1252268909,7.3,0.118,0.0013002205,3,0.271,0.0046680498,0.0217842324
2593,"-96.7937,32.3489",48139,"Texas, Ellis",0.201897489297698,9.72491584743307,0.0481675917876012,8643,1.01283224622126,1.0090773037585,0.0159666782367234,138,0.000769076439510466,1.0119373450644,1.00732348859458,0.428838599051733,1.0056655207349,0.2592,0.8968,0.3617,0.00129851311888361,2374.62,15.2,12.3,164.2,6613.7860392,0.1313873244,10.5,0.125,119.1517333,5,0.38,0.1081555541,0.0086214583
2594,"-106.2363,31.7698",48141,"Texas, El Paso",0.0766512229285637,8.46141220184643,0.110388482773878,92810,1.00478177773234,1.0090773037585,0.0148044391768128,1374,0.00163423957904653,1.01558824430641,1.00732348859458,0.428838599051733,1.0056655207349,0.8825,0.9962,0.859,0.00222180460964986,1549.88,20.7,11.6,854.5,5971.6534035,0.1383605588,9.5,0.096,462.08116059,4.3,0.286,0.0305093737,0.0104453362
2595,"-98.2177,32.236",48143,"Texas, Erath",0.203923900118906,8.08085567544645,0.0396268199594779,1682,1.015146187793,1.0090773037585,0.0148632580261593,25,0.000588983649813881,1.01842967859905,1.00732348859458,0.428838599051733,1.0056655207349,0.5627,0.7838,0.9573,0.00230881590727041,1572.46,17.8,13.8,40.5,6740.2482632,0.1563634763,8.8,0.164,53.218834561,4,0.258,0.0176695095,0.0129576403
2596,"-96.9363,31.2535",48145,"Texas, Falls",0.0833333333333333,4.21113354485146,0.0505336025382175,876,1.0065272129305,1.0090773037585,0.0171232876712329,15,0.000865301413325642,1,1.00732348859458,0.428838599051733,1.0056655207349,0.9137,0.8819,0.9987,0.00207672339198154,1197.14,16.9,17.2,19.3,8178.5320195,0.1762154644,10,0.155,40.981872073,3,0.396,0.2305162965,0.0114796654
2597,"-96.1075,33.5956",48147,"Texas, Fannin",0.172185430463576,5.89468911182905,0.0342345406110072,1208,1.0138647967553,1.0090773037585,0.0372516556291391,45,0.00127529331746302,1.00990485606307,1.00732348859458,0.428838599051733,1.0056655207349,0.5032,0.7268,0.7281,0.00898373292523947,1579.56,16,18.9,34,10505.308843,0.155829239,10,0.068,10.427812237,4,0.302,0.0636796463,0.0137731678
2598,"-96.9208,29.8779",48149,"Texas, Fayette",0.172020725388601,6.54858179809854,0.0380685628624403,965,1.01309506706317,1.0090773037585,0.0310880829015544,30,0.00118347863821058,1.00485482547268,1.00732348859458,0.428838599051733,1.0056655207349,0.2713,0.7736,0.5861,0.00256420371612292,2068.28,10.8,24,26.7,6818.3971689,0.1301804675,9.6,0.161,40.055441365,3.7,0.219,0.0615014399,0.0122292793
2599,"-100.4019,32.7428",48151,"Texas, Fisher",0.173684210526316,8.59598853868195,0.0494920552227142,190,1.01348040623637,1.0090773037585,0.0263157894736842,5,0.0013024225058609,1.03239118471,1.00732348859458,0.428838599051733,1.0056655207349,0.5752,0.8542,0.0592,0.00364678301641052,1469.82,15.4,23,4,6278.189079,0.134463346,7.6,0.076,13.48652753,3,0.233,0.0354258922,0.0119822871
2600,"-101.3032,34.0723",48153,"Texas, Floyd",0.134883720930233,4.96830563645708,0.0368339900633887,215,1.01038507754155,1.0090773037585,0.0744186046511628,16,0.00274113414425218,1,1.00732348859458,0.428838599051733,1.0056655207349,0.8274,0.9602,0.2833,0.00428302210039404,1603.87,22.4,18.7,6,6898.0729721,0.1510574255,7.3,0.093,22.612262428,3,0.346,0.0322083262,0.0145622751
2601,"-99.7768,33.9731",48155,"Texas, Foard",0.111111111111111,3.33333333333333,0.03,36,1.00403251981126,1.0090773037585,0.111111111111111,4,0.00333333333333333,1,1.00732348859458,0.428838599051733,1.0056655207349,0.651,0.7482,0.1051,,1247.37,13.3,26.9,1.5,17695.599042,0.1258909843,7.5,0.076,10.608390498,3,0.284,0.0483333333,0.0066666667
2602,"-95.7722,29.527",48157,"Texas, Fort Bend",0.234915406497979,7.96590248496556,0.0339096639242097,26716,1.01320466513953,1.0090773037585,0.0132130558466836,353,0.000448050283172856,1.00328017373462,1.00732348859458,0.428838599051733,1.0056655207349,0.1787,0.9653,0.2248,0.00102810404920684,3198.04,11.1,10.1,721.1,4344.8546707,0.1172835573,11.7,0.076,132.51699245,5,0.291,0.2023943401,0.0060264667
2603,"-95.2192,33.1765",48159,"Texas, Franklin",0.0978260869565217,2.50789522571057,0.0256362623072636,276,1.01080415086078,1.0090773037585,0.0398550724637681,11,0.00102173509195616,1.01370885629547,1.00732348859458,0.428838599051733,1.0056655207349,0.4748,0.7437,0.1964,,1649.54,16.6,20.8,39.4,8661.3125642,0.142620969,9.9,0.137,14.156589174,4,0.369,0.0365966933,0.010681776
2604,"-96.1507,31.7042",48161,"Texas, Freestone",0.0805008944543828,2.27180936995153,0.0282209208400646,559,1.00362995502827,1.0090773037585,0.0339892665474061,19,0.000959208400646204,1.04459155226603,1.00732348859458,0.428838599051733,1.0056655207349,0.692,0.8465,0.7294,0.00186793214862682,1666.26,15.7,19.2,20.9,8472.0898112,0.1622594827,10,0.188,29.769129465,3.7,0.349,0.1522617124,0.01453958
2605,"-99.108,28.8675",48163,"Texas, Frio",0.12888198757764,8.37706903512313,0.0649979814291482,1288,1.00801487111213,1.0090773037585,0.0077639751552795,10,0.000504642712959225,1,1.00732348859458,0.428838599051733,1.0056655207349,0.9096,0.9943,0.9885,0.00111021396851029,1317.78,22,12.3,17.8,7777.0511524,0.1579262905,8.7,0.042,113.36248325,3.7,0.245,0.0299253129,0.0102947113
2606,"-102.6353,32.7406",48165,"Texas, Gaines",0.142071494042163,7.41591311420506,0.0521984594038563,1091,1.00686258229496,1.0090773037585,0.0210815765352887,23,0.00110042581694656,1.03563782609416,1.00732348859458,0.428838599051733,1.0056655207349,0.6939,0.9478,0.4171,0.00119611501842017,1904.73,31.7,8.7,14,6045.9551769,0.1490915758,7.4,0.055,92.646868774,3.7,0.34,0.0161236304,0.010430123
2607,"-94.9047,29.4017",48167,"Texas, Galveston",0.111413536563237,5.45147829175175,0.0489301251886709,16533,1.00891581224377,1.0090773037585,0.011794592632916,195,0.000577110894077954,1.00523617477221,1.00732348859458,0.428838599051733,1.0056655207349,0.3803,0.8991,0.6788,0.00175500902660629,2463.18,14.2,13.5,752.9,7620.0147596,0.1873102881,10.3,0.116,230.38018305,5,0.337,0.1264168812,0.0080321998
2608,"-101.2984,33.1797",48169,"Texas, Garza",0.08,2.12830647613256,0.026603830951657,175,1.00499633440173,1.0090773037585,0.0914285714285714,16,0.00243235025843721,1.00926242190831,1.00732348859458,0.428838599051733,1.0056655207349,0.742,0.9774,0.6781,,1548.14,17.5,12.4,6,5329.3382188,0.1432517094,7.1,0.052,96.025133607,3,0.226,0.0635451505,0.0089692916
2609,"-98.9468,30.3182",48171,"Texas, Gillespie",0.32,9.84927622742874,0.0307789882107148,825,1.00934400484003,1.0090773037585,0.0157575757575758,13,0.00048500223847187,1.02415191411056,1.00732348859458,0.428838599051733,1.0056655207349,0.229,0.8303,0.461,0.00320847634681391,2106.45,18.8,29,26.7,6814.2559511,0.1244642824,8.4,0.039,45.370078314,4,0.289,0.0041784808,0.011565438
2610,"-101.5208,31.8694",48173,"Texas, Glasscock",,,0.0187319884726225,26,,1.0090773037585,0.0384615384615385,1,0.000720461095100865,1,1.00732348859458,0.428838599051733,1.0056655207349,0.3073,0.9497,0.0774,,2608.34,20.3,12.1,1.9,,0.1507382841,7.2,0.109,47.105824825,3,0.239,0.015129683,0.0043227666
2611,"-97.4276,28.657",48175,"Texas, Goliad",0.0677083333333333,1.71413502109705,0.0253164556962025,192,1.00688203298065,1.0090773037585,0.0364583333333333,7,0.000922995780590717,1.02226578920968,1.00732348859458,0.428838599051733,1.0056655207349,0.5048,0.7644,0.4597,,1971.03,10.7,21.4,7.6,10023.851426,0.1427332713,9.3,0.08,76.868218056,3,0.28,0.0416666667,0.009757384
2612,"-97.4942,29.4563",48177,"Texas, Gonzales",0.0958605664488017,6.33823105733218,0.0661192739844425,1377,1.00584005534958,1.0090773037585,0.0174291938997821,24,0.00115240564678767,1,1.00732348859458,0.428838599051733,1.0056655207349,0.5904,0.9678,0.8762,0.00163257466628253,1649.87,19.9,16.1,20.8,8169.2753687,0.1577532251,9.7,0.235,83.383595606,3.7,0.305,0.0593488908,0.0173341016
2613,"-100.8129,35.4008",48179,"Texas, Gray",0.107734806629834,7.12491436401005,0.0661338205069651,1448,1.0056504369883,1.0090773037585,0.018646408839779,27,0.00123315825530943,1.01696850489722,1.00732348859458,0.428838599051733,1.0056655207349,0.6987,0.8733,0.8106,0.00525234071705869,1553.89,18.1,15.7,23.1,9880.1269075,0.1573595176,7.1,0.109,22.623828278,4,0.338,0.0464032884,0.0168531628
2614,"-96.6775,33.6274",48181,"Texas, Grayson",0.175475687103594,6.81389048518184,0.0388309662589278,5203,1.01239914618018,1.0090773037585,0.025369978858351,132,0.000985140793038338,1.01370885629547,1.00732348859458,0.428838599051733,1.0056655207349,0.4439,0.7666,0.6383,0.00344052958780814,1873.63,16.9,17.3,132.8,8890.5866767,0.14841122,10.2,0.13,107.13467406,5,0.304,0.0593920487,0.0178370189
2615,"-94.8159,32.4794",48183,"Texas, Gregg",0.0968556990454801,2.78884784207846,0.0287938435173434,3562,1.00557674747954,1.0090773037585,0.0356541268950028,127,0.00102661935056222,1.0117850676089,1.00732348859458,0.428838599051733,1.0056655207349,0.6073,0.9051,0.951,0.00554536121642268,1642.35,19,14.7,541.9,9482.8362776,0.1610961045,10.2,0.104,179.90299371,5,0.303,0.202308681,0.010128772
2616,"-95.989,30.5458",48185,"Texas, Grimes",0.0862068965517241,4.58392101551481,0.0531734837799718,1508,1.00551964824656,1.0090773037585,0.0271883289124668,41,0.00144569816643159,1,1.00732348859458,0.428838599051733,1.0056655207349,0.7162,0.894,0.9147,0.000881523272214386,1688.04,13.7,16.5,31,9113.5726427,0.1658932446,10.2,0.146,51.932881788,3.7,0.369,0.1497884344,0.0098377997
2617,"-97.9479,29.5817",48187,"Texas, Guadalupe",0.133116883116883,4.00747736630542,0.0301049519224895,4928,1.00823674447593,1.0090773037585,0.0186688311688312,92,0.000562024264786736,1.00801487111213,1.00732348859458,0.428838599051733,1.0056655207349,0.2191,0.8997,0.3989,0.000763619924981979,2105.91,11.5,13.4,193.6,6484.8701042,0.1343068479,10.4,0.101,126.91707429,5,0.338,0.0763864283,0.0096888096
2618,"-101.8268,34.0704",48189,"Texas, Hale",0.131217838765009,18.0904522613065,0.137865799586166,4664,1.00783613448504,1.0090773037585,0.023156089193825,108,0.00319243275199527,1.00819891621082,1.00732348859458,0.428838599051733,1.0056655207349,0.879,0.9698,0.8628,0.00201005025125628,1409.57,19.1,13.2,34.2,7300.5016337,0.1569203688,7.6,0.081,101.91840189,3.7,0.324,0.0492757907,0.017499261
2619,"-100.6814,34.5308",48191,"Texas, Hall",0.490445859872611,25.4293262879789,0.0518494055482166,157,1.02072482585786,1.0090773037585,0.0191082802547771,3,0.000990752972258917,1,1.00732348859458,0.428838599051733,1.0056655207349,0.9334,0.9357,0.3833,,1119.02,25.6,23.1,3.8,7024.2901879,0.1876249301,7,0.119,88.323928317,3,0.261,0.0828929987,0.0155217966
2620,"-98.1108,31.7047",48193,"Texas, Hamilton",0.127596439169139,5.06836397925507,0.0397218293257897,337,1.00652568363737,1.0090773037585,0.0356083086053412,12,0.00141442715700141,1.05963402266705,1.00732348859458,0.428838599051733,1.0056655207349,0.4417,0.7135,0.5049,0.00495049504950495,1728.36,17.5,25.2,10.2,10017.323538,0.1449390363,8.6,0.159,69.853347893,3.7,0.251,0.006718529,0.0186232909
2621,"-101.3546,36.2774",48195,"Texas, Hansford",0.112781954887218,5.49148819330038,0.0486911953139301,266,1.00492928398459,1.0090773037585,0.0413533834586466,11,0.00201354567087681,1.02908210240756,1.00732348859458,0.428838599051733,1.0056655207349,0.758,0.9589,0.199,0.00457624016108365,1552.95,19.7,15.6,5.9,7871.1777493,0.1633527614,7.1,0.064,7.2140986874,2.3,0.25,0.0062236866,0.0170236134
2622,"-99.7463,34.2894",48197,"Texas, Hardeman",0.294573643410853,9.6889342172361,0.0328913819479857,129,1.01281394389835,1.0090773037585,0.0465116279069767,6,0.00152983171851096,1.05963402266705,1.00732348859458,0.428838599051733,1.0056655207349,0.7366,0.872,0.2359,0.0114737378888322,1307.15,15.8,20.2,5.3,10278.727487,0.1498943642,7.6,0.086,158.34104842,3,0.324,0.0512493626,0.0124936257
2623,"-94.3893,30.3336",48199,"Texas, Hardin",0.0764774044032445,2.30740993235094,0.030171132903316,1726,1.00865131919863,1.0090773037585,0.026071842410197,45,0.000786617022392365,1.00990485606307,1.00732348859458,0.428838599051733,1.0056655207349,0.321,0.2748,0.277,,1770.42,14.8,16.3,51.9,9707.9220327,0.1411661929,9.6,0.077,114.01767331,5,0.373,0.0550457112,0.0061181324
2624,"-95.3934,29.8586",48201,"Texas, Harris",0.0808800131143747,3.57019796667915,0.0441419063771717,207406,1.005956153385,1.0090773037585,0.015187603058735,3150,0.000670409752312328,1.00382193757667,1.00732348859458,0.428838599051733,1.0056655207349,0.572,0.9876,0.6014,0.0026394989676754,2238.38,20.2,9.8,2876.3,6509.5602557,0.1385212166,12,0.1,615.93345368,5,0.277,0.1875389343,0.010624824
2625,"-94.3693,32.5494",48203,"Texas, Harrison",0.0615969581749049,1.21391961154572,0.0197074603602794,1315,1.00464796070831,1.0090773037585,0.0418250950570342,55,0.000824266402901418,1.02585601269049,1.00732348859458,0.428838599051733,1.0056655207349,0.6131,0.8373,0.7179,0.0022330126187693,1662.62,14.9,16,69.9,9277.5754832,0.155512299,10,0.145,90.405278702,4.3,0.442,0.2066360939,0.0120942361
2626,"-102.6029,35.8401",48205,"Texas, Hartley",0.209125475285171,9.78821854422495,0.0468054814023848,263,1.00054436645891,1.0090773037585,0,0,0,,1.00732348859458,0.428838599051733,1.0056655207349,0.4226,0.914,0.8927,0.00373731980779498,1924.21,16.9,14.3,3.6,4972.2793326,0.1313402421,5.9,0.044,33.529673858,3,0.299,0.0654920804,0.0071187044
2627,"-99.7304,33.1782",48207,"Texas, Haskell",0.142857142857143,2.75245140202993,0.0192671598142095,112,1.00926242190831,1.0090773037585,0.0446428571428571,5,0.000860141063134354,1,1.00732348859458,0.428838599051733,1.0056655207349,0.9401,0.9032,0.8048,0.00430070531567177,1404.88,19.3,21.7,6,8410.6064129,0.1570516007,7.8,0.103,32.754353689,2.3,0.267,0.0390504043,0.0106657492
2628,"-98.0294,30.0567",48209,"Texas, Hays",0.122852552218514,4.46478702426886,0.0363426476995567,8091,1.00815180455181,1.0090773037585,0.0132245705104437,107,0.000480615907039002,1.0013422915465,1.00732348859458,0.428838599051733,1.0056655207349,0.3818,0.9134,0.7845,0.00130260386019916,2249.95,14,10.4,298.9,5089.6614926,0.1414718491,10.3,0.08,299.41840932,5,0.3,0.0368861479,0.0123208358
2629,"-100.2704,35.8376",48211,"Texas, Hemphill",0.147766323024055,11.2418300653595,0.076078431372549,291,1.01022397506223,1.0090773037585,0.00343642611683849,1,0.000261437908496732,1,1.00732348859458,0.428838599051733,1.0056655207349,0.5732,0.9198,0.5912,0.00679738562091503,2006.32,26.9,13.3,5.5,7539.7466084,0.1389804577,6.9,0.082,141.44951454,3,0.318,0.0036601307,0.0177777778
2630,"-95.8585,32.2113",48213,"Texas, Henderson",0.143680922633349,3.63309396225957,0.0252858479446895,2081,1.01059506973577,1.0090773037585,0.0293128303700144,61,0.000741199771564661,1.01229239130416,1.00732348859458,0.428838599051733,1.0056655207349,0.6392,0.724,0.618,0.00142164546349287,1574,18.7,21.6,79.6,11016.889837,0.159909331,10.4,0.125,36.391684498,4.3,0.366,0.0619084071,0.0094654856
2631,"-98.183,26.3942",48215,"Texas, Hidalgo",0.0905347173576174,4.92528919473543,0.0544022153985442,47109,1.00533393865864,1.0090773037585,0.0450232439661211,2121,0.00244936421618613,1.00210558644117,1.00732348859458,0.428838599051733,1.0056655207349,0.9704,0.9987,0.8284,0.00203709499167955,1391.85,30.5,10.6,552.6,5609.148247,0.1456131714,9.4,0.111,248.9830114,5,0.344,0.00413655,0.0053456421
2632,"-97.1342,31.9905",48217,"Texas, Hill",0.195552648790059,8.22467954007812,0.0420586455410684,1529,1.02826211458528,1.0090773037585,0.0163505559189012,25,0.000687682235792485,1.01842967859905,1.00732348859458,0.428838599051733,1.0056655207349,0.735,0.8192,0.7676,0.00319084557407713,1479.42,16.2,20.4,33.8,9032.0711241,0.1477770912,10.1,0.102,50.048183837,4,0.324,0.0632117511,0.0095725367
2633,"-102.3432,33.6077",48219,"Texas, Hockley",0.134514435695538,8.92080069625761,0.0663185378590078,1524,1.00943914446928,1.0090773037585,0.0426509186351706,65,0.00282854656222802,1.01393184552831,1.00732348859458,0.428838599051733,1.0056655207349,0.7904,0.9386,0.8485,0.002088772845953,1615.28,18.4,13.8,25.8,8548.6238269,0.1467207342,7.5,0.072,54.572941601,3.7,0.286,0.0346823325,0.0135770235
2634,"-97.8324,32.4299",48221,"Texas, Hood",0.200197238658777,6.70664221880833,0.0335001734476436,2028,1.01462619099399,1.0090773037585,0.0281065088757396,57,0.000941572922345012,1.00511562357706,1.00732348859458,0.428838599051733,1.0056655207349,0.1624,0.6638,0.3929,0.00137106232551993,2156.13,15.3,24.3,126.5,7930.3227542,0.1296868042,9.6,0.072,54.541835653,5,0.289,0.009713068,0.0095809175
2635,"-95.5635,33.1488",48223,"Texas, Hopkins",0.142268041237113,3.74898125509372,0.0263515349089921,970,1.00868898784472,1.0090773037585,0.0618556701030928,60,0.00162999185004075,1.00990485606307,1.00732348859458,0.428838599051733,1.0056655207349,0.5758,0.8004,0.4483,0.0026079869600652,1617.5,18.4,17.9,45.7,8562.9069363,0.1654325065,10.1,0.098,80.512470938,4,0.309,0.0703341483,0.0098071176
2636,"-95.4223,31.3193",48225,"Texas, Houston",0.00860585197934595,0.215805602313436,0.0250766109888213,581,,1.0090773037585,0.0309810671256454,18,0.00077690016832837,1.00819891621082,1.00732348859458,0.428838599051733,1.0056655207349,0.743,0.83,0.958,0.00107902801156718,1186.96,15,21.1,17.8,9538.4271352,0.1782110144,9.8,0.115,13.890779501,3.7,0.247,0.2484785705,0.0066468126
2637,"-101.4356,32.3062",48227,"Texas, Howard",0.107829977628635,6.61016484270002,0.0613017361968238,2235,1.0007693805477,1.0090773037585,0.0210290827740492,47,0.00128911928467594,1.01278785792641,1.00732348859458,0.428838599051733,1.0056655207349,0.7793,0.9529,0.9557,0.00411421048300831,1655.5,17.4,12.5,36.7,10181.669124,0.1551063806,7.5,0.139,140.0939944,4,0.396,0.0599303327,0.016868263
2638,"-105.3882,31.4563",48229,"Texas, Hudspeth",0.157894736842105,10.0104275286757,0.0633993743482795,304,1.01442542854927,1.0090773037585,0.0164473684210526,5,0.00104275286757039,1.03239118471,1.00732348859458,0.428838599051733,1.0056655207349,0.9787,0.9965,0.794,,940.2,23.4,15.6,0.8,6097.7777836,0.1869634183,6.1,0.166,20.720969457,3,0.342,0.0279457769,0.0191866528
2639,"-96.0855,33.1235",48231,"Texas, Hunt",0.0977938755350675,3.07794347776523,0.0314737856632087,3037,1.00621992480678,1.0090773037585,0.0227197892657228,69,0.000715077777662628,1.01080415086078,1.00732348859458,0.428838599051733,1.0056655207349,0.6436,0.7736,0.9545,0.00198978164219166,1792.69,17,15.8,104.5,9083.446198,0.1581749675,10.4,0.148,106.82842632,5,0.33,0.0788658245,0.0118661457
2640,"-101.3547,35.8401",48233,"Texas, Hutchinson",0.143782383419689,5.23634305123125,0.0364185300500047,772,1.00921262850796,1.0090773037585,0.0414507772020725,32,0.00150957637512973,1.01416221482281,1.00732348859458,0.428838599051733,1.0056655207349,0.6223,0.7934,0.2022,0.0011793565430701,1673.34,17.3,15.7,25.6,9201.4234081,0.1546832887,7.1,0.11,8.791806144,4,0.307,0.0252854043,0.0220775545
2641,"-100.9824,31.3038",48235,"Texas, Irion",,,0.019053876478318,29,,1.0090773037585,0,0,0,,1.00732348859458,0.428838599051733,1.0056655207349,0.3554,0.3241,0.0694,,1905.99,13.9,19,2.2,,0.1258931088,7.3,0.068,47.18297821,3,0.252,0.0105124836,0.011826544
2642,"-98.1728,33.2338",48237,"Texas, Jack",0.153846153846154,5.20185457423951,0.0338120547325568,299,1.00890929706089,1.0090773037585,0.0234113712374582,7,0.000791586565645143,1.08322761045516,1.00732348859458,0.428838599051733,1.0056655207349,0.5309,0.7956,0.7892,0.00192242451656678,1728.82,17.4,17,9.2,9291.7780177,0.1548860503,8.6,0.064,51.054753849,3,0.328,0.0384484903,0.0114214633
2643,"-96.5775,28.9547",48239,"Texas, Jackson",0.103139013452915,6.18528976737932,0.0599704181793734,892,1.00691375945726,1.0090773037585,0.0190582959641256,17,0.00114293397875487,1.00869827228079,1.00732348859458,0.428838599051733,1.0056655207349,0.486,0.8965,0.6418,0.00168078526287482,1751.65,15.8,16.8,17.2,8575.9955553,0.1388305763,9.5,0.165,79.091316262,3.7,0.334,0.0587602528,0.0087400834
2644,"-94.0267,30.7469",48241,"Texas, Jasper",0.0453752181500873,0.724799286351472,0.0159734611953613,573,1.00354000013228,1.0090773037585,0.0680628272251309,39,0.00108719892952721,1.0075488835911,1.00732348859458,0.428838599051733,1.0056655207349,0.7446,0.5718,0.6711,0.00164473684210526,1355.43,16.7,19,37.3,10143.46523,0.1626237185,9.5,0.118,54.726609273,4,0.413,0.1578389831,0.007471008
2645,"-104.14,30.7149",48243,"Texas, Jeff Davis",0.04,1.33214920071048,0.033303730017762,75,1.00191941405457,1.0090773037585,0.0133333333333333,1,0.00044404973357016,1,1.00732348859458,0.428838599051733,1.0056655207349,0.4073,0.8844,0.1522,,1562.56,13.6,31.6,1.1,3553.7918005,0.1390712512,5.6,0.083,1.5203246705,3,0.266,0.006660746,0.0124333925
2646,"-94.1643,29.8833",48245,"Texas, Jefferson",0.126358114466593,5.79213414849354,0.0458390359253493,11689,1.0087167653496,1.0090773037585,0.0166823509282231,195,0.000764702883518104,1.00832932611687,1.00732348859458,0.428838599051733,1.0056655207349,0.6564,0.9452,0.8762,0.00494900019999922,1721.5,20.5,13.9,280.8,9534.5637641,0.1656707659,10,0.142,310.43063498,5,0.35,0.3314379159,0.0101803522
2647,"-98.6968,27.0445",48247,"Texas, Jim Hogg",0.151394422310757,7.24085365853659,0.047827743902439,251,1.01006918849542,1.0090773037585,0.0398406374501992,10,0.00190548780487805,1.03239118471,1.00732348859458,0.428838599051733,1.0056655207349,0.9838,0.9793,0.4919,,1260.35,18.8,17.6,5,8178.2090585,0.1488099559,8.1,0.086,39.792199867,3,0.245,0.0062881098,0.0062881098
2648,"-98.0905,27.731",48249,"Texas, Jim Wells",0.0750791497060154,4.06643476556759,0.0541619714859635,2211,1.00467361210752,1.0090773037585,0.026232473993668,58,0.00142080250845133,1.00502563202403,1.00732348859458,0.428838599051733,1.0056655207349,0.8395,0.9602,0.6746,0.0038949586007545,1449.97,18.4,14.6,50.9,9438.9097189,0.1520360221,9.1,0.131,75.218106673,3.7,0.322,0.0072999853,0.0101905835
2649,"-97.3662,32.3788",48251,"Texas, Johnson",0.250069348127601,10.5216472826372,0.0420749178634578,7210,1.01799017110082,1.0090773037585,0.0176144244105409,127,0.000741125460285596,1.0117850676089,1.00732348859458,0.428838599051733,1.0056655207349,0.3777,0.808,0.5431,0.000799481795741155,1983.62,16.1,13.7,201,7590.3317814,0.1450744418,10.5,0.122,101.51170479,5,0.389,0.0339867298,0.0098388782
2650,"-99.8786,32.74",48253,"Texas, Jones",0.0439429928741093,3.73416763384972,0.0849775445324721,1684,1.0023981366345,1.0090773037585,0.0106888361045131,18,0.000908311046071555,1.05963402266705,1.00732348859458,0.428838599051733,1.0056655207349,0.6828,0.8023,0.5712,0.00479386385426654,1340.49,13.9,14.9,15.9,9270.7122307,0.1607547441,8.1,0.133,30.187277898,3,0.379,0.1203512136,0.0141797447
2651,"-97.8596,28.9071",48255,"Texas, Karnes",0.0447619047619048,3.00319488817891,0.0670926517571885,1050,1.00358837106474,1.0090773037585,0.0180952380952381,19,0.00121405750798722,1,1.00732348859458,0.428838599051733,1.0056655207349,0.642,0.9691,0.9392,0.00159744408945687,1981.23,13.9,14,22.2,7144.3143431,0.1551364405,9.4,0.035,75.85374461,3.7,0.286,0.0844728435,0.0104792332
2652,"-96.2873,32.5991",48257,"Texas, Kaufman",0.201434159061278,9.6095535755936,0.0477056802102284,6136,1.01213971236618,1.0090773037585,0.0158083441981747,97,0.000754147812971342,1.01566469054408,1.00732348859458,0.428838599051733,1.0056655207349,0.5363,0.8523,0.3715,0.000707499494643218,2166.01,15.1,11.8,129.2,7519.204482,0.1487853389,10.6,0.095,84.454227674,5,0.358,0.1198473045,0.0101693334
2653,"-98.7114,29.9441",48259,"Texas, Kendall",0.230194319880419,3.37415919896584,0.0146578734032997,669,1.015914226793,1.0090773037585,0.0328849028400598,22,0.000482022742709406,1.03751946033925,1.00732348859458,0.428838599051733,1.0056655207349,0.043,0.7685,0.2455,,3099.84,9.2,18.8,60,5513.1962397,0.1196071676,9.2,0.063,156.68453063,5,0.234,0.0112618041,0.0074494424
2654,"-97.6641,26.926",48261,"Texas, Kenedy",0.153846153846154,4.52488687782806,0.0294117647058824,13,1,1.0090773037585,0.153846153846154,2,0.00452488687782805,1,1.00732348859458,0.428838599051733,1.0056655207349,0.5239,0.9975,0.2162,,982.28,21.5,22.9,0.5,,0.160713253,8.4,0.09,64.806498562,,0.237,0.020361991,0.0158371041
2655,"-100.7781,33.181",48263,"Texas, Kent",0.0384615384615385,1.37741046831956,0.0358126721763085,26,1,1.0090773037585,0.0384615384615385,1,0.00137741046831956,1,1.00732348859458,0.428838599051733,1.0056655207349,0.3586,0.5384,0.2818,,1621.64,5.5,30.3,0.9,,0.1304982839,7.1,0.07,6.0519894832,,0.26,0.0123966942,0.0165289256
2656,"-99.3493,30.0604",48265,"Texas, Kerr",0.238562091503268,5.57198740578189,0.0233565499475241,1224,1.01736972891271,1.0090773037585,0.0236928104575163,29,0.000553382310848202,1.02142923558558,1.00732348859458,0.428838599051733,1.0056655207349,0.3678,0.7997,0.7319,0.00667875202747829,1776.89,15.9,26.9,49.4,7992.8071939,0.13206663,8.5,0.208,99.005321387,4,0.244,0.0145787616,0.0114492892
2657,"-99.7486,30.4868",48267,"Texas, Kimble",0.0785714285714286,2.52177900045851,0.0320953690967446,140,1.00520889711624,1.0090773037585,0.0357142857142857,5,0.00114626318202659,1.03239118471,1.00732348859458,0.428838599051733,1.0056655207349,0.4997,0.8157,0.148,0.00343878954607978,1489.07,23,28.9,3.5,11407.464906,0.1399227408,7.5,0.075,16.106559311,3,0.306,0.005043558,0.0139844108
2658,"-100.2558,33.6164",48269,"Texas, King",0,0,0.0072202166064982,2,1,1.0090773037585,0,0,0,,1.00732348859458,0.428838599051733,1.0056655207349,0.4296,0.7326,0.0118,,2073.71,7.9,14.5,0.4,,0.1432232464,7.2,0.112,8.3488584033,,0.227,0,0.0144404332
2659,"-100.4187,29.3497",48271,"Texas, Kinney",0.138613861386139,3.71648526679055,0.0268117865675604,101,1.00727955742922,1.0090773037585,0.0297029702970297,3,0.000796389700026546,1.05963402266705,1.00732348859458,0.428838599051733,1.0056655207349,0.8806,0.9755,0.6246,,1236.81,14.6,20.4,2.6,5281.9188386,0.1363136934,7.6,0.056,21.526460602,3,0.271,0.0103530661,0.0146004778
2660,"-97.6989,27.4244",48273,"Texas, Kleberg",0.0736434108527132,3.05181663400687,0.0414404574512512,1290,1.00543173220706,1.0090773037585,0.0434108527131783,56,0.001798965594783,1.00257738798295,1.00732348859458,0.428838599051733,1.0056655207349,0.9328,0.9376,0.9879,0.0032124385621125,1476.86,17.3,12.8,37.1,9351.0866851,0.1504041304,9.1,0.058,66.498013228,4,0.34,0.0335057342,0.0091554499
2661,"-99.7423,33.6052",48275,"Texas, Knox",0.0615384615384615,2.18998083766767,0.0355871886120996,130,1.00561868495366,1.0090773037585,0.0769230769230769,10,0.00273747604708459,1,1.00732348859458,0.428838599051733,1.0056655207349,0.7083,0.9137,0.198,0.00766493293183685,1382.22,15.8,18.3,4.6,11713.9652,0.1459686771,7.8,0.075,5.914578015,3,0.248,0.0528332877,0.0136873802
2662,"-95.574,33.6698",48277,"Texas, Lamar",,,0.0321348133848134,1598,,1.0090773037585,0.0475594493116396,76,0.00152831402831403,1.00189396654323,1.00732348859458,0.428838599051733,1.0056655207349,0.6841,0.6539,0.6902,0.0074002574002574,1528.51,17.2,18.6,55.8,9637.4401558,0.1797348092,9.9,0.15,88.115431452,4.3,0.343,0.1310730373,0.0183598777
2663,"-102.3516,34.0686",48279,"Texas, Lamb",0.191140278917145,17.7078583371333,0.0926432588539292,1219,1.01037915722398,1.0090773037585,0.0467596390484003,57,0.00433196534427725,1.01601628385513,1.00732348859458,0.428838599051733,1.0056655207349,0.75,0.9682,0.5705,0.0056999544003648,1556.76,23,16.2,12.9,9657.2018492,0.1631604537,7.5,0.182,27.455682196,3,0.264,0.034123727,0.0171758626
2664,"-98.2421,31.1953",48281,"Texas, Lampasas",0.21,4.94606434594187,0.023552687361628,500,1.01516534655549,1.0090773037585,0.024,12,0.000565264496679071,1.01250777270301,1.00732348859458,0.428838599051733,1.0056655207349,0.4096,0.6329,0.4136,0.0011776343680814,1800.9,14.8,18.2,26,6657.886622,0.1428050267,9,0.057,84.935013559,4,0.3,0.0350935042,0.0129068727
2665,"-99.0991,28.3445",48283,"Texas, La Salle",0.109090909090909,6.37365555703094,0.0584251759394503,440,1.00496737642204,1.0090773037585,0.0318181818181818,14,0.00185898287080069,1,1.00732348859458,0.428838599051733,1.0056655207349,0.5592,0.9924,0.8867,,1234.51,25.1,14,6.7,7939.2092938,0.1449544563,8.2,0.091,47.710143683,3.7,0.295,0.0057097331,0.007568716
2666,"-96.9319,29.3851",48285,"Texas, Lavaca",0.0563573883161512,4.07757334659374,0.0723520636499254,1455,1.00118378881575,1.0090773037585,0.0323024054982818,47,0.00233714569865738,1.00946709896934,1.00732348859458,0.428838599051733,1.0056655207349,0.2869,0.7561,0.7424,0.00248632521133764,1896.01,11.2,22.8,18.9,6553.8721132,0.1280381271,9.6,0.19,26.99060466,3,0.355,0.058478369,0.0063649925
2667,"-96.9705,30.3112",48287,"Texas, Lee",0.107462686567164,2.09986000933271,0.019540363975735,335,1.00389802768994,1.0090773037585,0.0626865671641791,21,0.00122491833877741,1.01440033702014,1.00732348859458,0.428838599051733,1.0056655207349,0.4487,0.8583,0.6488,,1882.75,12.7,18.3,27.8,8047.590251,0.1487823401,9.7,0.155,81.115531483,3.7,0.411,0.1051096594,0.0113742417
2668,"-95.9936,31.2987",48289,"Texas, Leon",0.0933062880324544,2.6635784597568,0.0285466126230457,493,1.00684855616989,1.0090773037585,0.0385395537525355,19,0.00110017371163868,1.01601628385513,1.00732348859458,0.428838599051733,1.0056655207349,0.5908,0.8017,0.2655,,1680.73,18,23.9,17,11166.971052,0.1569202865,9.7,0.195,50.952790643,3.7,0.338,0.0686160973,0.0088592936
2669,"-94.8121,30.1515",48291,"Texas, Liberty",0.0790899241603467,2.53698319103831,0.0320771984291556,2769,1.00743934954411,1.0090773037585,0.0267244492596605,74,0.000857245461812032,1.01004419173263,1.00732348859458,0.428838599051733,1.0056655207349,0.7787,0.8755,0.9933,0.00157547814603292,1488.6,19,12.9,62,10088.850242,0.1668617231,10.3,0.197,65.105155945,4.3,0.338,0.0939263001,0.0117118265
2670,"-96.581,31.5455",48293,"Texas, Limestone",0.118568232662192,4.50699434499766,0.038011820230452,894,1.00757499468775,1.0090773037585,0.0223713646532438,20,0.000850376291508993,1,1.00732348859458,0.428838599051733,1.0056655207349,0.8892,0.914,0.9099,0.00335898635146052,1368.47,20.8,18.2,25,9744.6783384,0.1695034533,9.9,0.23,44.315835211,3.7,0.295,0.1665887155,0.012160381
2671,"-100.2733,36.2778",48295,"Texas, Lipscomb",0.248587570621469,13.1147540983607,0.0527570789865872,177,1.01184091681052,1.0090773037585,0.0338983050847458,6,0.00178837555886736,1.29170834209075,1.00732348859458,0.428838599051733,1.0056655207349,0.5067,0.8758,0.0965,,2019.78,19,15.3,3.3,7482.9728104,0.1391932273,7,0.057,8.8113087542,3,0.281,0.0083457526,0.0208643815
2672,"-98.1247,28.351",48297,"Texas, Live Oak",0.201851851851852,8.9593950353444,0.0443859937530824,540,1.01019143528591,1.0090773037585,0.0185185185185185,10,0.000821962847279303,1,1.00732348859458,0.428838599051733,1.0056655207349,0.5653,0.9252,0.6784,,1586.82,19.2,20,12.9,7364.5890513,0.145217772,9.2,0.145,100.20706463,3.7,0.287,0.0410981424,0.0122472464
2673,"-98.6848,30.7065",48299,"Texas, Llano",0.166666666666667,2.86427053497182,0.0171856232098309,372,1.0079259134456,1.0090773037585,0.0161290322580645,6,0.000277187471126305,1.02638809625704,1.00732348859458,0.428838599051733,1.0056655207349,0.4366,0.6301,0.3623,0.00138593735563153,2208.94,16.8,35.9,23.3,8687.7416983,0.1302391665,8.8,0.117,9.0484747992,3.7,0.265,0.0100249469,0.0094705719
2674,"-103.5819,31.8495",48301,"Texas, Loving",0,0,0.00657894736842105,1,1,1.0090773037585,0,0,0,,1.00732348859458,0.428838599051733,1.0056655207349,0.6201,0.8055,0.5721,,1271.69,10.8,24.5,0.6,,0.1434341959,6.6,0.045,0,,0.289,0.0460526316,0.0065789474
2675,"-101.8205,33.6101",48303,"Texas, Lubbock",0.121425222691045,14.3227980690409,0.117955707649669,36261,1.00736685049334,1.0090773037585,0.0126582278481013,459,0.00149311022341353,1.01912313783247,1.00732348859458,0.428838599051733,1.0056655207349,0.5318,0.8574,0.8555,0.00408572209282656,1745.49,13.5,12,354.7,8347.4807303,0.1461825329,8.2,0.079,480.79966967,5,0.347,0.0701924453,0.011212965
2676,"-101.8163,33.1766",48305,"Texas, Lynn",0.19392523364486,14.1228517951336,0.0728262719074358,428,1.00650794805347,1.0090773037585,0.0257009345794393,11,0.00187170324995746,1.01370885629547,1.00732348859458,0.428838599051733,1.0056655207349,0.8344,0.8873,0.4288,0.00408371618172537,1711.96,17.5,16.8,5.8,9192.8290557,0.1565979177,7.4,0.159,29.699654117,2.3,0.285,0.022460439,0.0185468777
2677,"-99.3468,31.1925",48307,"Texas, McCulloch",0.139751552795031,5.63415550269187,0.0403155127081507,322,1.01708135094193,1.0090773037585,0.0279503105590062,9,0.00112683110053837,1.03655432261531,1.00732348859458,0.428838599051733,1.0056655207349,0.5529,0.7635,0.3072,0.00313008639038437,1530.15,18.4,22.1,8.1,8463.9811174,0.144333647,7.8,0.131,119.47641951,3.7,0.35,0.0177788907,0.0118943283
2678,"-97.2022,31.5526",48309,"Texas, McLennan",0.137950104461104,8.81751090896951,0.063918116941011,16274,1.01083021823813,1.0090773037585,0.0137028388841096,223,0.000875859658218352,1.00999731279564,1.00732348859458,0.428838599051733,1.0056655207349,0.6318,0.9179,0.8984,0.00243119788536843,1760.78,15.1,13.9,251.1,7298.8494537,0.1574462012,10.4,0.098,337.57565762,5,0.328,0.1402435911,0.0113272612
2679,"-98.5677,28.3525",48311,"Texas, McMullen",0.121212121212121,5.34045393858478,0.0440587449933244,33,1.01370885629547,1.0090773037585,0.0303030303030303,1,0.00133511348464619,1,1.00732348859458,0.428838599051733,1.0056655207349,0.457,0.9179,0.3091,,1913.71,12.2,20.7,1.7,,0.1227931554,8.5,0.11,84.419813469,,0.264,0.0240320427,0.0066755674
2680,"-95.93,30.9669",48313,"Texas, Madison",0.0291153415453527,1.8028012758286,0.0619192899736514,893,1.00225993312103,1.0090773037585,0.0179171332586786,16,0.00110941616974067,1.00926242190831,1.00732348859458,0.428838599051733,1.0056655207349,0.635,0.9207,0.9621,0.0017334627652198,1516.56,14.3,14.6,28.3,9957.1443107,0.1619706101,9.8,0.133,61.082142955,4,0.27,0.1922063514,0.0119955623
2681,"-94.3566,32.7987",48315,"Texas, Marion",0.0366492146596859,0.705076551168413,0.0192385173247381,191,1.00302811997681,1.0090773037585,0.0890052356020942,17,0.00171232876712329,1,1.00732348859458,0.428838599051733,1.0056655207349,0.7889,0.7488,0.3515,,1447.09,12.4,25.2,21.5,12439.00288,0.1699087697,9.9,0.181,69.552738045,3,0.402,0.2105157131,0.0124899275
2682,"-101.9514,32.306",48317,"Texas, Martin",0.113553113553114,5.38849296019468,0.0474535025204241,273,1.01035864427763,1.0090773037585,0.0402930402930403,11,0.00191204588910134,1.0465440871019,1.00732348859458,0.428838599051733,1.0056655207349,0.3615,0.9032,0.2219,0.00312880236398401,1768.3,12.6,11.7,5.8,11636.015796,0.1353934553,7.5,0.042,37.278965765,3,0.358,0.0182513471,0.0137319659
2683,"-99.2263,30.7178",48319,"Texas, Mason",0.0839160839160839,2.80373831775701,0.033411214953271,143,1.00509736833042,1.0090773037585,0.013986013986014,2,0.000467289719626168,1,1.00732348859458,0.428838599051733,1.0056655207349,0.5264,0.8386,0.0191,,1566.18,20.3,25.1,4.3,6318.484068,0.1227082326,7.8,0.121,15.684213644,3,0.259,0.0046728972,0.0074766355
2684,"-96.0123,28.8196",48321,"Texas, Matagorda",0.101671309192201,3.99430947690961,0.039286495950974,1436,1.00727016338467,1.0090773037585,0.0445682451253482,64,0.00175093018165901,1.00225229790198,1.00732348859458,0.428838599051733,1.0056655207349,0.8185,0.9567,0.7666,0.00205187130663165,1555.36,19.6,16.1,33.6,9897.3777015,0.1611490721,9.8,0.098,87.14123112,3.7,0.377,0.1033595973,0.0138159335
2685,"-100.3158,28.7429",48323,"Texas, Maverick",0.10469649155374,9.64349833290587,0.0921090878002907,5387,1.00714801434499,1.0090773037585,0.0335994059773529,181,0.00309481063520561,1.00239049282176,1.00732348859458,0.428838599051733,1.0056655207349,0.9917,0.9997,0.6157,0.00172693853124733,1308.39,30.1,11.4,43.8,6969.6877604,0.1661157805,8.2,0.165,178.13506519,3.7,0.383,0.0024792682,0.0175942549
2686,"-99.1103,29.3557",48325,"Texas, Medina",0.158290005777007,5.3808841146089,0.0339938335853577,1731,1.00986914135284,1.0090773037585,0.0306181398035817,53,0.00104082794917617,1.00835887163168,1.00732348859458,0.428838599051733,1.0056655207349,0.3994,0.8978,0.8004,0.000490956579800082,1966.71,13.3,16.1,31.8,6910.1292328,0.1320208764,9.4,0.126,75.498373246,4,0.338,0.0247834881,0.0106243004
2687,"-99.8205,30.8899",48327,"Texas, Menard",0.0588235294117647,3.27255726975222,0.0556334735857878,119,1.00120627963441,1.0090773037585,0.0252100840336134,3,0.00140252454417952,1,1.00732348859458,0.428838599051733,1.0056655207349,0.4131,0.9188,0.5174,,1332.35,31.4,26.6,2.3,18089.70255,0.1186928428,7.4,0.138,42.37108126,3,0.335,0.0130902291,0.0163627863
2688,"-102.0316,31.869",48329,"Texas, Midland",0.150397010742644,7.4632919607366,0.0496239381612952,8564,1.00782946474715,1.0090773037585,0.0180990191499299,155,0.000898144607076221,1.0046952487017,1.00732348859458,0.428838599051733,1.0056655207349,0.2182,0.9478,0.5559,0.00271181726523659,2518.74,17.5,10.2,204.6,7022.2760316,0.1250405285,7.9,0.064,283.69384715,4.3,0.345,0.0604190569,0.0114441006
2689,"-96.9772,30.7858",48331,"Texas, Milam",0.131614654002714,3.859774780152,0.0293263300306395,737,1.00945820514281,1.0090773037585,0.0135685210312076,10,0.000397914925788866,1.01516534655549,1.00732348859458,0.428838599051733,1.0056655207349,0.5697,0.8252,0.5829,0.00139270224026103,1478.7,13.4,19.7,23.9,9286.063093,0.1529233977,9.9,0.139,76.068194996,3.7,0.354,0.0869046198,0.0124945287
2690,"-98.5927,31.4956",48333,"Texas, Mills",0.216216216216216,8.12842918106076,0.037593984962406,185,1.00797014400208,1.0090773037585,0.0432432432432432,8,0.00162568583621215,1.01925902092718,1.00732348859458,0.428838599051733,1.0056655207349,0.5583,0.7816,0.4164,,1639.56,20.7,28.8,6.4,9012.9631651,0.1354315588,8.2,0.066,60.282226305,3,0.297,0.0083316399,0.009754115
2691,"-100.9212,32.3062",48335,"Texas, Mitchell",0.144303797468354,6.99815837937385,0.0484960098219767,395,1.00554596684635,1.0090773037585,0.0177215189873418,7,0.000859422958870473,1,1.00732348859458,0.428838599051733,1.0056655207349,0.6459,0.9245,0.6543,0.00306936771025169,1478.2,14.1,15.2,7.4,9902.5764188,0.1355322752,7.4,0.06,26.610161325,3,0.308,0.0909760589,0.0182934316
2692,"-97.725,33.6752",48337,"Texas, Montague",0.297684674751929,13.7783221065524,0.0462849561134926,907,1.01646893252495,1.0090773037585,0.0319735391400221,29,0.00147989385588896,1.03366890439586,1.00732348859458,0.428838599051733,1.0056655207349,0.4854,0.674,0.3292,0.00443968156766687,1629,19.5,21.8,20.4,10055.654117,0.1519165216,9.1,0.124,38.752438631,4,0.306,0.0055113288,0.0141865687
2693,"-95.5057,30.3008",48339,"Texas, Montgomery",0.176390707599787,6.15475737191691,0.0348927528874223,20619,1.01225357203265,1.0090773037585,0.0113002570444735,233,0.000394297076617168,1.01088164274783,1.00732348859458,0.428838599051733,1.0056655207349,0.228,0.8679,0.5221,0.00246731818758726,2870.81,14.3,12.5,513.1,5920.340345,0.1461074841,11.4,0.09,207.93613531,5,0.261,0.0511164699,0.0098845031
2694,"-101.893,35.8377",48341,"Texas, Moore",0.065864833906071,5.35257156155457,0.081265999534559,1746,1.00256247422484,1.0090773037585,0.0223367697594502,39,0.00181521992087503,1.01557919328246,1.00732348859458,0.428838599051733,1.0056655207349,0.7389,0.9866,0.4922,0.00116360251338143,1663.97,16.6,10.4,26.5,7754.6483734,0.1481254725,6.9,0.083,115.96656739,3.7,0.276,0.0334186642,0.017128229
2695,"-94.7326,33.113",48343,"Texas, Morris",0.0860927152317881,2.10713996271983,0.024475241105438,302,1.00531460843621,1.0090773037585,0.0264900662251656,8,0.000648350757759948,1,1.00732348859458,0.428838599051733,1.0056655207349,0.7089,0.7402,0.4015,,1390.48,14.5,21.2,48,12482.49636,0.1509097497,9.8,0.113,52.505751546,4,0.384,0.2214928276,0.0137774536
2696,"-100.7797,34.0741",48345,"Texas, Motley",0.285714285714286,6.48298217179903,0.0226904376012966,28,1.01064309218431,1.0090773037585,0.0714285714285714,2,0.00162074554294976,1,1.00732348859458,0.428838599051733,1.0056655207349,0.5334,0.5107,0.2073,,1541.52,20.4,29.2,1.2,17407.04383,0.1413227885,7,0.112,6.2039790358,,0.283,0.0235008104,0.0243111831
2697,"-94.618,31.6202",48347,"Texas, Nacogdoches",0.0800936768149883,2.60230402824489,0.0324907549725312,2135,1.0065940966775,1.0090773037585,0.0416861826697892,89,0.0013544155468643,1,1.00732348859458,0.428838599051733,1.0056655207349,0.8774,0.8933,0.999,0.00561549816621266,1693.95,18.9,13.7,67.9,8103.7712206,0.1703201134,9.9,0.151,47.045182313,3.3,0.356,0.1769871102,0.0088113101
2698,"-96.4743,32.0462",48349,"Texas, Navarro",0.107352941176471,4.41844043175628,0.041158075254716,2040,1.00661414931697,1.0090773037585,0.021078431372549,43,0.00086754766468274,1.00682720684153,1.00732348859458,0.428838599051733,1.0056655207349,0.8471,0.9312,0.8822,0.00326843538787451,1529.02,17.4,16.6,46,9241.3400053,0.1632852295,10.2,0.099,102.97681817,4,0.304,0.1275900333,0.0113991728
2699,"-93.7441,30.7855",48351,"Texas, Newton",0.0148514851485149,0.218245307725884,0.0146951840535428,202,1.00070922128459,1.0090773037585,0.0792079207920792,16,0.00116397497453805,1,1.00732348859458,0.428838599051733,1.0056655207349,0.8634,0.4387,0.3289,,1309.33,16.5,19.6,12.6,10057.391598,0.1531975598,9.5,0.123,9.1748718074,3,0.364,0.2015859159,0.0087298123
2700,"-100.406,32.3037",48353,"Texas, Nolan",0.217768147345612,13.6261948342485,0.062572029014982,923,1.00998303417735,1.0090773037585,0.0130010834236186,12,0.000813504169208867,1,1.00732348859458,0.428838599051733,1.0056655207349,0.7035,0.8956,0.8848,0.00576232119856281,1464.39,17.3,17.7,17.3,9814.3887182,0.1488702531,7.6,0.189,100.91394314,3.7,0.359,0.043386889,0.0121347705
2701,"-97.5433,27.7363",48355,"Texas, Nueces",0.0648357112802662,4.67889528383918,0.0721654037790016,26143,1.00412174611539,1.0090773037585,0.0195845924339211,512,0.0014133300208411,1.00310746446796,1.00732348859458,0.428838599051733,1.0056655207349,0.6175,0.9341,0.8742,0.00455191641477924,1894.02,17,13.7,452.1,7843.9145286,0.1439667947,9.9,0.131,517.14886745,5,0.327,0.0347894497,0.0085903965
2702,"-100.8158,36.2783",48357,"Texas, Ochiltree",0.251351351351351,18.6991052578667,0.0743942897355987,740,1.01516534655549,1.0090773037585,0.0121621621621622,9,0.000904795415703227,1.01696850489722,1.00732348859458,0.428838599051733,1.0056655207349,0.6417,0.9713,0.391,0.00251332059917563,1712.35,20.9,10,12.6,6706.0233058,0.146246514,7.1,0.187,73.975326669,3.7,0.244,0.005730371,0.0185985724
2703,"-102.6028,35.4043",48359,"Texas, Oldham",0.3,8.44673862036603,0.0281557954012201,60,1.00735452613864,1.0090773037585,0.0333333333333333,2,0.000938526513374003,1,1.00732348859458,0.428838599051733,1.0056655207349,0.4395,0.6549,0.5215,,1943.18,10.8,14.1,1.5,6239.5771761,0.1486941367,6.1,0.058,45.407839543,3,0.232,0.0305021117,0.0107930549
2704,"-93.8941,30.1188",48361,"Texas, Orange",0.145847400405132,5.16919542430479,0.0354424927009046,2962,1.02088455975008,1.0090773037585,0.0202565833896016,60,0.000717943808931221,1.01250777270301,1.00732348859458,0.428838599051733,1.0056655207349,0.422,0.5473,0.6078,0.000478629205954147,2083.73,15.4,15.4,202.9,10658.213693,0.1641941654,9.8,0.153,154.02726611,5,0.408,0.0851959987,0.0073948212
2705,"-98.3132,32.7531",48363,"Texas, Palo Pinto",0.222978080120937,10.2164502164502,0.0458181818181818,1323,1.01525063306941,1.0090773037585,0.0309901738473167,41,0.00141991341991342,1.0228608224892,1.00732348859458,0.428838599051733,1.0056655207349,0.7487,0.8147,0.7491,0.00256277056277056,1596.76,18.6,19.1,28.4,9445.5223174,0.159663053,9.1,0.107,51.081259893,4,0.321,0.0233419913,0.0112207792
2706,"-94.3055,32.164",48365,"Texas, Panola",0.0971524288107203,2.50561603594263,0.0257905650596164,597,1.00995665136857,1.0090773037585,0.0636515912897822,38,0.00164161050630724,1.00775379492937,1.00732348859458,0.428838599051733,1.0056655207349,0.5481,0.7052,0.6125,0.0021168135476067,1667.88,17.4,18,29,10291.611782,0.1584351004,10,0.16,18.736663564,4,0.372,0.1566874028,0.0070416451
2707,"-97.805,32.7776",48367,"Texas, Parker",0.250482439212659,9.38057830036641,0.0374500437230345,5182,1.01936343098989,1.0090773037585,0.0146661520648398,76,0.000549248036076924,1.0057699968369,1.00732348859458,0.428838599051733,1.0056655207349,0.2086,0.6367,0.3645,0.000715467836468624,2674.88,13.9,15.1,123.8,6627.2441242,0.1386153343,10,0.066,82.70785002,5,0.349,0.014265995,0.0095901598
2708,"-102.7845,34.5299",48369,"Texas, Parmer",0.072463768115942,5.57583130575831,0.0769464720194647,759,,1.0090773037585,0.0368906455862978,28,0.00283860502838605,1.01064309218431,1.00732348859458,0.428838599051733,1.0056655207349,0.6035,0.9841,0.5062,0.00253446877534469,1637.61,20.5,13,12.7,7609.18921,0.1476968546,7,0.09,92.883927118,3,0.402,0.0100364964,0.0165247364
2709,"-102.7241,30.781",48371,"Texas, Pecos",0.132608695652174,7.78408728386397,0.0586996745996299,920,1.00818049960046,1.0090773037585,0.0228260869565217,21,0.00133988387673068,1.01440033702014,1.00732348859458,0.428838599051733,1.0056655207349,0.629,0.9834,0.9691,0.00261596375933133,1505.91,20.3,12.6,3.3,6160.9004924,0.1384054638,7,0.109,64.142833016,3.7,0.462,0.0389204364,0.0141006827
2710,"-94.8277,30.7947",48373,"Texas, Polk",0.0794090489381348,1.71893426075833,0.021646579120945,1083,1.00677538949595,1.0090773037585,0.0424746075715605,46,0.000919429953428874,1.00968102958822,1.00732348859458,0.428838599051733,1.0056655207349,0.7583,0.8176,0.9319,0.0013191821070936,1569.85,18.4,18.6,41.8,10707.291292,0.1638905082,9.9,0.16,56.657835756,4,0.437,0.0981391537,0.0233455258
2711,"-101.894,35.4013",48375,"Texas, Potter",0.127980809933681,15.1611393420701,0.118464161540519,14174,1.0068564155948,1.0090773037585,0.018272894031325,259,0.00216468307033966,1.0196612226696,1.00732348859458,0.428838599051733,1.0056655207349,0.7312,0.9637,0.985,0.00744684407595614,1518.41,21.7,11.9,160.3,10383.566809,0.1758588372,7.5,0.106,359.56899962,5,0.368,0.1000016716,0.0134394223
2712,"-104.2408,29.9995",48377,"Texas, Presidio",0.0251046025104603,1.72711571675302,0.0687967760506621,478,1.00180616442585,1.0090773037585,0.0251046025104603,12,0.00172711571675302,1.01250777270301,1.00732348859458,0.428838599051733,1.0056655207349,0.9939,0.9978,0.7026,,1025.9,30,22.4,2,5107.1841383,0.1635750904,5.9,0.19,46.057118279,3,0.295,0.0094991364,0.0159758204
2713,"-95.7923,32.8711",48379,"Texas, Rains",0.2,3.37198782794638,0.0168599391397319,205,1.01091426025064,1.0090773037585,0.0487804878048781,10,0.000822436055596677,1.01516534655549,1.00732348859458,0.428838599051733,1.0056655207349,0.4669,0.4394,0.2964,,1443,20.1,24.6,39.2,8895.393308,0.1430319782,10,0.263,37.967760084,4,0.308,0.0240151328,0.0113496176
2714,"-101.8971,34.9659",48381,"Texas, Randall",0.17217598097503,15.9388277770032,0.0925728878484784,12615,1.00885543491638,1.0090773037585,0.011097899326199,140,0.00102736458967792,1.01516534655549,1.00732348859458,0.428838599051733,1.0056655207349,0.0847,0.7004,0.39,2.93532739907977e-05,2161.3,10.7,14.3,117.8,6820.8122146,0.132711095,7.5,0.088,155.21144974,5,0.272,0.0311658387,0.0097012571
2715,"-101.5233,31.3661",48383,"Texas, Reagan",,,0.0601443464314354,225,,1.0090773037585,0.0266666666666667,6,0.00160384923817161,1,1.00732348859458,0.428838599051733,1.0056655207349,0.5815,0.9885,0.0659,0.00187115744453355,1639.14,24.7,9.3,3.7,7244.5332374,0.1499901075,7.2,0.063,52.269220063,2.3,0.283,0.0248596632,0.0114942529
2716,"-99.8202,29.8332",48385,"Texas, Real",0.120805369127517,5.17538815411156,0.042840713053479,149,1.00488805150283,1.0090773037585,0.0671140939597315,10,0.00287521564117309,1,1.00732348859458,0.428838599051733,1.0056655207349,0.6411,0.7074,0.4387,,1285.51,27.6,33,4.6,9871.3506384,0.1484264572,7.5,0.1,6.2421230554,3,0.256,0.0089131685,0.017826337
2717,"-95.0484,33.6189",48387,"Texas, Red River",0.110671936758893,2.29979466119097,0.0207802874743326,253,1.00401632286469,1.0090773037585,0.075098814229249,19,0.0015605749486653,1.00775379492937,1.00732348859458,0.428838599051733,1.0056655207349,0.8143,0.3496,0.2983,,1097.15,14.5,23.6,10.2,11536.575474,0.1697087119,9.8,0.186,37.956838528,3,0.394,0.1633675565,0.0159342916
2718,"-103.6904,31.3232",48389,"Texas, Reeves",0.0841121495327103,4.01401720293087,0.0477222045237337,749,1.00019087614921,1.0090773037585,0.0267022696929239,20,0.00127429117553361,1.02348860217202,1.00732348859458,0.428838599051733,1.0056655207349,0.7831,0.9946,0.9112,0.00159286396941701,1421.57,20.5,12.1,5.5,8348.5660301,0.1462975402,6.7,0.072,165.99387297,3.7,0.283,0.0460019114,0.0091111819
2719,"-97.1577,28.3239",48391,"Texas, Refugio",0.0611702127659574,3.2707622298066,0.0534698521046644,376,1.00346703851313,1.0090773037585,0.0425531914893617,16,0.00227531285551763,1,1.00732348859458,0.428838599051733,1.0056655207349,0.8465,0.887,0.5508,0.00284414106939704,1480.43,15.9,21.4,9,8973.2635964,0.1395636887,9.3,0.105,119.51388869,3.7,0.217,0.0536120592,0.010523322
2720,"-100.8132,35.8381",48393,"Texas, Roberts",0.09375,3.32225913621262,0.035437430786268,32,1.00926242190831,1.0090773037585,0.03125,1,0.00110741971207087,1,1.00732348859458,0.428838599051733,1.0056655207349,0.1404,0.2496,0.0022,,2184.66,8.2,22.6,0.8,,0.1258810562,6.8,0.061,37.812910972,,0.232,0.0033222591,0.0099667774
2721,"-96.5127,31.0254",48395,"Texas, Robertson",0.13013698630137,4.39713029391345,0.0337884748900717,584,1.00834407271275,1.0090773037585,0.0154109589041096,9,0.000520712797963434,1,1.00732348859458,0.428838599051733,1.0056655207349,0.5952,0.8529,0.7141,,1406.02,15,18.9,19.2,10509.181649,0.1472178451,9.8,0.16,93.148095067,3.7,0.366,0.1920851655,0.010182828
2722,"-96.4077,32.8978",48397,"Texas, Rockwall",0.229938271604938,8.88164757542943,0.0386262256971696,3888,1.01348557236308,1.0090773037585,0.0108024691358025,42,0.000417258610926215,1.01064309218431,1.00732348859458,0.428838599051733,1.0056655207349,0.0704,0.78,0.1105,0.00168890390136801,3043.98,11.2,11.8,604.5,4692.0152617,0.127679173,10.5,0.147,171.959909,5,0.249,0.06466515,0.0083352375
2723,"-99.9762,31.8314",48399,"Texas, Runnels",0.225321888412017,10.2599179206566,0.0455344928669142,466,1.02024485502233,1.0090773037585,0.0278969957081545,13,0.0012702755520813,1.02415191411056,1.00732348859458,0.428838599051733,1.0056655207349,0.5637,0.7501,0.1089,0.00488567520031268,1525.24,15.6,20.6,9.6,7075.579089,0.1501609459,7.8,0.144,58.178778266,3,0.29,0.0192495603,0.0164158687
2724,"-94.7618,32.1077",48401,"Texas, Rusk",0.10759027266028,2.68135904499541,0.0249219467401286,1357,1.01030798462348,1.0090773037585,0.0287398673544584,39,0.000716253443526171,1.01150029829051,1.00732348859458,0.428838599051733,1.0056655207349,0.6462,0.8666,0.7803,0.00176308539944904,1638.87,19.3,16.1,49.6,8624.0482359,0.1674560402,10.2,0.155,48.454819835,4,0.388,0.1716620753,0.0103030303
2725,"-93.8544,31.3432",48403,"Texas, Sabine",0.0962962962962963,1.22768911134196,0.0127490792331665,135,1.00990485606307,1.0090773037585,0.0814814814814815,11,0.0010388138634432,1,1.00732348859458,0.428838599051733,1.0056655207349,0.7742,0.2853,0.2139,0.00236094059873454,1312.06,14.6,30.2,19.3,12162.23512,0.1600186728,9.2,0.086,7.2622545862,3,0.324,0.0672395883,0.0093493248
2726,"-94.17,31.3946",48405,"Texas, San Augustine",0.0645161290322581,2.1865889212828,0.0338921282798834,279,1.00576294241568,1.0090773037585,0.0681003584229391,19,0.00230806608357629,1.00775379492937,1.00732348859458,0.428838599051733,1.0056655207349,0.8949,0.6574,0.7819,0.0021865889212828,1276.47,15.4,25.6,14.4,13404.989672,0.1672179804,9.3,0.237,22.847218225,3,0.397,0.218537415,0.0076530612
2727,"-95.1626,30.5793",48407,"Texas, San Jacinto",0.041044776119403,0.383021692955883,0.00933180124656151,268,1.00378809579377,1.0090773037585,0.0597014925373134,16,0.000557122462481284,1.00926242190831,1.00732348859458,0.428838599051733,1.0056655207349,0.7452,0.78,0.269,,1523.23,19.6,22,36.8,10045.135546,0.1652846533,10,0.143,29.717051277,3,0.3,0.0929001706,0.0098541036
2728,"-97.5176,28.0088",48409,"Texas, San Patricio",0.0868089233753637,2.67591526766627,0.030825347943731,2062,1.00545158775418,1.0090773037585,0.0441319107662464,91,0.00136038150479123,1.00810584882869,1.00732348859458,0.428838599051733,1.0056655207349,0.6478,0.9494,0.625,0.00112119354790486,1829.8,17.4,14.4,90,8714.4732494,0.1514141934,9.7,0.104,95.378737809,4.3,0.403,0.0145904654,0.0101654882
2729,"-98.8176,31.1578",48411,"Texas, San Saba",0.0557275541795666,2.97324083250743,0.0533531549388834,323,1.00450284069738,1.0090773037585,0.0340557275541796,11,0.00181698050875454,1.02908210240756,1.00732348859458,0.428838599051733,1.0056655207349,0.5882,0.9058,0.6721,,1400.02,19,22.5,5.1,7928.45186,0.1579116238,8.1,0.062,50.336217408,3,0.254,0.0360092501,0.0140403039
2730,"-100.5385,30.8974",48413,"Texas, Schleicher",0.0364963503649635,1.72711571675302,0.0473229706390328,137,1,1.0090773037585,0.0364963503649635,5,0.00172711571675302,1.03239118471,1.00732348859458,0.428838599051733,1.0056655207349,0.772,0.9424,0.249,0.00483592400690846,1529.26,21.1,15.8,2.6,5462.436175,0.1199523909,7.3,0.062,56.501491505,3,0.236,0.0127806563,0.0107081174
2731,"-100.9163,32.7461",48415,"Texas, Scurry",0.105922551252847,11.0281038776236,0.104114787145737,1756,1.00582829532553,1.0090773037585,0.015375854214123,27,0.0016008537886873,1.01696850489722,1.00732348859458,0.428838599051733,1.0056655207349,0.5854,0.8892,0.71,0.00148227202656231,1796.69,15.3,15,18.6,7197.3507818,0.1465010075,7.5,0.084,43.994840431,3.7,0.296,0.0466026325,0.0135776118
2732,"-99.354,32.7359",48417,"Texas, Shackelford",0.1875,3.68890255149093,0.019674146941285,64,1.01168858951138,1.0090773037585,0,0,0,,1.00732348859458,0.428838599051733,1.0056655207349,0.7217,0.6323,0.3559,,1660.51,12.9,18.4,3.7,3371.7348148,0.1439825988,7.7,0.077,28.500321118,3,0.281,0.010144482,0.006762988
2733,"-94.1455,31.7921",48419,"Texas, Shelby",0.0338164251207729,0.826186167283028,0.0244315052325124,621,1.00279143370491,1.0090773037585,0.0628019323671498,39,0.00153434573923991,1.01150029829051,1.00732348859458,0.428838599051733,1.0056655207349,0.9175,0.9089,0.5294,,1391.28,24.4,16.8,32.9,10076.952162,0.1743908687,9.8,0.107,39.358019511,4,0.265,0.1719647494,0.0102289716
2734,"-101.8933,36.2775",48421,"Texas, Sherman",0.0326086956521739,0.974342318934719,0.029879831113998,92,1.00156251524715,1.0090773037585,0.0326086956521739,3,0.000974342318934719,1.05963402266705,1.00732348859458,0.428838599051733,1.0056655207349,0.4984,0.9363,0.2108,,1883.93,19.7,14.2,3,7276.3701105,0.1342590776,6.5,0.042,83.137367405,3,0.277,0.0123416694,0.0120168886
2735,"-95.2718,32.3747",48423,"Texas, Smith",0.116726835138387,3.3706742651626,0.0288766011788673,6648,1.01095085211416,1.0090773037585,0.032942238267148,219,0.000951259876379653,1.00533038426374,1.00732348859458,0.428838599051733,1.0056655207349,0.607,0.9096,0.7252,0.00448264928047398,1922.36,17.2,15.9,254.7,7397.8444914,0.1587164194,10.3,0.136,174.17229157,5,0.344,0.1721563194,0.0082833451
2736,"-97.774,32.2224",48425,"Texas, Somervell",0.204268292682927,7.43123336291038,0.036379769299024,328,1.01139020900599,1.0090773037585,0.0182926829268293,6,0.000665483584738243,1.02638809625704,1.00732348859458,0.428838599051733,1.0056655207349,0.4917,0.4365,0.6371,0.00177462289263532,2011.48,17.1,18,52,8676.1150867,0.1539277521,9.1,0.077,54.770029185,5,0.291,0.0108695652,0.0157497782
2737,"-98.7389,26.5615",48427,"Texas, Starr",0.0750285062713797,5.09879891514917,0.0679581557535839,4385,1.00776109096368,1.0090773037585,0.0442417331812999,194,0.00300658659434328,1.00222887039211,1.00732348859458,0.428838599051733,1.0056655207349,1,1,0.553,0.000743897714064316,1028.74,33.4,11.2,52.3,6696.7905373,0.1883008212,8.6,0.106,190.80348451,3.7,0.384,0.0012863231,0.0040604417
2738,"-98.8363,32.7355",48429,"Texas, Stephens",0.0812324929971989,3.07431357998516,0.0378458602777483,357,1.00573140984274,1.0090773037585,0.0280112044817927,10,0.00106010813102937,1.03239118471,1.00732348859458,0.428838599051733,1.0056655207349,0.8411,0.7552,0.6285,0.00424043252411746,1602.25,20.9,19.1,9.9,9721.62801,0.1614365231,8,0.081,111.26968412,3,0.307,0.025548606,0.0133573625
2739,"-101.0501,31.8278",48431,"Texas, Sterling",0.177777777777778,6.1022120518688,0.034324942791762,45,1.0133874519632,1.0090773037585,0.0222222222222222,1,0.0007627765064836,1,1.00732348859458,0.428838599051733,1.0056655207349,0.1898,0.5619,0.3578,,1402.87,20.2,13.9,1.5,,0.1525965254,7.2,0.107,150.96074753,3,0.249,0.0183066362,0.0205949657
2740,"-100.2538,33.1791",48433,"Texas, Stonewall",0.242424242424242,5.87371512481645,0.0242290748898678,33,1.00897148424402,1.0090773037585,0.0909090909090909,3,0.00220264317180617,1.05963402266705,1.00732348859458,0.428838599051733,1.0056655207349,0.257,0.3613,0.3629,0.0146842878120411,1723.42,14.8,26.9,1.6,7193.1167747,0.134680195,7.4,0.075,18.669963467,3,0.269,0.0308370044,0.016886931
2741,"-100.5382,30.4986",48435,"Texas, Sutton",0.0826446280991736,5.32197977647685,0.0643959552953699,242,1.0066678482933,1.0090773037585,0.0206611570247934,5,0.00133049494411921,1.03239118471,1.00732348859458,0.428838599051733,1.0056655207349,0.4621,0.9647,0.3117,0.00319318786588611,1925.75,17.6,16.9,2.9,5827.8599537,0.1157309879,7.3,0.081,72.587236307,3,0.326,0.0047897818,0.0111761575
2742,"-101.7349,34.5303",48437,"Texas, Swisher",0.129337539432177,5.49450549450549,0.0424819083355669,317,1.00647357334992,1.0090773037585,0.0347003154574132,11,0.00147413562047708,1.01370885629547,1.00732348859458,0.428838599051733,1.0056655207349,0.9108,0.9373,0.7211,0.00268024658268561,1292.55,18.9,17.9,7.5,9446.3333352,0.1679298083,7.3,0.065,36.7747434,3,0.242,0.0759849906,0.0168855535
2743,"-97.291,32.7714",48439,"Texas, Tarrant",0.18670901947672,10.7130643651996,0.0573783976544068,119630,1.01204148272929,1.0090773037585,0.00986374655186826,1180,0.000565965972015381,1.01021088795003,1.00732348859458,0.428838599051733,1.0056655207349,0.3793,0.9487,0.4464,0.00235643289873862,2293.61,16.3,10.7,2333.5,6413.3211171,0.1404899967,10.6,0.104,578.23960879,5,0.295,0.166984423,0.0088261914
2744,"-99.8901,32.3016",48441,"Texas, Taylor",0.177692858848818,5.40540540540541,0.0304199360650974,4187,1.01345662280862,1.0090773037585,0.0346310007165035,145,0.00105347282766638,1.01241711930475,1.00732348859458,0.428838599051733,1.0056655207349,0.4465,0.8274,0.7399,0.00547079337401918,1832.37,13.5,14,156,9392.4617427,0.1527775479,8.2,0.079,216.4862431,5,0.32,0.0734888114,0.0101714618
2745,"-102.0767,30.2243",48443,"Texas, Terrell",0.333333333333333,15.7958687727825,0.0473876063183475,39,1.05393640495762,1.0090773037585,0.0256410256410256,1,0.00121506682867558,1,1.00732348859458,0.428838599051733,1.0056655207349,0.7799,0.9615,0.0229,,1240.86,15.4,31.7,0.4,25879.664314,0.1464499162,7.2,0.11,36.944803843,,0.259,0.0097205346,0.035236938
2746,"-102.3355,33.174",48445,"Texas, Terry",0.201754385964912,18.7189712704484,0.0927809880361358,1140,1.01334100039277,1.0090773037585,0.0298245614035088,34,0.00276715227476194,1.02298367390423,1.00732348859458,0.428838599051733,1.0056655207349,0.9051,0.9669,0.95,0.00366240742247904,1413.28,22.4,15.2,13.6,9487.0021751,0.1577887293,7.3,0.06,119.94867075,3,0.344,0.0405306421,0.0126963457
2747,"-99.2123,33.1775",48447,"Texas, Throckmorton",0.115384615384615,1.98019801980198,0.0171617161716172,26,1.00561868495366,1.0090773037585,0.0769230769230769,2,0.00132013201320132,1,1.00732348859458,0.428838599051733,1.0056655207349,0.4885,0.3636,0.0337,0.00924092409240924,1345.65,17.4,24.9,1.8,11022.153431,0.1373739159,7.7,0.065,19.990039041,3,0.255,0.0092409241,0.0118811881
2748,"-94.968,33.2134",48449,"Texas, Titus",0.0652060511215441,3.7840946931856,0.0580328762146944,1917,1.00455307412843,1.0090773037585,0.0219092331768388,42,0.00127145581691036,1.00344843960223,1.00732348859458,0.428838599051733,1.0056655207349,0.8532,0.9618,0.596,0.00496473223745951,1561.76,18.2,13.7,87.4,7248.690596,0.1619737819,10,0.113,84.548068222,5,0.31,0.0904549995,0.0240668422
2749,"-100.4624,31.4046",48451,"Texas, Tom Green",0.14009251392429,12.5561600487355,0.0896276303209266,10593,1.01054562625072,1.0090773037585,0.0142546964976872,151,0.00127761466803171,1.01399689641205,1.00732348859458,0.428838599051733,1.0056655207349,0.3939,0.879,0.8851,0.0045181869717148,1814.44,15.1,14.9,77.6,7521.9746535,0.1414443587,8,0.123,181.39462159,4,0.291,0.0361116517,0.0112954674
2750,"-97.7854,30.3343",48453,"Texas, Travis",0.103579086260927,3.52034005395826,0.0339869773043773,42441,1.00774757620213,1.0090773037585,0.0118988713743785,505,0.000404406671348708,1.00315108456035,1.00732348859458,0.428838599051733,1.0056655207349,0.2277,0.9484,0.7386,0.00198599711870257,2668.2,13.5,9.2,1391.9,4617.7089197,0.1248149558,10.5,0.07,579.59688215,5,0.218,0.0798827301,0.0122130815
2751,"-95.1367,31.0879",48455,"Texas, Trinity",0.0578512396694215,0.949796472184532,0.0164179104477612,242,1.00542886496814,1.0090773037585,0.0371900826446281,9,0.000610583446404342,1,1.00732348859458,0.428838599051733,1.0056655207349,0.7965,0.7176,0.5027,0.00305291723202171,1243.73,20.3,26.6,21.7,12810.841982,0.1663206422,9.8,0.293,19.41079472,3.7,0.396,0.0919945726,0.0089552239
2752,"-94.3769,30.7703",48457,"Texas, Tyler",0.155124653739612,2.5811209439528,0.01663901179941,361,1.01512071801747,1.0090773037585,0.0193905817174515,7,0.0003226401179941,1.02226578920968,1.00732348859458,0.428838599051733,1.0056655207349,0.8076,0.6457,0.9675,0.0022584808259587,1389.4,15,21.4,21.2,10513.300563,0.1510116838,9.3,0.068,30.402277859,3.7,0.332,0.1076235251,0.0084347345
2753,"-94.94,32.7371",48459,"Texas, Upshur",0.0790273556231003,1.26030053320407,0.0159476490547746,658,1.00397025422768,1.0090773037585,0.0379939209726444,25,0.000605913717886573,1.01842967859905,1.00732348859458,0.428838599051733,1.0056655207349,0.6605,0.6087,0.4021,,1610.29,16.9,17.4,58.4,10484.97224,0.1519085237,10.1,0.182,49.914910911,4.3,0.308,0.0777993214,0.0105913718
2754,"-102.0423,31.3687",48461,"Texas, Upton",,,0.01934077907927,71,,1.0090773037585,0.0845070422535211,6,0.00163443203486788,1,1.00732348859458,0.428838599051733,1.0056655207349,0.5736,0.9663,0.411,0.0119858349223645,1674.92,12.9,15,3.3,7759.7012088,0.1440481828,7.3,0.071,18.478058147,3,0.24,0.0212476165,0.0261509126
2755,"-99.7623,29.3574",48463,"Texas, Uvalde",0.144048521607278,7.07740445503986,0.0491320867168293,1319,1.01204008289219,1.0090773037585,0.0295678544351782,39,0.00145273038813976,1,1.00732348859458,0.428838599051733,1.0056655207349,0.8242,0.9844,0.8364,0.000931237428294718,1384.97,21.3,16.8,17.7,6927.8503445,0.150154636,8.2,0.157,141.99219193,3.7,0.314,0.0064814125,0.0127020785
2756,"-101.1525,29.8915",48465,"Texas, Val Verde",0.178251121076233,12.924727686555,0.0725085351975289,3568,1.01121712342617,1.0090773037585,0.0400784753363229,143,0.00290603153958706,1,1.00732348859458,0.428838599051733,1.0056655207349,0.8535,0.9955,0.9373,0.0018899365956755,1449.41,18.6,14.1,15.4,6683.1362476,0.1577357773,8.1,0.083,137.22911002,3.7,0.252,0.013066981,0.0097951553
2757,"-95.8377,32.5648",48467,"Texas, Van Zandt",0.168421052631579,3.99864331744587,0.0237419446973348,1330,1.01662760621055,1.0090773037585,0.0368421052631579,49,0.000874703225691283,1.03698676109846,1.00732348859458,0.428838599051733,1.0056655207349,0.5503,0.6094,0.3391,0.000928256484407076,1707.42,17.2,20.1,55.3,9124.7438661,0.1435133293,10.3,0.115,30.952181892,4.3,0.26,0.0268480337,0.0094610757
2758,"-96.9681,28.7978",48469,"Texas, Victoria",0.0760747663551402,4.42223067311349,0.0581300592166024,5350,1.00442993550185,1.0090773037585,0.0203738317757009,109,0.00118433204759059,1.00535536498488,1.00732348859458,0.428838599051733,1.0056655207349,0.542,0.9242,0.7466,0.00704079969576791,1881.06,15.8,15.4,110.3,7555.699888,0.1451170796,9.9,0.182,166.65673242,5,0.364,0.0573042864,0.009289944
2759,"-95.5744,30.7387",48471,"Texas, Walker",0.0576881835728072,3.71136865342163,0.0643349889624724,4663,1.00256901136892,1.0090773037585,0.0158696118378726,74,0.00102097130242826,1.00392180941666,1.00732348859458,0.428838599051733,1.0056655207349,0.7201,0.8895,0.9895,0.00169701986754967,1362.45,13.4,12.2,80,6787.5082386,0.172411001,10.1,0.158,144.54078622,4.3,0.359,0.228504415,0.0083609272
2760,"-95.9901,30.0106",48473,"Texas, Waller",0.156139105748758,4.14109852049844,0.0265218537062832,1409,1.01313459760241,1.0090773037585,0.0149041873669269,21,0.000395286676956669,1.01440033702014,1.00732348859458,0.428838599051733,1.0056655207349,0.7223,0.9586,0.9265,,1952.42,20,11.5,99.2,6656.7281307,0.1627770044,10.8,0.111,57.211520724,4,0.361,0.2356849753,0.0138915032
2761,"-103.0928,31.51",48475,"Texas, Ward",0.0663716814159292,2.55972696245734,0.0385665529010239,452,1.00255434499437,1.0090773037585,0.0154867256637168,7,0.000597269624573379,1.02226578920968,1.00732348859458,0.428838599051733,1.0056655207349,0.6309,0.9503,0.6116,0.00213310580204778,1709.58,17.7,13.8,13.1,10885.184804,0.1406802558,7.1,0.217,101.48691061,3.7,0.422,0.0392491468,0.0147610922
2762,"-96.4095,30.215",48477,"Texas, Washington",0.0893536121673004,2.67745243249402,0.0299646804147203,1052,1.00755627953094,1.0090773037585,0.0532319391634981,56,0.00159507804489005,1.00520889711624,1.00732348859458,0.428838599051733,1.0056655207349,0.4822,0.8494,0.8892,0.00170901219095363,1641.03,11.6,20.8,62.9,6929.2862698,0.1454190462,9.9,0.16,55.406527644,4,0.296,0.1672268429,0.0055542896
2763,"-99.3324,27.761",48479,"Texas, Webb",0.133934065934066,11.0434561994853,0.0824544235439092,22750,1.00966952923668,1.0090773037585,0.0180659340659341,411,0.00148961617918887,1.00752049153523,1.00732348859458,0.428838599051733,1.0056655207349,0.9035,0.9994,0.8497,0.00183393135442717,1485.56,28.1,9,84.3,6026.6208298,0.1842603164,8.4,0.065,401.64384035,4.3,0.378,0.0029393643,0.005824363
2764,"-96.2232,29.2777",48481,"Texas, Wharton",0.0894708128750682,3.9405079410846,0.0440423844878541,1833,1.00672390071492,1.0090773037585,0.03873431533006,71,0.00170595160864028,1,1.00732348859458,0.428838599051733,1.0056655207349,0.6739,0.9516,0.7615,0.00504577236358394,1675.4,18.2,16.3,36.8,8481.6959247,0.1544572042,10,0.151,61.971374133,4,0.367,0.1275138759,0.0077849059
2765,"-100.27,35.4011",48483,"Texas, Wheeler",0.169014084507042,9.24677326141399,0.0547100751300328,284,1.00618651102204,1.0090773037585,0.0246478873239437,7,0.00134848776728954,1.02226578920968,1.00732348859458,0.428838599051733,1.0056655207349,0.5892,0.8688,0.2194,0.00789828549412445,1623.09,19.7,18.5,7.1,10617.685573,0.1533099971,7.2,0.063,38.900741092,3,0.259,0.0265844731,0.0173376999
2766,"-98.7041,33.9884",48485,"Texas, Wichita",0.204805225099137,13.2965834746789,0.0649230676035861,8574,1.01424031760065,1.0090773037585,0.019827385117798,170,0.00128725466440514,1.02298367390423,1.00732348859458,0.428838599051733,1.0056655207349,0.6494,0.8061,0.8883,0.00296068572813182,1432.05,13.8,14.2,212,9254.2690537,0.1772533411,8.8,0.144,258.78107213,5,0.352,0.1056987521,0.0136221832
2767,"-99.2418,34.0795",48487,"Texas, Wilbarger",0.153225806451613,10.3744149765991,0.0677067082683307,868,1.01172245961128,1.0090773037585,0.0253456221198157,22,0.00171606864274571,1.0465440871019,1.00732348859458,0.428838599051733,1.0056655207349,0.6545,0.8797,0.8577,0.00366614664586583,1389.09,14.3,17.8,13.8,8478.1381279,0.161606304,8,0.144,99.50550989,4,0.341,0.0739469579,0.0169266771
2768,"-97.6154,26.4741",48489,"Texas, Willacy",0.0701634877384196,4.78735765744829,0.0682314664187776,1468,1.00679853347,1.0090773037585,0.0415531335149864,61,0.00283523123402277,1,1.00732348859458,0.428838599051733,1.0056655207349,0.9997,0.9949,0.8386,,1066.19,28.1,13.4,31.5,8420.5610633,0.1897237692,8.8,0.24,62.205472985,3,0.403,0.0194283058,0.0069718801
2769,"-97.6005,30.6466",48491,"Texas, Williamson",0.20631224938559,5.62889191998151,0.0272833626541549,15462,1.01416673839477,1.0090773037585,0.0117707929116544,182,0.000321146811735622,1.00561868495366,1.00732348859458,0.428838599051733,1.0056655207349,0.078,0.8765,0.1897,0.00113636564152605,2758.68,9.4,11.5,432.7,4457.7774908,0.1256524978,10.4,0.089,204.60758274,5,0.3,0.0652404454,0.0086356731
2770,"-98.0869,29.1733",48493,"Texas, Wilson",0.170212765957447,4.61930551130933,0.0271384198789423,1363,1.01048837157137,1.0090773037585,0.0212765957446809,29,0.000577413188913667,1,1.00732348859458,0.428838599051733,1.0056655207349,0.3876,0.8908,0.3875,0.000876075183179356,2303.59,14.3,15,49.4,6707.1204317,0.1317029571,9.9,0.127,62.453573027,4,0.335,0.0144751513,0.0099155782
2771,"-103.0485,31.8501",48495,"Texas, Winkler",0.162790697674419,7.25388601036269,0.044559585492228,344,1.00682720684153,1.0090773037585,0.0232558139534884,8,0.00103626943005181,1.04195362743721,1.00732348859458,0.428838599051733,1.0056655207349,0.6818,0.9768,0.3668,0.00246113989637306,1550.03,21.5,11.4,8.6,10590.543458,0.1513600526,7,0.097,8.7775553474,3,0.374,0.0203367876,0.0204663212
2772,"-97.6546,33.2157",48497,"Texas, Wise",0.302013422818792,11.1997657565332,0.0370836688382988,2533,1.01849757774237,1.0090773037585,0.02250296091591,57,0.000834492350486787,1.02485387013382,1.00732348859458,0.428838599051733,1.0056655207349,0.4325,0.7717,0.4903,0.00144938145084547,2016.02,17.8,14.7,67.7,8351.6067675,0.1461021335,9.9,0.205,61.207212821,5,0.333,0.0129565918,0.0110972842
2773,"-95.3824,32.7872",48499,"Texas, Wood",0.153041825095057,3.56755079882116,0.0233109530457134,1052,1.0142192147794,1.0090773037585,0.0551330798479087,58,0.00128520463560017,1.01026070714042,1.00732348859458,0.428838599051733,1.0056655207349,0.5487,0.6339,0.4454,0.0011079350306898,1681.72,13.7,26.9,62.5,8652.6891969,0.1361178795,10.1,0.179,37.434809412,4,0.28,0.0514746615,0.0104145893
2774,"-102.8276,33.1732",48501,"Texas, Yoakum",0.10962962962963,8.61366546385752,0.0785705971365382,675,1.01059374196693,1.0090773037585,0.0222222222222222,15,0.00174601326970085,1.04530409898895,1.00732348859458,0.428838599051733,1.0056655207349,0.5691,0.9879,0.3034,0.00279362123152136,1866.43,22.4,11.3,11.4,7148.8539901,0.1383026369,7.3,0.095,17.269335803,2.3,0.33,0.009079269,0.0172273309
2775,"-98.6879,33.1766",48503,"Texas, Young",0.196150320806599,11.8592407869216,0.0604599612080909,1091,1.01223086470481,1.0090773037585,0.0229147571035747,25,0.00138542532557495,1.01198288474998,1.00732348859458,0.428838599051733,1.0056655207349,0.4153,0.6749,0.2967,0.00371293987254087,1589.5,18.6,19.8,19.9,10208.551434,0.1594355813,8.2,0.188,49.353419395,4,0.343,0.0124688279,0.01280133
2776,"-99.1699,27.0016",48505,"Texas, Zapata",0.224582701062215,10.4298801973221,0.0464411557434813,659,1.01891228041624,1.0090773037585,0.0136570561456753,9,0.000634249471458774,1,1.00732348859458,0.428838599051733,1.0056655207349,0.9962,0.999,0.6966,,1145.4,29.3,13.9,12.8,7995.846031,0.1727548768,7.9,0.047,67.176784717,3.7,0.312,0.0020436927,0.0047921071
2777,"-99.7605,28.8662",48507,"Texas, Zavala",0.16914749661705,10.4314445464408,0.061670700158558,739,1.00695544391656,1.0090773037585,0.0324763193504736,24,0.00200283735291663,1,1.00732348859458,0.428838599051733,1.0056655207349,0.9847,0.9917,0.9331,,962.92,18.4,13.7,8.7,8925.5601073,0.1987128359,8.3,0.041,69.73204276,3,0.242,0.0059250605,0.0115163148
2778,"-113.2342,38.3566",49001,"Utah, Beaver",,0,0,0,,1.01083921186326,,0,0,,1.01430284164555,0.643184898951474,1.00720279485275,0.336,0.6555,0.1258,0.00729483282674772,1607.23,12.1,14.2,2.7,7507.8023079,0.1070272688,4.7,0.089,32.078532639,3.7,0.246,0.0018237082,0.0227963526
2779,"-113.0833,41.5211",49003,"Utah, Box Elder",,0,0,0,,1.01083921186326,,0,0,,1.01430284164555,0.643184898951474,1.00720279485275,0.2621,0.5419,0.0958,0.00118289353958144,1920.59,7.5,12.5,8,6484.5355062,0.0965771852,7.3,0.09,67.247282017,3.7,0.32,0.0038944495,0.0115013649
2780,"-111.7444,41.7233",49005,"Utah, Cache",,0,0,0,,1.01083921186326,,0,0,,1.01430284164555,0.643184898951474,1.00720279485275,0.3513,0.6511,0.4686,0.00136934554726603,1779.13,7.4,8.8,111,4928.0147967,0.0861078505,7.2,0.058,57.241049782,3.7,0.256,0.0087197406,0.010136305
2781,"-110.5873,39.6483",49007,"Utah, Carbon",,0,0,0,,1.01083921186326,,0,0,,1.01430284164555,0.643184898951474,1.00720279485275,0.5296,0.4747,0.5619,0.0019241205782229,1379.46,10.6,16.2,14.5,10052.385436,0.1218779253,5.7,0.097,81.853149963,3.3,0.273,0.0054763432,0.0151462825
2782,"-109.5121,40.888",49009,"Utah, Daggett",,0,0,0,,1.01083921186326,,0,0,,1.01430284164555,0.643184898951474,1.00720279485275,0.0395,0.3429,0.5578,,1729.39,2.8,16.3,1.3,,0.0737151366,4.4,0.112,2.1334084068,,0.278,0,0.0173469388
2783,"-112.114,40.99",49011,"Utah, Davis",0.192833102355969,11.0772135235263,0.0574445641759048,20204,1.01357703980564,1.01083921186326,0.00361314591170065,73,0.000207555592201596,1.00808291126667,1.01430284164555,0.643184898951474,1.00720279485275,0.0459,0.5323,0.1379,0.00110317218868794,2631.8,6.3,9.6,508.9,5090.8922372,0.088437251,8.4,0.076,205.51790673,5,0.263,0.0120666566,0.0075971033
2784,"-110.4252,40.2977",49013,"Utah, Duchesne",,0,0,0,,1.01083921186326,,0,0,,1.01430284164555,0.643184898951474,1.00720279485275,0.5841,0.5664,0.3808,0.00245441795231417,1865.14,14.9,11.1,6.6,9249.3194075,0.1134741475,6.2,0.085,34.249014703,2.3,0.296,0.0031556802,0.0465838509
2785,"-110.7014,38.9962",49015,"Utah, Emery",,0,0,0,,1.01083921186326,,0,0,,1.01430284164555,0.643184898951474,1.00720279485275,0.343,0.3486,0.1999,,1610.33,9.8,16,2.4,8762.9472841,0.1155269497,5.5,0.098,19.23167948,3,0.31,0.0030956661,0.0108847613
2786,"-111.4419,37.8545",49017,"Utah, Garfield",,0,0,0,,1.01083921186326,,0,0,,1.01430284164555,0.643184898951474,1.00720279485275,0.443,0.5113,0.3696,0.00295275590551181,1610.55,16.2,20.6,1,11278.122908,0.1032054662,4.5,0.084,13.664177096,3,0.241,0.0035433071,0.0267716535
2787,"-109.5704,38.981",49019,"Utah, Grand",,0,0,0,,1.01083921186326,,0,0,,1.01430284164555,0.643184898951474,1.00720279485275,0.3497,0.7354,0.7561,0.00174108971732896,1549.35,16.2,16.6,2.8,9305.5596834,0.1111091918,5.4,0.095,55.318395905,3,0.236,0.0063498566,0.0488529291
2788,"-113.2897,37.859",49021,"Utah, Iron",,0,0,0,,1.01083921186326,,0,0,,1.01430284164555,0.643184898951474,1.00720279485275,0.5748,0.5559,0.4438,0.000909521553765988,1609.27,12.7,12.2,15.6,7069.9204278,0.1142581662,4.8,0.083,98.347998603,3.3,0.258,0.0059308385,0.0240644244
2789,"-112.7809,39.7021",49023,"Utah, Juab",,0,0,0,,1.01083921186326,,0,0,,1.01430284164555,0.643184898951474,1.00720279485275,0.3102,0.467,0.1722,0.00216356555603635,1698.5,12.1,11.5,3.2,7695.1609113,0.1029985098,5.7,0.073,22.329546848,3.7,0.29,0.0035482475,0.0128083081
2790,"-111.8862,37.2851",49025,"Utah, Kane",,0,0,0,,1.01083921186326,,0,0,,1.01430284164555,0.643184898951474,1.00720279485275,0.2506,0.2426,0.0468,0.00324296277078739,1718.63,14.3,22.4,2,6545.7394273,0.0914503659,4.4,0.09,18.19822842,2.3,0.228,0.005577896,0.0173822805
2791,"-113.102,39.0729",49027,"Utah, Millard",,0,0,0,,1.01083921186326,,0,0,,1.01430284164555,0.643184898951474,1.00720279485275,0.3207,0.7249,0.3442,0.00284484084268799,1625.92,14.9,16.1,1.9,6312.0824878,0.0928762968,5.6,0.117,14.03736988,3.7,0.315,0.0031523912,0.0209134246
2792,"-111.5728,41.0883",49029,"Utah, Morgan",,0,0,0,,1.01083921186326,,0,0,,1.01430284164555,0.643184898951474,1.00720279485275,0.0162,0.1827,3e-04,,2725.51,6.1,11.3,15.8,4980.9867465,0.0833861568,7.1,0.037,11.610554086,3,0.191,0.003902034,0.003819012
2793,"-112.125,38.3382",49031,"Utah, Piute",,0,0,0,,1.01083921186326,,0,0,,1.01430284164555,0.643184898951474,1.00720279485275,0.628,0.0567,0.0245,,1213.46,22.2,25.2,2,8246.2502002,0.0931567627,4.4,0.086,8.3150658453,,0.261,0.0027681661,0.0103806228
2794,"-111.2445,41.6314",49033,"Utah, Rich",,0,0,0,,1.01083921186326,,0,0,,1.01430284164555,0.643184898951474,1.00720279485275,0.3252,0.3145,0.1474,,1910.56,12.5,18.7,2,5514.2149935,0.1017621199,5.5,0.131,9.146609393,3,0.261,0.0032467532,0.0064935065
2795,"-111.9216,40.6662",49035,"Utah, Salt Lake",0.148515907466857,12.0810353338834,0.081345059528922,93761,1.01020570467499,1.01083921186326,0.00503407600174913,472,0.000409497212035401,1.01441649709689,1.01430284164555,0.643184898951474,1.00720279485275,0.1669,0.8309,0.4846,0.00229301087163043,2457.51,11.3,10.3,1573.8,6378.4266709,0.0955437516,8.4,0.067,246.62742636,5,0.245,0.01741491,0.0136765128
2796,"-109.8034,37.6276",49037,"Utah, San Juan",0.161341853035144,13.075279953395,0.0810408440675772,1252,1.01183737531915,1.01083921186326,0.0255591054313099,32,0.00207133147776555,1.00454582940699,1.01430284164555,0.643184898951474,1.00720279485275,0.9204,0.943,0.88,0.00233024791248625,1472.47,21,13.1,1.9,11250.860479,0.1569706544,5.3,0.121,14.237438703,2.3,0.352,0.003560101,0.4922001424
2797,"-111.5759,39.3723",49039,"Utah, Sanpete",,0,0,0,,1.01083921186326,,0,0,,1.01430284164555,0.643184898951474,1.00720279485275,0.7258,0.6355,0.6749,0.00140417333376874,1618.16,11.5,13.3,17.3,6072.3994139,0.1105199757,5.4,0.078,26.870516354,2.3,0.304,0.0093720406,0.0169153904
2798,"-111.805,38.7484",49041,"Utah, Sevier",,0,0,0,,1.01083921186326,,0,0,,1.01430284164555,0.643184898951474,1.00720279485275,0.5255,0.4804,0.1251,0.00134639491155578,1623.25,13.3,15.8,12,7058.540652,0.1006558908,5,0.092,34.411588489,3.7,0.294,0.0047355959,0.0152281907
2799,"-110.9536,40.8669",49043,"Utah, Summit",0.149270913277053,9.27670331242697,0.0621467579233539,2606,1.00921079459068,1.01083921186326,0.00191864927091328,5,0.000119237831779267,1,1.01430284164555,0.643184898951474,1.00720279485275,0.0016,0.6826,0.1235,0.000882359955166575,4163.84,8.1,11.1,25.3,3958.7797539,0.0858644588,6.8,0.039,104.57103344,3,0.146,0.0097775022,0.0058665013
2800,"-113.1296,40.4486",49045,"Utah, Tooele",0.219152360515021,11.6869555266282,0.0533279929048593,3728,1.0167835307047,1.01083921186326,0.00268240343347639,10,0.000143047191268399,1.01516534655549,1.01430284164555,0.643184898951474,1.00720279485275,0.3605,0.6145,0.2006,0.000629407641580958,2118.1,7.7,8.9,8.3,6724.3890517,0.1044958082,6.8,0.111,52.898369265,3.7,0.341,0.0074527587,0.0128170283
2801,"-109.5174,40.1249",49047,"Utah, Uintah",,0,0,0,,1.01083921186326,,0,0,,1.01430284164555,0.643184898951474,1.00720279485275,0.5659,0.5606,0.5043,0.00110051357300073,2109.57,14.7,9.8,8.3,8538.8712289,0.1281792463,6.5,0.099,26.277815254,3.3,0.352,0.0041763079,0.0801399628
2802,"-111.6658,40.1167",49049,"Utah, Utah",0.155248676511563,14.3278909312406,0.0922899392973146,57424,1.01054101670509,1.01083921186326,0.00308233491223182,177,0.000284468501943868,1.02008433403886,1.01430284164555,0.643184898951474,1.00720279485275,0.2532,0.6705,0.5078,0.00127609034205328,2352.99,8.6,7.4,290.5,5126.4901079,0.0590871948,7.7,0.062,188.71280367,4.3,0.25,0.0058886587,0.0082013716
2803,"-111.1691,40.3311",49051,"Utah, Wasatch",0.20979020979021,17.1480144404332,0.0817388688327317,2717,1.01207777123904,1.01083921186326,0.00478468899521531,13,0.000391095066185319,1,1.01430284164555,0.643184898951474,1.00720279485275,0.0105,0.6055,0.1646,0.000571600481347774,2367.18,8.8,10.5,23.5,4854.5689646,0.0835008825,6.2,0.05,50.947115417,3,0.236,0.005234657,0.0077918171
2804,"-113.5047,37.28",49053,"Utah, Washington",,0,0,0,,1.01083921186326,,0,0,,1.01430284164555,0.643184898951474,1.00720279485275,0.2876,0.6113,0.4046,0.00317414094350612,1992.15,14,20.4,72.6,6164.7049898,0.088506644,5,0.083,92.413973394,3.7,0.236,0.0064356436,0.0168316832
2805,"-110.9097,38.3234",49055,"Utah, Wayne",,0,0,0,,1.01083921186326,,0,0,,1.01430284164555,0.643184898951474,1.00720279485275,0.2984,0.5938,0.233,,1555.71,18.7,19.9,1.1,6539.3002233,0.0942869435,4.7,0.086,11.816087701,2.3,0.218,0.0044609665,0.0100371747
2806,"-111.9145,41.2712",49057,"Utah, Weber",,0,0,0,,1.01083921186326,,0,0,,1.01430284164555,0.643184898951474,1.00720279485275,0.3134,0.7631,0.4298,0.00218053588912424,1986,9.3,11.3,386.5,6872.3520102,0.1098204904,8,0.077,136.75072682,4.3,0.312,0.0132470481,0.0137853557
2807,"-73.1413,44.0322",50001,"Vermont, Addison",0.234234234234234,1.40643172044465,0.00600438157574446,222,1.01004419173263,1.01980616674849,0.018018018018018,4,0.000108187055418819,1.10408951367381,1.02669715631981,0.993360998500716,1.00851026541697,0.0917,0.2572,0.3295,0.00067616909636762,2036.1,4.3,18.5,42.9,4188.0399786,0.1303021651,6.9,0.09,48.343573413,3,0.255,0.0127390258,0.0027587699
2808,"-73.0905,43.0352",50003,"Vermont, Bennington",0.322475570032573,2.77847941399343,0.00861609272824226,307,1.03518348140769,1.01980616674849,0.00325732899022801,1,2.80654486261963e-05,1,1.02669715631981,0.993360998500716,1.00851026541697,0.186,0.0837,0.5992,0.00277847941399343,2065.76,4.2,22,58.4,8032.8518269,0.1471692596,7.7,0.094,78.030774105,3,0.296,0.0113945721,0.0032836575
2809,"-72.1031,44.4655",50005,"Vermont, Caledonia",0.33879781420765,2.04606956636526,0.00603920533298132,183,1.01756531822202,1.01980616674849,0.0109289617486339,2,6.60022440762986e-05,1,1.02669715631981,0.993360998500716,1.00851026541697,0.2567,0.1933,0.5791,0.000825028050953732,1611.14,5.2,19.3,47.5,7333.5622022,0.1545826524,5.9,0.088,52.297211176,2.3,0.318,0.0077222626,0.0049831694
2810,"-73.0836,44.4632",50007,"Vermont, Chittenden",0.274384236453202,3.38453685924702,0.0123350266144909,2030,1.0209299214848,1.01980616674849,0.0251231527093596,51,0.00030989475730987,1.0213148409964,1.02669715631981,0.993360998500716,1.00851026541697,0.0943,0.54,0.7918,0.00341491869819896,2425.87,3.3,14.1,293.8,5029.7094962,0.1145411369,6.5,0.06,281.34826615,3.3,0.211,0.0245363731,0.002527769
2811,"-71.7358,44.7274",50009,"Vermont, Essex",0.479452054794521,5.6,0.01168,73,1.02126942500346,1.01980616674849,0,0,0,,1.02669715631981,0.993360998500716,1.00851026541697,0.5341,0.2101,0.0207,,1334.18,4.6,24.6,7.3,9983.4073029,0.1591282173,5.8,0.13,15.441515373,3,0.286,0.00592,0.00576
2812,"-72.9125,44.8563",50011,"Vermont, Franklin",0.411616161616162,3.29819307581797,0.0080127880860363,396,1.03229810941084,1.01980616674849,0.0353535353535354,14,0.000283280386880071,1.02226578920968,1.02669715631981,0.993360998500716,1.00851026541697,0.1551,0.1859,0.2598,0.00141640193440036,1999.29,3.4,14.9,64.3,6699.9429238,0.1728986549,6.4,0.104,43.709259101,3.3,0.343,0.0067987293,0.0098541106
2813,"-73.2968,44.7976",50013,"Vermont, Grand Isle",0.283018867924528,2.11565585331453,0.007475317348378,53,1.02044191977706,1.01980616674849,0,0,0,,1.02669715631981,0.993360998500716,1.00851026541697,0.0637,0.1656,0.0067,,2335.86,3.1,19.4,25.9,4491.0239911,0.1319119158,6.5,0.096,23.29514569,2.3,0.304,0.0074753173,0.0152327221
2814,"-72.6436,44.6035",50015,"Vermont, Lamoille",0.233830845771144,1.85770750988142,0.00794466403162055,201,1.0175117579236,1.01980616674849,0.00497512437810945,1,3.95256916996047e-05,1,1.02669715631981,0.993360998500716,1.00851026541697,0.2102,0.0793,0.4279,0.000988142292490119,1928.44,5.8,16.1,55.2,5347.0321879,0.1480566584,5.4,0.071,64.542731556,2,0.238,0.0098418972,0.0039920949
2815,"-72.3764,44.0047",50017,"Vermont, Orange",0.256317689530686,2.4483602882858,0.00955205351908687,277,1.01475879229119,1.01980616674849,0,0,0,,1.02669715631981,0.993360998500716,1.00851026541697,0.2016,0.0901,0.3884,0.000862098693058381,1959.3,4.6,19.6,35.2,6397.7821805,0.142188035,6.6,0.096,18.553881203,3.7,0.283,0.0067243698,0.0038622021
2816,"-72.2456,44.8296",50019,"Vermont, Orleans",0.409282700421941,3.60500984873825,0.00880811684691716,237,1.03601987795167,1.01980616674849,0.0126582278481013,3,0.000111495149960977,1.05963402266705,1.02669715631981,0.993360998500716,1.00851026541697,0.436,0.1741,0.5263,0.000929126249674806,1497.88,4.2,21.7,38.3,7987.4136112,0.1674843966,6,0.095,47.583481324,3.7,0.304,0.0077674954,0.0058720779
2817,"-73.0374,43.5772",50021,"Vermont, Rutland",0.22397476340694,1.21011726206708,0.00540291791655304,317,1.01840881854251,1.01980616674849,0.0252365930599369,8,0.000136351240796291,1.04195362743721,1.02669715631981,0.993360998500716,1.00851026541697,0.1602,0.0933,0.9443,0.00209640032724298,1809.33,4.9,20.7,63.5,8013.6448807,0.1458001364,8.6,0.11,113.95145179,3.3,0.314,0.0064425961,0.0029485956
2818,"-72.616,44.2734",50023,"Vermont, Washington",0.216808769792935,3.06157550739594,0.0141210870313037,821,1.00716094058839,1.01980616674849,0.0048721071863581,4,6.87994496044032e-05,1.10408951367381,1.02669715631981,0.993360998500716,1.00851026541697,0.1029,0.1697,0.5721,0.0020983832129343,2105.41,3.1,18.5,91.6,6348.9583051,0.1490318884,6.1,0.077,106.01738522,2.3,0.227,0.0088579291,0.0031131751
2819,"-72.7127,42.987",50025,"Vermont, Windham",0.342342342342342,2.66629245018243,0.00778838057816447,333,1.01994800696021,1.01980616674849,0.015015015015015,5,0.000116942651323791,1,1.02669715631981,0.993360998500716,1.00851026541697,0.2599,0.1595,0.6788,0.00187108242118065,1802.51,4.9,21,59.3,8030.7454482,0.1490622481,8.2,0.084,92.602725831,3.7,0.242,0.0132612967,0.0033679484
2820,"-72.586,43.5801",50027,"Vermont, Windsor",0.311864406779661,1.66407408747242,0.00533588973700394,295,1.02276179442638,1.01980616674849,0.00677966101694915,2,3.61755236407047e-05,1,1.02669715631981,0.993360998500716,1.00851026541697,0.0968,0.155,0.3028,0.00108526570922114,1984.11,4.7,22,57,6283.5122083,0.1339601821,7.9,0.095,80.781576363,3.3,0.276,0.0084469848,0.0030930073
2821,"-75.6323,37.7671",51001,"Virginia, Accomack",0.0997322623828648,4.5970628162409,0.0460940392447242,1494,1.01036092644967,1.01440461179464,0.0140562248995984,21,0.000647908182154758,1,1.00702698791539,0.437796537439457,1.00819047607097,0.6615,0.9,0.7682,,1607.95,16.8,21.9,69,9630.476973,0.1831692932,8.7,0.159,60.028971747,3.7,0.363,0.2797112181,0.0069418734
2822,"-78.5548,38.0208",51003,"Virginia, Albemarle",0.161304539444689,3.36650784598686,0.0208705090233448,2269,1.01319929430684,1.01440461179464,0.0123402379903041,28,0.000257547048326864,1.00520889711624,1.00702698791539,0.437796537439457,1.00819047607097,0.0691,0.7154,0.518,0.00161886716091172,2932.05,7.3,17.3,162,4276.5418142,0.1381823613,8.5,0.074,173.60372767,3.7,0.208,0.0943082102,0.0038356114
2823,"-80.0022,37.7864",51005,"Virginia, Alleghany",0.360160965794769,12.0053655264923,0.0333333333333333,497,1.03831128715353,1.01440461179464,0.0362173038229376,18,0.00120724346076459,1.02638809625704,1.00702698791539,0.437796537439457,1.00819047607097,0.6347,0.1541,0.4381,0.0137491616364856,1528.6,7,23.3,35.6,8808.9850785,0.1691467744,8.7,0.166,68.747019534,3,0.357,0.0460093897,0.0028839705
2824,"-77.9858,37.3408",51007,"Virginia, Amelia",0.297029702970297,6.91616076231461,0.0232844078997925,303,1.01394805145404,1.01440461179464,0.0231023102310231,7,0.000537923614846692,1,1.00702698791539,0.437796537439457,1.00819047607097,0.3608,0.5801,0.2684,,1767.59,11.2,18.9,28.5,10421.694366,0.1735952496,8.9,0.149,24.60848422,3,0.413,0.20387305,0.0057634673
2825,"-79.1455,37.6031",51009,"Virginia, Amherst",0.231924882629108,7.80016421398345,0.0336322869955157,1065,1.02466498543937,1.01440461179464,0.00657276995305164,7,0.000221057285416535,1,1.00702698791539,0.437796537439457,1.00819047607097,0.6089,0.5415,0.3763,,1498.86,10.3,20,56.6,7514.2282828,0.1690782775,9.1,0.145,80.182033267,3.7,0.352,0.1887513421,0.0090949283
2826,"-78.8134,37.3757",51011,"Virginia, Appomattox",0.19438877755511,6.1233507985607,0.0315005365822865,499,1.0174790317696,1.01440461179464,0.0120240480961924,6,0.00037876396692128,1,1.00702698791539,0.437796537439457,1.00819047607097,0.4427,0.4152,0.1805,,1536.39,8.2,19.9,38.5,8717.7024623,0.1713461968,9,0.178,26.368522279,4,0.474,0.1885613282,0.0032194937
2827,"-77.1014,38.8768",51013,"Virginia, Arlington",0.153482082488168,4.77852484622412,0.0311340891963237,7395,1.01222536150477,1.01440461179464,0.0221771467207573,164,0.000690465264124014,1.00533868523298,1.00702698791539,0.437796537439457,1.00819047607097,0.0092,0.8809,0.7765,0.00140619145254525,4238.33,6.6,10.1,10814.9,2789.4895285,0.1232935636,9.7,0.038,2106.1142605,3,0.196,0.0903835871,0.0064920575
2828,"-79.1246,38.164",51015,"Virginia, Augusta",0.445553970518307,12.4176683409094,0.0278701777171104,2103,1.05590798004137,1.01440461179464,0.00760817879220162,16,0.000212041295042209,1.04195362743721,1.00702698791539,0.437796537439457,1.00819047607097,0.249,0.3136,0.2869,0.00337940813973521,1910.56,8.9,19.8,72,5801.0652813,0.1583391222,8.9,0.166,55.569979345,3.7,0.335,0.0437865274,0.0024384749
2829,"-79.7391,38.0585",51017,"Virginia, Bath",0.371134020618557,8.38769804287046,0.0226001863932898,97,1.04144311561546,1.01440461179464,0,0,0,,1.00702698791539,0.437796537439457,1.00819047607097,0.5073,0.1936,0.3009,0.00582479030754893,1568.13,15.3,19.7,8.7,9880.2407355,0.1709847449,8,0.058,11.926269245,3,0.252,0.0454333644,0.0020969245
2830,"-79.5282,37.308",51019,"Virginia, Bedford",0.216888126875268,6.42564161174394,0.029626525454938,2333,1.02007297762347,1.01440461179464,0.0111444492070296,26,0.000330171308113325,1.03098080370314,1.00702698791539,0.437796537439457,1.00819047607097,0.1803,0.3715,0.1194,,2129.9,8.1,20.4,79.5,7384.3181262,0.1450709498,9.2,0.157,32.876202084,4,0.342,0.0699201239,0.0035302932
2831,"-81.136,37.1313",51021,"Virginia, Bland",0.475675675675676,27.9675830287621,0.0587954870491022,370,1.06128071147921,1.01440461179464,0.0135135135135135,5,0.000794533608771651,1,1.00702698791539,0.437796537439457,1.00819047607097,0.421,0.0357,0.7526,,1300.03,8.5,21.8,16.3,7081.0912318,0.154475826,8.6,0.155,34.916958764,3,0.28,0.0386143334,0.0017479739
2832,"-79.8098,37.5553",51023,"Virginia, Botetourt",0.204498977505112,6.01015716560988,0.0293896685398323,978,1.01989869748438,1.01440461179464,0.0143149284253579,14,0.000420711001592692,1.01064309218431,1.00702698791539,0.437796537439457,1.00819047607097,0.0787,0.3085,0.0497,,2375.39,4.9,21.2,51.2,5716.2517766,0.1406754357,9,0.125,96.519148528,3.7,0.254,0.0313129188,0.002944977
2833,"-77.8593,36.7637",51025,"Virginia, Brunswick",0.103448275862069,3.2958984375,0.0318603515625,522,1.00559667005214,1.01440461179464,0.0153256704980843,8,0.00048828125,1,1.00702698791539,0.437796537439457,1.00819047607097,0.8917,0.6791,0.7415,,1334.99,8.3,20.2,24.5,10785.313391,0.2005498959,9.3,0.151,43.471840724,3,0.422,0.5460205078,0.0033569336
2834,"-82.0375,37.2682",51027,"Virginia, Buchanan",0.284734133790738,7.82244003581358,0.0274727863908393,583,1.01703081914478,1.01440461179464,0.0411663807890223,24,0.00113095518590076,1.00609846529734,1.00702698791539,0.437796537439457,1.00819047607097,0.9682,0.1016,0.673,0.00230903350454738,1001.76,13.6,20.6,49.2,12358.810685,0.2040106367,9.5,0.105,17.114785779,3,0.336,0.0306771594,0.001413694
2835,"-78.5252,37.5724",51029,"Virginia, Buckingham",0.216856892010536,14.5302664862639,0.0670039414083181,1139,1.01847613609843,1.01440461179464,0.00877963125548727,10,0.000588269898229308,1,1.00702698791539,0.437796537439457,1.00819047607097,0.8618,0.4782,0.7488,,1170.85,12.1,18.3,23.1,7453.9538209,0.1892620817,8.8,0.168,12.810093072,3,0.399,0.3362550738,0.0041767163
2836,"-79.0968,37.2055",51031,"Virginia, Campbell",0.208915502328676,5.71189493023848,0.0273406945227657,1503,1.02083258970338,1.01440461179464,0.00998003992015968,15,0.000272861222782093,1.03239118471,1.00702698791539,0.437796537439457,1.00819047607097,0.3465,0.5018,0.1913,,1561.89,9.8,19.1,99.6,7451.4663649,0.1865570502,9.5,0.114,78.689392216,4,0.356,0.1441434886,0.0036381496
2837,"-77.349,38.0268",51033,"Virginia, Caroline",0.229591836734694,5.84947354738074,0.0254777070063694,784,1.01528872591944,1.01440461179464,0.0102040816326531,8,0.000259976602105811,1.01925902092718,1.00702698791539,0.437796537439457,1.00819047607097,0.3223,0.5852,0.3973,,2112.16,7,15.9,45,8638.3180739,0.1701580762,8.9,0.133,47.61667686,3.7,0.412,0.26855583,0.0075718185
2838,"-80.7346,36.7307",51035,"Virginia, Carroll",0.212591986917416,8.77311378053718,0.0412673775138345,1223,1.01778782599831,1.01440461179464,0.0253475061324612,31,0.00104602510460251,1.0046952487017,1.00702698791539,0.437796537439457,1.00819047607097,0.5439,0.3321,0.1461,,1131.33,11.9,23.1,55,7266.8052117,0.1751056721,9,0.188,49.207087501,3.7,0.319,0.0075921177,0.0031043326
2839,"-77.0563,37.3536",51036,"Virginia, Charles City",0.113207547169811,2.59328626998992,0.0229073620515776,159,1.009322889372,1.01440461179464,0.0440251572327044,7,0.00100850021610719,1,1.00702698791539,0.437796537439457,1.00819047607097,0.4344,0.5068,0.1079,,1814.8,9.1,22.9,30.8,11456.941399,0.171836978,8.7,0.176,3.7327034264,3,0.342,0.4520962397,0.0684339432
2840,"-78.6631,37.0191",51037,"Virginia, Charlotte",0.087378640776699,2.26168537443458,0.0258837326185291,309,1.00713411448688,1.01440461179464,0.0161812297734628,5,0.000418830624895292,1,1.00702698791539,0.437796537439457,1.00819047607097,0.8137,0.3849,0.3524,,1274.46,13.6,21.5,22,10275.880094,0.193077453,9.3,0.121,16.541675345,3,0.4,0.2777684704,0.0036857095
2841,"-77.5868,37.3737",51041,"Virginia, Chesterfield",0.13930996001116,4.2977312110536,0.0308501359896258,10753,1.01104757354144,1.01440461179464,0.0137636008555752,148,0.000424608958101424,1.01322055677843,1.00702698791539,0.437796537439457,1.00819047607097,0.1124,0.8478,0.0898,0.00125661299762449,2770.06,7.6,13.9,698.9,6397.3171379,0.1508434351,9.3,0.103,239.23092421,5,0.321,0.2335148441,0.005999036
2842,"-77.992,39.1127",51043,"Virginia, Clarke",0.26978417266187,5.16422226812642,0.0191420505405219,278,1.03332294874156,1.01440461179464,0.0143884892086331,4,0.000275425187633409,1,1.00702698791539,0.437796537439457,1.00819047607097,0.1634,0.4495,0.0981,,2937.16,14.2,20.1,68,7437.4426233,0.1526259452,9,0.13,98.959058612,2.3,0.263,0.0452385871,0.0058527852
2843,"-80.2107,37.4813",51045,"Virginia, Craig",0.189189189189189,4.14691943127962,0.0219194312796209,111,1.01944655711098,1.01440461179464,0.00900900900900901,1,0.000197472353870458,1,1.00702698791539,0.437796537439457,1.00819047607097,0.0908,0.0191,0.2843,,1368.56,3.9,23.2,10.8,8122.93668,0.1499022844,8.4,0.108,20.262653504,3,0.279,0.0035545024,0.0039494471
2844,"-77.9563,38.482",51047,"Virginia, Culpeper",0.122047244094488,5.97774735340057,0.0489789621859272,2540,1.01012819654537,1.01440461179464,0.00748031496062992,19,0.000366378063595519,1,1.00702698791539,0.437796537439457,1.00819047607097,0.3296,0.816,0.5718,0.00134981391850981,2206.43,9.4,15,118.1,7700.1256697,0.1605802258,8.8,0.101,116.97901313,4,0.297,0.1409591392,0.0078289207
2845,"-78.244,37.5133",51049,"Virginia, Cumberland",0.0804597701149425,1.42726067896829,0.0177388112957488,174,1.00332793419842,1.01440461179464,0.0229885057471264,4,0.000407788765419513,1,1.00702698791539,0.437796537439457,1.00819047607097,0.7745,0.46,0.2034,,1379.94,13.8,21.2,22.4,7282.8015449,0.1855514551,8.7,0.162,11.972604299,3,0.386,0.3048221022,0.0067285146
2846,"-82.3512,37.1256",51051,"Virginia, Dickenson",0.450733752620545,14.8041038352957,0.032844453625284,477,1.04693646288003,1.01440461179464,0.00628930817610063,3,0.000206568890725057,1.05963402266705,1.00702698791539,0.437796537439457,1.00819047607097,0.8325,0.0064,0.816,0.00172140742270881,982.94,9.6,20.7,43.9,10851.252392,0.2079302195,9.4,0.123,20.409851047,3.7,0.368,0.0046133719,0.002547683
2847,"-77.6345,37.0754",51053,"Virginia, Dinwiddie",0.0976933514246947,2.52374776543167,0.0258333625433769,737,1.0063615908485,1.01440461179464,0.0189959294436906,14,0.000490728732167268,1,1.00702698791539,0.437796537439457,1.00819047607097,0.5879,0.6877,0.2362,,1641.56,9.8,16.6,45.2,8184.3714866,0.1754048604,9.3,0.158,58.301594165,3.7,0.388,0.3180623225,0.0045217147
2848,"-76.9423,37.9336",51057,"Virginia, Essex",0.132616487455197,3.38858869859877,0.0255517904570016,279,1.00902149026544,1.01440461179464,0.00716845878136201,2,0.000183166956681015,1,1.00702698791539,0.437796537439457,1.00819047607097,0.5354,0.7272,0.3044,0.00613609304881399,1526.22,8.6,21.6,44.7,10160.195213,0.1692732204,8.5,0.146,74.811477198,3.3,0.4,0.3758585951,0.0090667644
2849,"-77.2757,38.8368",51059,"Virginia, Fairfax",0.157133087128984,4.99133207912791,0.0317649972410377,36555,1.01408775302022,1.01440461179464,0.0175352209000137,641,0.000557006243509921,1.00338845442203,1.00702698791539,0.437796537439457,1.00819047607097,0.0583,0.944,0.3254,0.00143292245795298,4370.51,8.6,12.6,2930,3508.7361433,0.0936615988,8.3,0.064,842.46434404,4.3,0.217,0.0981599677,0.005532697
2850,"-77.8065,38.7356",51061,"Virginia, Fauquier",0.205992509363296,5.44747081712062,0.0264449946940219,1869,1.01586562290279,1.01440461179464,0.0149812734082397,28,0.000396179695790591,1,1.00702698791539,0.437796537439457,1.00819047607097,0.0344,0.645,0.0092,0.0013724796604174,3566.8,7.9,15.8,94,6727.057313,0.1392019232,9.1,0.09,146.98037129,4,0.286,0.0741139017,0.0049522462
2851,"-80.3674,36.9302",51063,"Virginia, Floyd",0.166265060240964,4.3684710351377,0.0262741373852485,415,1.01266629906468,1.01440461179464,0.0409638554216867,17,0.00107628996517885,1.00869827228079,1.00702698791539,0.437796537439457,1.00819047607097,0.3436,0.3009,0.0503,,1626.84,6.8,21.7,33.8,7312.7283518,0.1660396273,8.7,0.1,17.106439815,3,0.298,0.019246597,0.0021525799
2852,"-78.2772,37.8416",51065,"Virginia, Fluvanna",0.194174757281553,4.48045401934063,0.0230743381996042,618,1.02000167662239,1.01440461179464,0.0145631067961165,9,0.000336034051450547,1,1.00702698791539,0.437796537439457,1.00819047607097,0.1293,0.482,0.0528,,2509.49,7.2,19,67.2,6344.0117252,0.1404336461,8.7,0.165,10.934599726,2.3,0.304,0.1491244446,0.0037337117
2853,"-79.8802,36.9954",51067,"Virginia, Franklin",0.165723108594956,5.73004715722039,0.0345760298958982,1943,1.01514046931999,1.01440461179464,0.0102933607822954,20,0.000355903550137913,1.02348860217202,1.00702698791539,0.437796537439457,1.00819047607097,0.4771,0.4174,0.4667,0.000658421567755138,1807.6,10.4,22.3,69.5,8299.9606831,0.1610418212,9.4,0.146,34.776717941,3.7,0.356,0.077693745,0.0045555654
2854,"-78.2597,39.2017",51069,"Virginia, Frederick",0.272256728778468,8.92988512251712,0.0327995020089412,2898,1.02332844015088,1.01440461179464,0.00759144237405107,22,0.000248995529398449,1.02116420457606,1.00702698791539,0.437796537439457,1.00819047607097,0.1395,0.6367,0.2302,,2358.39,9.9,16.2,194.5,6447.8968662,0.1417977325,9.1,0.121,150.0789699,4.3,0.311,0.0424876917,0.004742233
2855,"-80.7064,37.3123",51071,"Virginia, Giles",0.292270531400966,7.18356684872952,0.0245784849204464,414,1.02809947516625,1.01440461179464,0.00241545893719807,1,5.93683210638803e-05,1,1.00702698791539,0.437796537439457,1.00819047607097,0.3758,0.1888,0.1309,0.00148420802659701,1549.69,8.9,21,43.2,9515.8606746,0.1574796843,8.8,0.189,93.105743277,3.7,0.341,0.0150201852,0.0026122061
2856,"-76.5352,37.4081",51073,"Virginia, Gloucester",0.256821829855538,4.28391657072478,0.0166805001472596,623,1.01664826391497,1.01440461179464,0.00802568218298555,5,0.00013387239283515,1,1.00702698791539,0.437796537439457,1.00819047607097,0.1283,0.2553,0.0331,0.001793890063991,2029.47,8.5,18.3,143,9000.0746755,0.161353817,8.7,0.126,82.94990496,3.7,0.309,0.0789847118,0.0054352191
2857,"-77.9038,37.7171",51075,"Virginia, Goochland",0.138132295719844,3.05455171226983,0.0221132335226295,514,1.01012558717774,1.01440461179464,0.0136186770428016,7,0.000301152985716744,1,1.00702698791539,0.437796537439457,1.00819047607097,0.0427,0.4053,0.1493,,3851.32,4.6,20.8,89.8,5754.7288419,0.133418101,9,0.097,33.584024666,3.7,0.27,0.1584925142,0.0036568577
2858,"-81.2322,36.6568",51077,"Virginia, Grayson",0.182527301092044,7.4851257117267,0.0410082528309129,641,1.0169118555814,1.01440461179464,0.0343213728549142,22,0.00140745953553835,1,1.00702698791539,0.437796537439457,1.00819047607097,0.836,0.3754,0.5068,,1147.15,11.4,23.3,28.9,9133.2700145,0.1943862223,8.7,0.105,16.047219762,3,0.331,0.0550828482,0.0032627471
2859,"-78.4653,38.2955",51079,"Virginia, Greene",0.135831381733021,2.93240305374387,0.0215885535163557,427,1.01340399152878,1.01440461179464,0.00936768149882904,4,0.000202234693361646,1,1.00702698791539,0.437796537439457,1.00819047607097,0.2589,0.4779,0.1188,,2165.85,11.7,16.2,95.3,6063.1149464,0.1722610233,8.5,0.068,57.971677068,3.7,0.284,0.068254209,0.0037413418
2860,"-77.5635,36.6788",51081,"Virginia, Greensville",0.0105596620908131,0.860067085232648,0.0814483529715318,947,1.00015094340998,1.01440461179464,0.0168954593453009,16,0.00137610733637224,1,1.00702698791539,0.437796537439457,1.00819047607097,0.8675,0.5626,0.9567,,1168.63,11.7,14.8,30.1,9600.6612673,0.222202843,9.3,0.135,77.55840339,3,0.362,0.5896619936,0.0027522147
2861,"-78.9351,36.7665",51083,"Virginia, Halifax",0.121898597626753,3.31184056271981,0.027168815943728,927,1.00746078803157,1.01440461179464,0.0258899676375405,24,0.000703399765533411,1.03393669433935,1.00702698791539,0.437796537439457,1.00819047607097,0.6134,0.6068,0.5969,0.00562719812426729,1269.68,9.5,22.9,41.8,10423.460465,0.1880004902,9.9,0.206,42.392951314,3.7,0.385,0.3602872216,0.0036342321
2862,"-77.4946,37.7583",51085,"Virginia, Hanover",0.187057633973711,5.17535598056677,0.027667173323138,2967,1.01512733534674,1.01440461179464,0.0202224469160768,60,0.000559497943845056,1.00990485606307,1.00702698791539,0.437796537439457,1.00819047607097,0.0201,0.4228,0.0509,0.00419623457883792,2944.39,5.1,16.6,215.6,5951.499595,0.1301026708,9.2,0.125,121.307818,5,0.308,0.0914685889,0.0052872556
2863,"-77.3933,37.5346",51087,"Virginia, Henrico",0.165081589748724,5.00818499609732,0.0303376348853949,9989,1.01519922718664,1.01440461179464,0.0269296225848433,269,0.000816981057580461,1.00487322839608,1.00702698791539,0.437796537439457,1.00819047607097,0.1882,0.8879,0.1945,0.00282754410634724,2500.73,8.3,14.6,1375.3,6576.7278975,0.1516508783,8.5,0.095,319.2196846,5,0.32,0.3002238346,0.0035625233
2864,"-79.8763,36.6854",51089,"Virginia, Henry",0.128263857077416,5.49526033795851,0.042843404706298,2183,1.01071942743646,1.01440461179464,0.0206138341731562,45,0.000883166840029046,1.0133874519632,1.00702698791539,0.437796537439457,1.00819047607097,0.899,0.6269,0.7956,,1141.65,11.6,23.1,126.6,9336.2378911,0.19183738,9.7,0.207,69.465688327,4,0.342,0.2217337546,0.0034737896
2865,"-79.5612,38.358",51091,"Virginia, Highland",0.5,7.23981900452489,0.0144796380090498,32,1.02456823630199,1.01440461179464,0,0,0,,1.00702698791539,0.437796537439457,1.00819047607097,0.2369,0.001,0.056,,1679.59,9,36.8,5.4,5857.98296,0.1464027731,7.7,0.153,8.0118759122,,0.265,0.0085972851,0.0031674208
2866,"-76.7084,36.9058",51093,"Virginia, Isle of Wight",0.132773109243697,4.27570156685519,0.0322030687630233,1190,1.01235316774544,1.01440461179464,0.0226890756302521,27,0.000730657862690445,1,1.00702698791539,0.437796537439457,1.00819047607097,0.3917,0.624,0.2397,,2362.23,7.3,17.9,94.6,6418.3417116,0.1520807157,9,0.119,83.099459315,4,0.377,0.2296701215,0.004708684
2867,"-76.7695,37.3116",51095,"Virginia, James City",0.109792284866469,1.93724884484993,0.0176446719112007,1348,1.00923390280845,1.01440461179464,0.0185459940652819,25,0.000327237980548974,1.01842967859905,1.00702698791539,0.437796537439457,1.00819047607097,0.0299,0.6275,0.1426,,3199.39,6.7,24.2,482.2,5894.9420192,0.124559483,8.8,0.099,136.41258322,4.3,0.271,0.1313795044,0.0041493776
2868,"-76.8869,37.7104",51097,"Virginia, King and Queen",0.140495867768595,2.41408690712866,0.0171826185742687,121,1.01503224501932,1.01440461179464,0.0165289256198347,2,0.000284010224368077,1,1.00702698791539,0.437796537439457,1.00819047607097,0.5764,0.6523,0.0649,,1647.81,12.3,22.3,17.5,9898.0808905,0.1798434483,8.6,0.127,16.742495342,2.3,0.523,0.2651235444,0.017750639
2869,"-77.1585,38.2682",51099,"Virginia, King George",0.227188081936685,4.59078080903104,0.0202069614299153,537,1.01829428511984,1.01440461179464,0.0130353817504655,7,0.00026340545625588,1,1.00702698791539,0.437796537439457,1.00819047607097,0.0379,0.4374,0.0089,,2901.12,5.6,12.4,145.2,7422.313437,0.1554589169,8.8,0.133,73.495709217,3.7,0.302,0.1568391345,0.0077516463
2870,"-77.0938,37.7097",51101,"Virginia, King William",0.154761904761905,3.06983883346124,0.0198358816931342,336,1.01535732187542,1.01440461179464,0.0148809523809524,5,0.000295176810909735,1,1.00702698791539,0.437796537439457,1.00819047607097,0.1468,0.3747,0.0076,,2047.34,6.9,15.3,49.6,7963.7382007,0.165225733,8.8,0.154,54.065868783,3.7,0.28,0.1536100124,0.0149359466
2871,"-76.464,37.7189",51103,"Virginia, Lancaster",0.101123595505618,2.50394138922378,0.024761198182324,267,1.01060150364479,1.01440461179464,0.00749063670411985,2,0.000185477139942502,1.10408951367381,1.00702698791539,0.437796537439457,1.00819047607097,0.1411,0.5167,0.1512,0.00704813131781508,2052.3,10.5,35.5,98,9859.7019582,0.1415145739,8.5,0.136,48.315044961,3,0.313,0.2864694426,0.0033385885
2872,"-83.1261,36.7059",51105,"Virginia, Lee",0.193689745836985,9.38787647083811,0.0484686292001189,1141,1.01486912079174,1.01440461179464,0.0131463628396144,15,0.000637186185803492,1,1.00702698791539,0.437796537439457,1.00819047607097,0.9694,0.2127,0.7787,,1144.28,13.2,19.7,53.1,9834.8054605,0.2193093765,9.8,0.17,49.784946596,3.7,0.372,0.0345354913,0.0039505544
2873,"-77.6348,39.0899",51107,"Virginia, Loudoun",0.149898201560909,4.34312400147475,0.0289738232763918,11788,1.01481315986999,1.01440461179464,0.0128096369189006,151,0.000371144156322969,1.00094967104063,1.00702698791539,0.437796537439457,1.00819047607097,0.0166,0.9083,0.0853,0.000754577854246037,4466.5,6.2,8.6,716,3348.5244683,0.1098038603,9.6,0.063,172.6528522,5,0.223,0.0743394371,0.0045643358
2874,"-77.9627,37.9785",51109,"Virginia, Louisa",0.20211161387632,3.64348251672195,0.0180270814073631,663,1.01705070409957,1.01440461179464,0.0135746606334842,9,0.000244711512317146,1.01696850489722,1.00702698791539,0.437796537439457,1.00819047607097,0.4685,0.5976,0.1856,,2087.86,11,18.9,60.6,7907.8242579,0.1635819668,8.8,0.14,29.411160219,3.7,0.304,0.155663712,0.0061721681
2875,"-78.2413,36.9462",51111,"Virginia, Lunenburg",0.19811320754717,3.47509515141486,0.0175409564785702,212,1.02203637583554,1.01440461179464,0.0141509433962264,3,0.000248221082243919,1,1.00702698791539,0.437796537439457,1.00819047607097,0.7701,0.6059,0.9449,,1204.95,13.3,21,23.6,9946.4978624,0.2016363558,9.2,0.096,26.91858012,3,0.4,0.3343537978,0.0053781234
2876,"-78.2822,38.4153",51113,"Virginia, Madison",0.185344827586207,3.23429860849944,0.0174501692365551,232,1.01854375002935,1.01440461179464,0.0172413793103448,4,0.000300864986837157,1,1.00702698791539,0.437796537439457,1.00819047607097,0.3172,0.3795,0.1624,,1895.72,12.6,21.1,34.9,8400.9728579,0.1641486814,8.4,0.123,31.758139076,2.3,0.378,0.0893569011,0.0026325686
2877,"-76.341,37.4416",51115,"Virginia, Mathews",0.196969696969697,4.43081117927744,0.0224948875255624,198,1.02031394059803,1.01440461179464,0.00505050505050505,1,0.000113610543058396,1,1.00702698791539,0.437796537439457,1.00819047607097,0.1051,0.2098,0.0143,,1980.27,10,29.8,77.8,7584.8503946,0.1435736952,8.4,0.067,20.574885911,3.7,0.32,0.0847534651,0.0030674847
2878,"-78.3613,36.6788",51117,"Virginia, Mecklenburg",0.0879419764279238,3.1647634584013,0.0359869494290375,1103,1.00747131609346,1.01440461179464,0.0335448776065277,37,0.00120717781402936,1,1.00702698791539,0.437796537439457,1.00819047607097,0.6755,0.5263,0.7265,0.0032300163132137,1425.63,11.7,25,47.9,11893.838019,0.1754660095,9.7,0.194,56.063730898,3.7,0.391,0.3415986949,0.0036215334
2879,"-76.5506,37.6319",51119,"Virginia, Middlesex",0.185365853658537,3.52864704243662,0.0190361222026186,205,1.0155589743015,1.01440461179464,0.0536585365853659,11,0.00102145045965271,1,1.00702698791539,0.437796537439457,1.00819047607097,0.2866,0.2827,0.3037,,2001.92,8.9,30.9,72.6,8679.9096944,0.151365461,8.6,0.1,14.851505145,3,0.303,0.164453524,0.0052929706
2880,"-80.3787,37.1775",51121,"Virginia, Montgomery",0.122416891284816,5.5058847300096,0.0449765115926656,4452,1.01151923315198,1.01440461179464,0.00651392632524708,29,0.000292973682881245,1.04719010295481,1.00702698791539,0.437796537439457,1.00819047607097,0.4303,0.5183,0.8402,0.00258625044198616,1978.25,6.4,11.9,274.1,5709.4187568,0.1688733634,9,0.074,142.65081101,5,0.265,0.0405414962,0.0030812749
2881,"-78.885,37.7879",51125,"Virginia, Nelson",0.259109311740891,4.31383122135346,0.016648692369911,247,1.0255596936971,1.01440461179464,0.0121457489878543,3,0.000202210838500944,1,1.00702698791539,0.437796537439457,1.00819047607097,0.2825,0.4123,0.4066,,1756.9,11.4,25.2,27.3,8219.2640945,0.164976599,8.5,0.061,32.735240768,2.7,0.284,0.1123618226,0.0053248854
2882,"-76.9983,37.5069",51127,"Virginia, New Kent",0.178947368421053,3.79616810325577,0.0212138805770176,475,1.01635826189087,1.01440461179464,0.0105263157894737,5,0.000223304006073869,1.03239118471,1.00702698791539,0.437796537439457,1.00819047607097,0.0675,0.2716,0.0306,,2900.08,5.7,16.3,75.4,6873.8581229,0.143886208,8.8,0.09,47.032800074,4,0.329,0.1345629941,0.0113885043
2883,"-75.8775,37.3406",51131,"Virginia, Northampton",0.0588235294117647,1.87473370259906,0.0318704729441841,374,1.0066678482933,1.01440461179464,0.0828877005347594,31,0.00264167021729868,1,1.00702698791539,0.437796537439457,1.00819047607097,0.5529,0.85,0.5514,0.0121857690668939,1531.67,13.1,25.6,59.3,9837.2378448,0.1767613079,8.4,0.154,89.10936869,3,0.36,0.3333617384,0.0037494674
2884,"-76.4195,37.892",51133,"Virginia, Northumberland",0.15527950310559,4.11624269366922,0.0265086029472298,322,1.01210006213301,1.01440461179464,0.0279503105590062,9,0.000740923684860459,1,1.00702698791539,0.437796537439457,1.00819047607097,0.349,0.3337,0.021,,2093.27,10.5,36,57.6,6965.4513492,0.1457671833,8.6,0.126,11.672014038,3,0.301,0.2477154853,0.0022227711
2885,"-78.0507,37.1436",51135,"Virginia, Nottoway",0.376988984088127,19.9740596627756,0.0529831387808041,817,1.02721632443215,1.01440461179464,0.02937576499388,24,0.00155642023346304,1,1.00702698791539,0.437796537439457,1.00819047607097,0.7054,0.787,0.9748,,1242.54,11.5,18.5,49.6,8976.4859135,0.2026137423,9,0.226,91.482992352,3,0.39,0.386381323,0.0073929961
2886,"-78.0156,38.2453",51137,"Virginia, Orange",0.178025034770515,3.49306844230979,0.019621220390787,719,1.01099886001326,1.01440461179464,0.0125173852573018,9,0.000245606374849907,1.03655432261531,1.00702698791539,0.437796537439457,1.00819047607097,0.3,0.6835,0.3088,,2127.31,10,19.6,85.6,8518.8448677,0.1563051756,8.8,0.147,75.245872836,3.3,0.364,0.12872503,0.0052941819
2887,"-78.488,38.6181",51139,"Virginia, Page",0.205405405405405,6.35106338528392,0.0309196506915138,740,1.02187170039047,1.01440461179464,0.0445945945945946,33,0.00137884928759453,1,1.00702698791539,0.437796537439457,1.00819047607097,0.7449,0.1751,0.1264,0.00104458279363222,1551.28,12.5,20.5,63.8,8480.3289169,0.1794516386,8.4,0.225,28.616134342,3.7,0.359,0.0197217231,0.0027576986
2888,"-80.2866,36.6802",51141,"Virginia, Patrick",0.211864406779661,7.07293611724099,0.0333842584733775,590,1.01904765868284,1.01440461179464,0.0474576271186441,28,0.00158433769026198,1,1.00702698791539,0.437796537439457,1.00819047607097,0.7707,0.4301,0.4798,,1271.21,11.8,25.4,35.1,9908.1986427,0.1792682156,9.1,0.169,17.366142345,3,0.245,0.0540938154,0.0053754314
2889,"-79.3973,36.8198",51143,"Virginia, Pittsylvania",0.183635518363552,6.48082823344107,0.0352918013421057,2151,1.017348993177,1.01440461179464,0.0134821013482101,29,0.000475807642455167,1.02142923558558,1.00702698791539,0.437796537439457,1.00819047607097,0.6876,0.602,0.419,,1297.44,9.7,21.1,50.4,9121.3962353,0.1826983659,10.1,0.13,31.947881851,3.7,0.379,0.2136212243,0.003281432
2890,"-77.9127,37.5502",51145,"Virginia, Powhatan",0.275590551181102,5.99540922950427,0.0217547706327726,635,1.03037476487878,1.01440461179464,0.0094488188976378,6,0.000205556887868718,1,1.00702698791539,0.437796537439457,1.00819047607097,0.0567,0.2907,0.0334,,2939.4,6.3,17.4,90,5864.4488524,0.1410494586,9,0.174,21.322507197,4,0.275,0.0930144918,0.0042824352
2891,"-78.436,37.2255",51147,"Virginia, Prince Edward",0.0600858369098712,2.4400871459695,0.0406100217864924,932,1.00468498246233,1.01440461179464,0.0171673819742489,16,0.000697167755991285,1,1.00702698791539,0.437796537439457,1.00819047607097,0.765,0.8427,0.8606,0.00505446623093682,1565.28,9.3,15.7,71.6,8891.8198351,0.1832614909,9,0.141,84.080540231,3.7,0.375,0.3275816993,0.0031808279
2892,"-77.2292,37.185",51149,"Virginia, Prince George",0.096958174904943,4.01764613203088,0.0414368993225146,1578,1.00508088535806,1.01440461179464,0.00443599493029151,7,0.000183813875321674,1,1.00702698791539,0.437796537439457,1.00819047607097,0.3806,0.5944,0.4136,,2133.58,7.3,13,157.4,5919.7289309,0.179625805,9.2,0.119,138.86256426,4,0.319,0.3123260333,0.0075101098
2893,"-77.4871,38.7092",51153,"Virginia, Prince William",0.140583679637325,6.36096160132988,0.0452467997547066,21176,1.01256242899367,1.01440461179464,0.0114280317340385,242,0.000517081863460474,1.00420197679593,1.00702698791539,0.437796537439457,1.00819047607097,0.1748,0.9542,0.2346,0.0005192185653756,3530.76,11.4,9.2,1071.1,4704.8263729,0.1343222601,9.5,0.091,252.01246191,5,0.303,0.2065122401,0.0108715393
2894,"-80.7123,37.0647",51155,"Virginia, Pulaski",0.347036328871893,10.6557858275113,0.0307051018610932,1046,1.03611015971068,1.01440461179464,0.0181644359464627,19,0.00055774085598544,1.02485387013382,1.00702698791539,0.437796537439457,1.00819047607097,0.5344,0.3572,0.5753,0.00396289555568602,1620.54,7.3,21.9,104.9,8953.4165408,0.1646524031,9,0.146,121.57349777,4,0.305,0.0500205483,0.0023777373
2895,"-78.1583,38.683",51157,"Virginia, Rappahannock",0.28099173553719,4.68836183121897,0.0166850523993381,121,1.01772114753498,1.01440461179464,0.0165289256198347,2,0.000275785990071704,1,1.00702698791539,0.437796537439457,1.00819047607097,0.1519,0.3528,0.0019,,2421.91,13.3,25.6,23.6,4402.6816014,0.1340475764,8.3,0.095,14.321027105,3,0.391,0.0424710425,0.0035852179
2896,"-76.7292,37.9376",51159,"Virginia, Richmond",0.231884057971014,14.1624253153353,0.0610754591723833,552,1.01865750989663,1.01440461179464,0.00905797101449275,5,0.000553219738880283,,1.00702698791539,0.437796537439457,1.00819047607097,0.5299,0.8201,0.9341,,1483.98,9,20.8,46.5,10136.390828,0.1887694603,8.4,0.157,45.174926612,3,0.301,0.2943129011,0.0048683337
2897,"-80.064,37.2687",51161,"Virginia, Roanoke",0.208008599838753,8.2276529928885,0.0395543886130983,3721,1.02164588525809,1.01440461179464,0.0110185434023112,41,0.000435831747685308,1.0228608224892,1.00702698791539,0.437796537439457,1.00819047607097,0.0669,0.524,0.2416,,2256.28,5.3,20.4,345.6,7075.9682516,0.1499451983,8.1,0.115,135.61635221,5,0.296,0.060091631,0.002242939
2898,"-79.4461,37.812",51163,"Virginia, Rockbridge",0.294117647058824,4.83473980309423,0.0164381153305204,374,1.02116420457606,1.01440461179464,0.00802139037433155,3,0.000131856540084388,1.05963402266705,1.00702698791539,0.437796537439457,1.00819047607097,0.4363,0.2222,0.079,,2004.12,9.5,24.9,33.3,6616.4923791,0.1617432693,8.6,0.131,41.849603421,3.7,0.27,0.0328762307,0.0060214487
2899,"-78.8726,38.5101",51165,"Virginia, Rockingham",0.205892669238864,7.22514893407513,0.0350918221653291,2851,1.01572612757485,1.01440461179464,0.0129779024903543,37,0.000455418246270494,1.00392180941666,1.00702698791539,0.437796537439457,1.00819047607097,0.3013,0.5833,0.4339,0.00292944709763183,1911.28,11.4,18.5,93.3,5657.7820345,0.1478418044,8.9,0.102,76.796906611,4,0.278,0.0204692039,0.0059450544
2900,"-82.101,36.9303",51167,"Virginia, Russell",0.28,11.5148796171676,0.041124570061313,1100,1.02395859580371,1.01440461179464,0.01,11,0.00041124570061313,1.02908210240756,1.00702698791539,0.437796537439457,1.00819047607097,0.8516,0.0115,0.2646,0.00291610587707492,1124.71,10.1,20,60.3,10899.214567,0.1897292311,9.4,0.189,64.509868867,3.7,0.38,0.0091595633,0.0025422461
2901,"-82.6017,36.7147",51169,"Virginia, Scott",0.211752786220871,9.70558187053032,0.0458344942881025,987,1.01735547943823,1.01440461179464,0.022289766970618,22,0.00102164019689793,1.03751946033925,1.00702698791539,0.437796537439457,1.00819047607097,0.7825,0.1691,0.8262,,1233.4,10.9,22.7,37.3,9242.106098,0.1888719643,10.1,0.172,59.257641164,3.7,0.303,0.008033807,0.0028791678
2902,"-78.5681,38.8591",51171,"Virginia, Shenandoah",0.203233256351039,8.09251212727314,0.0398188380807872,1732,1.01940322169622,1.01440461179464,0.0392609699769053,68,0.00156332620640504,1.01097016128318,1.00702698791539,0.437796537439457,1.00819047607097,0.3694,0.6081,0.2595,0.000574752281766559,1812.96,9.2,21,74.9,6209.7350538,0.1569101284,8.8,0.156,121.93594608,4,0.331,0.0241166057,0.0042991471
2903,"-81.5334,36.8446",51173,"Virginia, Smyth",0.234686346863469,10.4358099238645,0.0444670517196114,1355,1.02119253955227,1.01440461179464,0.0273062730627306,37,0.00121422945655028,1.00797014400208,1.00702698791539,0.437796537439457,1.00819047607097,0.7567,0.1751,0.83,0.00144394854292465,1282.14,10.8,20.9,67.9,11052.44559,0.1944948417,8.8,0.155,96.638287501,3.7,0.314,0.0236610659,0.0016408506
2904,"-77.1064,36.7223",51175,"Virginia, Southampton",0.053639846743295,3.18435118844535,0.0593654042988741,1044,1.00360929377491,1.01440461179464,0.0383141762452107,40,0.00227453656317525,1,1.00702698791539,0.437796537439457,1.00819047607097,0.4299,0.3884,0.5584,,1808.61,7,18.8,21.5,7694.6844367,0.1710984205,9.1,0.17,33.657038345,3,0.449,0.3455021039,0.0050608439
2905,"-77.6554,38.1857",51177,"Virginia, Spotsylvania",0.15152332165004,4.18659395998153,0.0276300302447891,3709,1.01275973836013,1.01440461179464,0.0156376381774063,58,0.000432068415798805,1,1.00702698791539,0.437796537439457,1.00819047607097,0.1943,0.7835,0.1468,0.000744945544480698,2906.89,8.2,13.2,264.2,6820.7434687,0.1576141072,9,0.113,98.426670852,4.3,0.324,0.1610721256,0.00451437
2906,"-77.4592,38.4176",51179,"Virginia, Stafford",0.177866600049963,4.74793278207522,0.0266937850093358,4003,1.01467118412933,1.01440461179464,0.00549587809143143,22,0.000146705788210189,1,1.00702698791539,0.437796537439457,1.00819047607097,0.0277,0.8173,0.1296,0.000666844491864497,3607.2,7.4,9.8,463.6,5388.1410579,0.1471888603,9.1,0.073,208.90109173,4.3,0.345,0.1829354495,0.0069418512
2907,"-76.8845,37.1178",51181,"Virginia, Surry",0.123076923076923,3.70713623725672,0.0301204819277108,195,1.00600236266079,1.01440461179464,0.0256410256410256,5,0.000772320049428483,1,1.00702698791539,0.437796537439457,1.00819047607097,0.521,0.433,0.2588,,1513.82,11.7,20.7,23.5,10737.311931,0.1729080471,8.6,0.15,6.995904355,2.3,0.26,0.4185974668,0.0044794563
2908,"-77.2579,36.9243",51183,"Virginia, Sussex",,,0.0582895790691466,655,,1.01440461179464,0.0198473282442748,13,0.00115689240900596,1,1.00702698791539,0.437796537439457,1.00819047607097,0.9172,0.7533,0.8965,,1263.48,7.2,16.9,20.9,10767.304242,0.1932499198,9.1,0.108,47.108449031,3.7,0.394,0.5607368515,0.0050725283
2909,"-81.5669,37.1219",51185,"Virginia, Tazewell",0.311184210526316,11.5775302900502,0.0372047485007955,1520,1.03459300687461,1.01440461179464,0.00526315789473684,8,0.00019581446579366,1,1.00702698791539,0.437796537439457,1.00819047607097,0.7796,0.1385,0.6845,0.00565414269979195,1296.96,10.6,20.7,88.5,11576.927471,0.1945427191,9,0.143,58.952792054,4,0.322,0.0318443275,0.0019826215
2910,"-78.2028,38.9085",51187,"Virginia, Warren",0.208842897460019,5.54958378121641,0.0265730070244732,1063,1.01664432515344,1.01440461179464,0.0291627469426152,31,0.000774941879359048,1.01993180033091,1.00702698791539,0.437796537439457,1.00819047607097,0.3904,0.4142,0.2117,0.00149988750843687,2307.86,11.5,15.3,161.9,8574.0962554,0.1629341566,8.7,0.154,157.76947831,4,0.324,0.0461215409,0.0052746044
2911,"-81.9567,36.7234",51191,"Virginia, Washington",0.25356988316746,10.7716628065145,0.0424800558802985,2311,1.01970083271166,1.01440461179464,0.0155776720034617,36,0.000661740377192015,1.00819891621082,1.00702698791539,0.437796537439457,1.00819047607097,0.5863,0.0965,0.3426,0.00213227454872983,1695.45,9.1,21.6,97.8,8553.6063725,0.1772321494,9.5,0.182,75.627657397,4,0.302,0.0147053417,0.0024815264
2912,"-76.8021,38.1102",51193,"Virginia, Westmoreland",0.231464737793852,7.17891194615816,0.0310151430173864,553,1.01802372967782,1.01440461179464,0.0144665461121157,8,0.000448681996634885,1,1.00702698791539,0.437796537439457,1.00819047607097,0.4691,0.7797,0.0761,,1749.38,13,24.1,63.6,8482.1399237,0.1707627056,8.7,0.168,33.140279527,3,0.346,0.2553561413,0.0083006169
2913,"-82.6241,36.9746",51195,"Virginia, Wise",0.204842931937173,8.23424181837314,0.0401978322634957,1528,1.01817458254169,1.01440461179464,0.0333769633507853,51,0.00134168157423971,1.00283295200246,1.00702698791539,0.437796537439457,1.00819047607097,0.9347,0.1987,0.9325,0.00157844891087025,1146.49,11.1,16.9,111.3,12425.183692,0.1906493461,9.6,0.176,47.990427856,4,0.353,0.0564295486,0.0019993686
2914,"-81.0783,36.9158",51197,"Virginia, Wythe",0.309572301425662,10.5724420950129,0.0341517701884955,982,1.02608981423349,1.01440461179464,0.0122199592668024,12,0.000417333240592613,1.04195362743721,1.00702698791539,0.437796537439457,1.00819047607097,0.6096,0.1006,0.3394,0.00375599916533352,1541.52,9.3,20.4,64.8,8987.9920127,0.1720655557,8.8,0.132,92.147101688,4,0.355,0.0276135494,0.0025039994
2915,"-76.5441,37.2437",51199,"Virginia, York",0.166207529843893,2.66780650296259,0.0160510568051175,1089,1.01341663686817,1.01440461179464,0.00826446280991736,9,0.000132653362025764,1,1.00702698791539,0.437796537439457,1.00819047607097,0.1099,0.7428,0.1538,0.00213719305485953,2934.4,5.1,15.3,601.4,4465.0412883,0.1385425562,8.9,0.088,235.72229475,5,0.271,0.1315773959,0.0055272234
2916,"-77.0818,38.814",51510,"Virginia, Alexandria City",0.141914722445696,5.49430013081667,0.0387155048900517,6215,1.01322279951492,1.01440461179464,0.0131938857602574,82,0.000510807948670031,1,1.00702698791539,0.437796537439457,1.00819047607097,0.0685,0.9408,0.7192,0.00198093814240329,3581,12.4,10.8,10646.5,3610.827084,0.1507335765,9.7,0.06,1988.3561421,3.7,0.239,0.2199962624,0.0063477232
2917,"-82.1636,36.6163",51520,"Virginia, Bristol City",0.213649851632047,8.73680378594831,0.0408930954981192,674,1.0157884717922,1.01440461179464,0.0103857566765579,7,0.000424705739594709,1,1.00702698791539,0.437796537439457,1.00819047607097,0.7768,0.2665,0.5358,,1311.38,11.5,20.1,1639.2,13267.082333,0.1940287366,9.4,0.224,322.64431702,5,0.291,0.0615823322,0.0049751244
2918,"-79.353,37.7348",51530,"Virginia, Buena Vista City",0.348148148148148,22.6070226070226,0.0649350649350649,405,1.0270414315589,1.01440461179464,0.00493827160493827,2,0.000320666987333654,1.10408951367381,1.00702698791539,0.437796537439457,1.00819047607097,0.6771,0.1735,0.298,,1111.46,14.6,18.4,821.6,43939.069406,0.2102427519,8.4,0.088,178.52561156,4,0.258,0.0551547218,0.012025012
2919,"-78.4857,38.0353",51540,"Virginia, Charlottesville City",0.0796812749003984,3.32522808986429,0.0417316125277968,2008,1.00604868185514,1.01440461179464,0.0154382470119522,31,0.000644262942411206,1,1.00702698791539,0.437796537439457,1.00819047607097,0.3618,0.8424,0.8714,0.0127605627948542,1874.38,9.1,10.7,6364.6,5399.9452864,0.1936681723,8.7,0.072,433.87391947,3,0.289,0.1793337074,0.0041773178
2920,"-76.3055,36.6767",51550,"Virginia, Chesapeake City",0.123209549071618,3.8288121203129,0.0310756118268668,7540,1.01141727955073,1.01440461179464,0.0116710875331565,88,0.000362686185777756,1.01191147754528,1.00702698791539,0.437796537439457,1.00819047607097,0.1567,0.7303,0.2544,0.00127764451808073,2558.87,7.5,12.5,647.5,6792.9075396,0.1418460594,9,0.121,297.75415519,5,0.362,0.2960838135,0.0048179563
2921,"-77.3961,37.2642",51570,"Virginia, Colonial Heights City",0.169322709163347,4.76644423260248,0.0281500588796052,502,1.01382429974256,1.01440461179464,0.051792828685259,26,0.00145797117703135,1,1.00702698791539,0.437796537439457,1.00819047607097,0.508,0.7335,0.1802,,1769.43,8.2,20.5,2547.9,10793.428635,0.1660808978,9.2,0.104,623.03149437,5,0.265,0.1573487355,0.0070655526
2922,"-79.9863,37.7825",51580,"Virginia, Covington City",0.425373134328358,20.8791208791209,0.0490842490842491,268,1.04957744553944,1.01440461179464,0.0111940298507463,3,0.000549450549450549,1.05963402266705,1.00702698791539,0.437796537439457,1.00819047607097,0.5424,0.2585,0.4212,,1192.3,12,21.5,960.1,17906.296341,0.1820643087,8.5,0.095,235.45159467,5,0.267,0.130952381,0.0047619048
2923,"-79.404,36.5802",51590,"Virginia, Danville City",0.173957273652085,8.40439387609663,0.0483129776620057,1966,1.01626841655542,1.01440461179464,0.0279755849440488,55,0.00135158381048338,1.01084518041743,1.00702698791539,0.437796537439457,1.00819047607097,0.8889,0.7377,0.8841,0.00614356277492443,1176.76,10.4,20.1,1171.3,12927.151094,0.207991024,10,0.12,180.35361974,5,0.296,0.5046076721,0.0048165532
2924,"-77.5341,36.6946",51595,"Virginia, Emporia City",0.0773480662983425,5.46768209334114,0.0706893184924819,362,1.00689506148671,1.01440461179464,0.0801104972375691,29,0.00566295645381761,1.00502563202403,1.00702698791539,0.437796537439457,1.00819047607097,0.9803,0.6297,0.8656,0.0156219488381176,1156.36,18.8,16.3,1064.6,9603.3578249,0.2362517434,9.2,0.119,214.15670081,5,0.259,0.6295645382,0.0080062488
2925,"-77.2978,38.8516",51600,"Virginia, Fairfax City",0.108786610878661,1.05802881093839,0.00972572637747213,239,1.00994798121737,1.01440461179464,0.0418410041841004,10,0.000406934158053227,1.01516534655549,1.00702698791539,0.437796537439457,1.00819047607097,0.0561,0.9214,0.6928,,4018.25,8,14.4,7678.1,6000.8443945,0.1266535976,9.5,0.072,1357.0795363,4,0.243,0.0566045414,0.0066737202
2926,"-77.1756,38.8849",51610,"Virginia, Falls Church City",0.266187050359712,2.50473869482805,0.00940969401570539,139,1.02121945341102,1.01440461179464,0.0431654676258993,6,0.000406173842404549,1,1.00702698791539,0.437796537439457,1.00819047607097,0.0089,0.6581,0.3464,,5018.02,2.6,12.1,8858.8,5156.3008365,0.1302378001,9.7,0.054,996.63751767,3.3,0.196,0.0444083401,0.0055510425
2927,"-76.9386,36.6831",51620,"Virginia, Franklin City",0.088628762541806,6.61425184075877,0.0746287283164857,598,1.00865309859534,1.01440461179464,0.0284280936454849,17,0.00212155247722451,1,1.00702698791539,0.437796537439457,1.00819047607097,0.7828,0.5164,0.2919,0.0112317484088356,1668.94,9.1,18.8,1090.2,18125.539074,0.1974340459,8.8,0.14,48.381104349,5,0.491,0.5748159241,0.0043679022
2928,"-77.4922,38.2978",51630,"Virginia, Fredericksburg City",0.147023086269745,4.15179796870711,0.0282390886631897,823,1.01239597985526,1.01440461179464,0.00729040097205346,6,0.000205874279440022,1,1.00702698791539,0.437796537439457,1.00819047607097,0.3242,0.8924,0.9109,0.0144111995608015,2317.76,10.8,10.6,4012.9,7836.438698,0.1751064815,8.8,0.109,529.05333708,5,0.317,0.2322261872,0.0077202855
2929,"-80.917,36.666",51640,"Virginia, Galax City",0.148425787106447,15.4133582438113,0.103845555036587,667,1.01284336061703,1.01440461179464,0.0449775112443778,30,0.00467071461933676,1,1.00702698791539,0.437796537439457,1.00819047607097,0.9013,0.8255,0.9188,0.0219523587108828,1194.64,15.3,22.7,1013.2,16529.875288,0.1911654806,8.6,0.126,211.40092349,5,0.289,0.0579168613,0.0043593336
2930,"-76.3588,37.0351",51650,"Virginia, Hampton City",0.169687964338782,4.25126383894336,0.0250534199965752,3365,1.01962426039488,1.01440461179464,0.0112927191679049,38,0.000282921236216896,1.0118175820723,1.00702698791539,0.437796537439457,1.00819047607097,0.4863,0.7991,0.8061,0.00510002754759405,1828.18,9.5,14.5,2593.2,8712.663131,0.20322793,8.7,0.15,374.10589144,5,0.381,0.4961619501,0.0053606129
2931,"-78.8754,38.4354",51660,"Virginia, Harrisonburg City",0.0875394321766561,6.16290044972517,0.0704014213536172,3804,1.00738638755799,1.01440461179464,0.010515247108307,40,0.00074028834230933,1.00735452613864,1.00702698791539,0.437796537439457,1.00819047607097,0.7513,0.893,0.9787,,1521.98,14.2,8.8,3610.5,5335.3593695,0.1969365179,8.8,0.07,410.62603144,5,0.254,0.074010327,0.0079025781
2932,"-77.2975,37.2919",51670,"Virginia, Hopewell City",0.112230215827338,3.45193839617631,0.0307576562223402,695,1.00850404280289,1.01440461179464,0.0129496402877698,9,0.00039830058417419,1,1.00702698791539,0.437796537439457,1.00819047607097,0.8755,0.8644,0.6523,0.00650557620817844,1293.54,10.5,15.6,2031,14938.091998,0.1954439237,9.2,0.169,218.95976169,5,0.296,0.4125951496,0.0067711099
2933,"-79.4426,37.7826",51678,"Virginia, Lexington City",0.185779816513761,11.3508968609865,0.0610986547085202,436,1.01202614174126,1.01440461179464,0.00688073394495413,3,0.000420403587443946,1,1.00702698791539,0.437796537439457,1.00819047607097,0.6449,0.2493,0.6692,0.00350336322869955,1606.81,5.6,15.7,4211.2,27642.855567,0.1682929308,8.4,0.071,276.37705004,5,0.19,0.0864630045,0.0019618834
2934,"-79.1989,37.4002",51680,"Virginia, Lynchburg City",0.189076877411695,7.75637435160607,0.041022331539342,3369,1.01875988208669,1.01440461179464,0.01246660730187,42,0.000511409297908092,1.02226578920968,1.00702698791539,0.437796537439457,1.00819047607097,0.7057,0.7695,0.893,0.00821907800209434,1527.24,9.4,14,2145,7764.7657556,0.1748587704,9.1,0.097,325.12505353,4.3,0.354,0.2783284222,0.0042252149
2935,"-77.4851,38.7464",51683,"Virginia, Manassas City",0.104199066874028,6.43596455416537,0.0617660478854975,2572,1.01047911359493,1.01440461179464,0.0108864696734059,28,0.000672414207151605,1,1.00702698791539,0.437796537439457,1.00819047607097,0.3774,0.971,0.2814,0.00312192310463245,2699.52,15.6,9.2,4413.5,6012.8465997,0.1546219814,9.2,0.04,85.82404497,4,0.31,0.1338824716,0.0138805504
2936,"-77.444,38.7706",51685,"Virginia, Manassas Park City",0.108108108108108,5.08464783035766,0.0470329924308083,814,1.01061580774018,1.01440461179464,0.00982800982800983,8,0.000462240711850696,1,1.00702698791539,0.437796537439457,1.00819047607097,0.4608,0.9784,0.2611,,2669.32,18.7,8.1,4430.8,7273.5690078,0.1641286841,9.2,0.212,142.3273805,5,0.406,0.1363032299,0.0159473046
2937,"-79.8635,36.6821",51690,"Virginia, Martinsville City",0.153661464585834,9.92094248953651,0.0645636335451868,833,1.01261832055987,1.01440461179464,0.0324129651860744,27,0.00209269880638661,1.01105509534937,1.00702698791539,0.437796537439457,1.00819047607097,0.872,0.6613,0.5597,0.0172841419934894,1273.35,13.2,19.2,1489.6,14841.160205,0.2033723259,9.5,0.144,118.58610489,5,0.293,0.4647341497,0.0048054565
2938,"-76.5175,37.0817",51700,"Virginia, Newport News City",0.126953125,3.27499916025663,0.0257969164623291,4608,1.01145065705292,1.01440461179464,0.0125868055555556,58,0.000324700771444247,1.00502563202403,1.00702698791539,0.437796537439457,1.00819047607097,0.5201,0.8695,0.9507,0.00401397332975043,1611.54,11.5,12.4,2970.2,8415.613268,0.1847904863,9,0.139,568.33565352,5,0.346,0.4080145108,0.0057942293
2939,"-76.2642,36.8993",51710,"Virginia, Norfolk City",0.11400651465798,3.44155099231387,0.0301873187040102,7368,1.01188822657065,1.01440461179464,0.0134364820846906,99,0.000405611366951277,1.00897148424402,1.00702698791539,0.437796537439457,1.00819047607097,0.6586,0.8488,0.9411,0.00398646323276357,1778.82,12.9,10.6,5344.5,9578.0576006,0.1925546929,8.8,0.108,1049.75525,5,0.336,0.4081966273,0.0064774906
2940,"-82.6275,36.9336",51720,"Virginia, Norton City",0.233644859813084,6.30040322580645,0.0269657258064516,107,1.01411553301736,1.01440461179464,0,0,0,,1.00702698791539,0.437796537439457,1.00819047607097,0.9576,0.157,0.8542,0.0660282258064516,1126.18,10.1,17.3,488,12072.100499,0.1966503926,9.1,0.095,156.636094,5,0.318,0.056703629,0.0035282258
2941,"-77.3937,37.2053",51730,"Virginia, Petersburg City",0.0872427983539095,3.35793708619761,0.0384895618842462,1215,1.0076353610534,1.01440461179464,0.0255144032921811,31,0.000982038204454018,1,1.00702698791539,0.437796537439457,1.00819047607097,0.9261,0.8641,0.8898,0.00950359552697437,1138.09,13.2,16.4,1469.9,18804.25065,0.236602116,9.2,0.143,645.40473216,5,0.404,0.7631070422,0.0049735483
2942,"-76.358,37.1426",51735,"Virginia, Poquoson City",0.378260869565217,7.13699753896637,0.0188679245283019,230,1.0216324141419,1.01440461179464,0.0130434782608696,3,0.000246103363412633,1.05963402266705,1.00702698791539,0.437796537439457,1.00819047607097,0.064,0.2728,0.0051,,3085.51,3,18.8,537.3,6484.431352,0.1356356362,8.7,0.074,0.7592346573,5,0.373,0.0112387203,0.0043478261
2943,"-76.3597,36.8591",51740,"Virginia, Portsmouth City",0.111327581408294,4.2268999915462,0.0379681291740637,3593,1.01052877687139,1.01440461179464,0.0203172836070136,73,0.000771409248457182,1.00397639411768,1.00702698791539,0.437796537439457,1.00819047607097,0.7143,0.7536,0.7469,0.00579085298841829,1561.46,10.9,14.2,3026.3,11128.686543,0.1898329946,9,0.123,545.31060676,5,0.39,0.5332551357,0.005156818
2944,"-80.5603,37.1222",51750,"Virginia, Radford City",0.125284738041002,8.99721904138721,0.0718141665303452,1317,1.00945963338021,1.01440461179464,0.00531511009870919,7,0.000381700201755821,1.02226578920968,1.00702698791539,0.437796537439457,1.00819047607097,0.7462,0.3604,0.8236,,1344.65,7.7,8.5,1715.7,7303.6796748,0.223055401,8.9,0.085,249.88062338,5,0.342,0.0951524074,0.0025628442
2945,"-77.4797,37.5326",51760,"Virginia, Richmond City",0.126636982713463,4.22671264910417,0.0333766057792756,7636,1.0114719161877,1.01440461179464,0.0112624410686223,86,0.00037590205565973,1.00682720684153,1.00702698791539,0.437796537439457,1.00819047607097,0.6822,0.9268,0.879,0.0116223670465026,1827.97,13.4,12.4,4813.5,9113.698286,0.195332575,9.3,0.115,820.71289266,4,0.309,0.4679018983,0.0053719026
2946,"-79.9619,37.2779",51770,"Virginia, Roanoke City",0.120034356882113,5.59447558046437,0.0466072858286629,4657,1.01098936083574,1.01440461179464,0.0173931715696801,81,0.000810648518815052,1.00540603558491,1.00702698791539,0.437796537439457,1.00819047607097,0.7108,0.8367,0.7431,0.00900720576461169,1552.07,12.5,15.9,2957.3,10931.774182,0.1957036459,9,0.116,411.12900063,5,0.349,0.2885308247,0.0042634107
2947,"-80.0622,37.2836",51775,"Virginia, Salem City",0.143549951503395,5.77155559021955,0.0402059041453808,1031,1.01437074951139,1.01440461179464,0.023278370514064,24,0.000935927933549117,1.00609846529734,1.00702698791539,0.437796537439457,1.00819047607097,0.2545,0.4416,0.624,0.0309636158015833,2050.82,6.9,18.5,2615,8956.4014247,0.1486551083,8.8,0.088,408.34324281,5,0.27,0.0742112857,0.0040556877
2948,"-79.0598,38.1597",51790,"Virginia, Staunton City",0.355251141552511,15.6086991413209,0.0439370837011476,1095,1.000916593363,1.01440461179464,0.0164383561643836,18,0.000722253430703796,1.04758646582496,1.00702698791539,0.437796537439457,1.00819047607097,0.2898,0.603,0.6081,,1708.69,10.4,20.7,1285,9456.6009574,0.166565783,8.6,0.139,103.85437533,5,0.311,0.1133536634,0.0036915175
2949,"-76.636,36.7016",51800,"Virginia, Suffolk City",0.139831828090937,4.92405549158305,0.0352141251302297,3211,1.01386228856428,1.01440461179464,0.0258486452818437,83,0.000910237429401766,1.0052729925644,1.00702698791539,0.437796537439457,1.00819047607097,0.3325,0.6501,0.255,0.00164500740253331,2325.19,7.3,13.7,202,6614.8736002,0.1643807072,9.1,0.138,170.48695367,4,0.324,0.4152108351,0.0041125185
2950,"-76.0457,36.7329",51810,"Virginia, Virginia Beach City",0.172089106637067,4.99345830306827,0.0290167018741018,13063,1.01490287415355,1.01440461179464,0.00956901171247034,125,0.00027766116009054,1.0070519262919,1.00702698791539,0.437796537439457,1.00819047607097,0.0978,0.7708,0.2308,0.000981809862080149,2528.31,8.2,13.2,1613.3,5718.0728237,0.1495201847,8.2,0.095,401.18430756,5,0.269,0.1910264356,0.0046047327
2951,"-78.9029,38.0645",51820,"Virginia, Waynesboro City",0.293181818181818,11.4018030758352,0.0388898709563373,880,1.02826795313552,1.01440461179464,0.0102272727272727,9,0.000397737316598904,1.03655432261531,1.00702698791539,0.437796537439457,1.00819047607097,0.5513,0.6587,0.3305,,1420.29,12.9,18.3,1454.7,8335.8955615,0.1799871862,8.6,0.199,155.58357739,5,0.393,0.1219285841,0.0058776737
2952,"-76.7091,37.2813",51830,"Virginia, Williamsburg City",0.110769230769231,2.41675617615467,0.0218179377013963,325,1.00770458579784,1.01440461179464,0.0246153846153846,8,0.000537056928034372,1,1.00702698791539,0.437796537439457,1.00819047607097,0.4997,0.4782,0.8348,0.00268528464017186,2331.43,5.8,14.8,2618.9,3430.9366645,0.1603523733,8.7,0.111,167.9418031,4,0.341,0.1527255639,0.0051691729
2953,"-78.1733,39.1705",51840,"Virginia, Winchester City",0.217958557175748,10.1038850149424,0.0463569090650349,1303,1.01674570531344,1.01440461179464,0.00460475825019187,6,0.000213462359470613,1.02638809625704,1.00702698791539,0.437796537439457,1.00819047607097,0.429,0.8816,0.836,0.014622171623737,2094.33,15.5,15.6,4482.9,7052.5873362,0.1707561863,9,0.081,534.99951515,5,0.339,0.1056282909,0.0092144585
2954,"-118.5602,46.983",53001,"Washington, Adams",0.095751854349292,7.18659851207045,0.0750544055873273,1483,1.00919114585452,1.01873149649174,0.00876601483479434,13,0.000657928032795182,1.01150029829051,,0.444278756636341,1.00906317002896,0.9274,0.9869,0.8933,0.00288476137456349,1489.61,19.5,10.8,10.5,5818.4327182,0.1433154142,9.3,0.103,25.747375574,3.7,0.369,0.0058707424,0.0604281593
2955,"-117.2023,46.1889",53003,"Washington, Asotin",0.215922798552473,7.91685095090668,0.0366651923927466,829,1.01596479880409,1.01873149649174,0.0180940892641737,15,0.000663423264042459,1.02065336654354,,0.444278756636341,1.00906317002896,0.4548,0.256,0.3142,0.00110570544007077,1567.41,7.3,22.2,29.8,7107.4141735,0.1435764439,8.6,0.125,82.965981981,3.7,0.32,0.0067669173,0.0183989385
2956,"-119.5121,46.2395",53005,"Washington, Benton",0.18229747541316,8.90641331107556,0.048856481917207,9863,1.01946375968411,1.01873149649174,0.014498631248099,143,0.000708352115396999,,,0.444278756636341,1.00906317002896,0.3038,0.8437,0.5212,0.00205570718804024,2287.47,7.6,14.1,117.6,5676.15664,0.1307876746,9.2,0.089,212.01908581,3.7,0.309,0.014697068,0.0128791294
2957,"-120.6174,47.8705",53007,"Washington, Chelan",0.099388379204893,3.37504543330391,0.033958149436627,2616,1.00455998691288,1.01873149649174,0.00840978593272171,22,0.000285580767433408,,,0.444278756636341,1.00906317002896,0.442,0.8825,0.7641,0.0032582169375357,2139.49,8.9,18.2,28.4,5089.0035254,0.1306664485,6.9,0.065,185.89752992,3.3,0.266,0.0054130536,0.0206397009
2958,"-123.9226,48.0475",53009,"Washington, Clallam",0.215753424657534,1.64197193009891,0.0076104095807759,584,1.01727984731887,1.01873149649174,0.00684931506849315,4,5.2126093019013e-05,1,,0.444278756636341,1.00906317002896,0.4478,0.5861,0.7552,0.00212413829052478,1917.06,8.9,28,42.5,6981.1611722,0.1409564954,5.8,0.118,89.145264836,3.3,0.292,0.0094478544,0.0557097619
2959,"-122.4829,45.7757",53011,"Washington, Clark",0.2353047078945,5.42484596052356,0.0230545576799756,11109,1.02018173302427,1.01873149649174,0.0116122063192006,129,0.000267714280377788,1.00111235255457,,0.444278756636341,1.00906317002896,0.1774,0.7482,0.3658,0.00135309853338231,2541.26,6.3,14.6,672.5,5455.1132436,0.1404192903,8.3,0.101,404.71749515,4.3,0.305,0.0207281413,0.0117669765
2960,"-117.9052,46.2944",53013,"Washington, Columbia",0.366666666666667,5.42005420054201,0.0147819660014782,60,1.02348860217202,1.01873149649174,0.05,3,0.00073909830007391,1,,0.444278756636341,1.00906317002896,0.2092,0.6243,0.2372,0.00615915250061592,1667.84,4.9,27.3,4.8,9048.3855266,0.1435221546,7.1,0.114,69.569228432,2,0.353,0.0061591525,0.0174919931
2961,"-122.6782,46.1907",53015,"Washington, Cowlitz",0.25267094017094,4.33996715204566,0.0171763604833604,1872,1.02582538280824,1.01873149649174,0.00801282051282051,15,0.00013763109361667,1.00990485606307,,0.444278756636341,1.00906317002896,0.5968,0.5893,0.7555,0.00185343206070449,1737.11,5.8,18.5,91.7,8521.2198972,0.1782366819,6.9,0.114,232.07709614,3.7,0.347,0.009102003,0.0204152789
2962,"-119.6929,47.7361",53017,"Washington, Douglas",0.0524475524475524,1.74796653226746,0.0333278952152329,1430,1.00323834650286,1.01873149649174,0.00699300699300699,10,0.000233062204302328,,,0.444278756636341,1.00906317002896,0.4357,0.9067,0.5845,,1748.25,10.4,16.6,19.2,4236.8577759,0.1355658625,7.5,0.081,206.86470118,3.3,0.324,0.0046612441,0.0210222108
2963,"-118.5154,48.4711",53019,"Washington, Ferry",0.442857142857143,8.10563472349327,0.0183030461498235,140,1.03505205734318,1.01873149649174,0.00714285714285714,1,0.000130736043927311,1,,0.444278756636341,1.00906317002896,0.7596,0.6457,0.7033,0.00326840109818277,1599.41,8.1,24.2,3.3,10988.530968,0.1674833318,6.5,0.097,12.546039747,3,0.301,0.0057523859,0.1713949536
2964,"-118.9018,46.5335",53021,"Washington, Franklin",0.151404310907903,12.2844393568423,0.0811366551135701,7655,1.01678596695916,1.01873149649174,0.00979751796211626,75,0.000794937835861236,1,,0.444278756636341,1.00906317002896,0.7357,0.9764,0.7813,0.00112351214135055,2154.6,14.9,8.7,68.4,4852.9651189,0.1401274054,9.4,0.099,308.8532997,3.7,0.331,0.0214315241,0.0169268763
2965,"-117.5454,46.432",53023,"Washington, Garfield",0.131147540983607,3.56030262572319,0.0271473075211393,61,1.00236411898285,1.01873149649174,0,0,0,,,0.444278756636341,1.00906317002896,0.3949,0.2334,0.0201,0.0200267022696929,1558.87,5.4,21.8,2.9,6237.3271612,0.1340723313,7.5,0.132,83.005307994,,0.331,0.0008900757,0.0071206053
2966,"-119.4501,47.2075",53025,"Washington, Grant",0.103231403166341,4.89052819759378,0.0473744233594641,4611,1.00872366652064,1.01873149649174,0.0082411624376491,38,0.000390420318295302,,,0.444278756636341,1.00906317002896,0.701,0.951,0.7982,0.00191100471586648,1882.97,13.5,13.2,35.8,6822.3077605,0.1565962674,9.2,0.11,93.22151659,3.7,0.343,0.0091440548,0.0226957496
2967,"-123.7821,47.14",53027,"Washington, Grays Harbor",0.277382645803698,5.27733048267276,0.0190254529708664,1406,1.02522537366525,1.01873149649174,0.0120910384068279,17,0.000230037482578044,,,0.444278756636341,1.00906317002896,0.6465,0.709,0.8972,0.00175911016089092,1435.57,8.4,20.3,37.1,8816.4751755,0.1528843879,6.1,0.132,172.4105631,3.3,0.358,0.0123273027,0.0557637921
2968,"-122.5216,48.1471",53029,"Washington, Island",0.204081632653061,1.89438787591759,0.00928250059199621,784,1.0167370811043,1.01873149649174,0.0204081632653061,16,0.000189438787591759,,,0.444278756636341,1.00906317002896,0.1465,0.5285,0.2442,0.000899834241060857,2136.49,5.5,23.4,359.8,5460.3921158,0.1160061529,7.4,0.081,64.150863432,3.7,0.292,0.0282382193,0.0107980109
2969,"-123.561,47.75",53031,"Washington, Jefferson",0.158974358974359,0.977024173469066,0.00614579722020864,195,1.01475284512634,1.01873149649174,0.00512820512820513,1,3.15169088215828e-05,1,,0.444278756636341,1.00906317002896,0.2618,0.3572,0.3607,0.000787922720539569,1884.68,6,34.2,17.2,6941.4109162,0.1173230233,6.1,0.08,47.320306131,2.3,0.242,0.0096441741,0.0233225125
2970,"-121.8346,47.4914",53033,"Washington, King",0.187104789808445,4.51825504900448,0.0241482596657745,53927,1.0184933405593,1.01873149649174,0.0169117510708921,912,0.000408389356262843,,,0.444278756636341,1.00906317002896,0.0885,0.9048,0.8666,0.00222688625953412,3375.76,5.7,12.7,1103.5,4485.4698712,0.0881504546,7.5,0.072,825.57302082,3.7,0.22,0.0655026077,0.0100171819
2971,"-122.6436,47.6348",53035,"Washington, Kitsap",0.218840115347645,2.53145790478308,0.0115676136468931,3121,1.01808476078763,1.01873149649174,0.00961230374879846,30,0.000111191416022683,,,0.444278756636341,1.00906317002896,0.1245,0.525,0.6507,0.00141213098348807,2517.64,5,16.9,655.2,5511.2068648,0.1246955382,7,0.081,199.91533741,4.3,0.306,0.0284131132,0.0173050907
2972,"-120.6794,47.1252",53037,"Washington, Kittitas",0.305286671630678,8.65636348281395,0.028354868676632,1343,1.01453102430722,1.01873149649174,0.0171258376768429,23,0.000485600878304197,1,,0.444278756636341,1.00906317002896,0.478,0.5145,0.5148,0.000527827041634997,1726.97,6.8,15.3,19.1,5296.1645908,0.1425893072,6.7,0.065,85.686984622,3,0.274,0.0104932016,0.0131323368
2973,"-120.7914,45.8733",53039,"Washington, Klickitat",0.2,2.98547971230832,0.0149273985615416,330,1.01713370447685,1.01873149649174,0.00909090909090909,3,0.000135703623286742,1,,0.444278756636341,1.00906317002896,0.557,0.7437,0.4639,0.00189985072601438,1596.98,8.1,22.7,11.6,6959.809744,0.1431118903,6.4,0.112,35.620977809,3,0.294,0.0051567377,0.0261907993
2974,"-122.3926,46.5776",53041,"Washington, Lewis",0.27942063971032,5.81629063866137,0.0208155369076931,1657,1.0251026157651,1.01873149649174,0.0102595051297526,17,0.000213557107683031,,,0.444278756636341,1.00906317002896,0.6242,0.6657,0.8255,0.00157027285061052,1630.99,8.2,20.4,31.6,7318.2189016,0.1616576325,6.8,0.104,156.69241098,3.3,0.347,0.0075247475,0.0199738707
2975,"-118.4194,47.5771",53043,"Washington, Lincoln",0.194174757281553,3.7243947858473,0.0191806331471136,206,1.01626520583008,1.01873149649174,0.0194174757281553,4,0.00037243947858473,1,,0.444278756636341,1.00906317002896,0.2914,0.2792,0.0863,0.00791433891992551,1721.41,5.4,25.2,4.6,6209.840743,0.1301199951,8.8,0.124,61.077133009,3,0.307,0.0048417132,0.0195530726
2976,"-123.1864,47.3501",53045,"Washington, Mason",0.345500848896435,6.2130764651106,0.017982810997298,1178,1.02574247442631,1.01873149649174,0.0101867572156197,12,0.000183186529683851,,,0.444278756636341,1.00906317002896,0.5876,0.7332,0.4215,0.000381638603508022,1665.47,8.1,22.1,58.6,6893.9557922,0.1595791395,5.9,0.121,83.516558847,3.3,0.358,0.0128230571,0.0480406674
2977,"-119.7387,48.5486",53047,"Washington, Okanogan",0.0711610486891386,2.25481819044906,0.0316861293078895,1335,1.00852299185621,1.01873149649174,0.0104868913857678,14,0.000332288996487231,1.01064309218431,,0.444278756636341,1.00906317002896,0.7634,0.8889,0.744,0.002159878477167,1576.48,12.4,20.7,8,7224.0226329,0.1664136642,7.1,0.108,53.208469165,3.7,0.329,0.0070018039,0.1295452388
2978,"-123.7286,46.5542",53049,"Washington, Pacific",0.124579124579125,1.67907061172627,0.0134779451806135,297,1.01370885629547,1.01873149649174,0.0101010101010101,3,0.000136140860410238,1,,0.444278756636341,1.00906317002896,0.665,0.7396,0.5345,0.00231439462697404,1559.51,7.4,29.3,22.6,8772.7005981,0.152699506,6.2,0.15,50.637944418,3,0.336,0.0082592122,0.0287711018
2979,"-117.2742,48.5323",53051,"Washington, Pend Oreille",0.279635258358663,6.76371121893839,0.0241876194677253,329,1.02072156696349,1.01873149649174,0.00911854103343465,3,0.000220555800617556,1,,0.444278756636341,1.00906317002896,0.4927,0.2894,0.5683,0.00544037641523305,1467.46,7.6,25.2,9.2,8591.4198591,0.1535237161,9,0.139,53.436181797,2,0.399,0.0064696368,0.0373474489
2980,"-122.1406,47.0389",53053,"Washington, Pierce",0.219151910531221,5.27656824477532,0.0240772176340375,21460,1.02116921357317,1.01873149649174,0.0132805219012116,285,0.000319758016109072,,,0.444278756636341,1.00906317002896,0.2634,0.8223,0.7046,0.00182879146055364,2330.58,6.7,13.2,504.5,6552.9602633,0.1511478724,7.1,0.095,365.10479913,4.3,0.311,0.0698340288,0.0175148856
2981,"-122.9674,48.6018",53055,"Washington, San Juan",0.164383561643836,0.700607192900514,0.00426202709014479,73,1.02126942500346,1.01873149649174,0,0,0,,,0.444278756636341,1.00906317002896,0.0404,0.4454,0.2343,0.00145959831854274,2598.71,7.1,31.9,92.7,4088.12891,0.1200059565,7.3,0.056,0,2,0.183,0.0064222326,0.01039234
2982,"-121.7661,48.4817",53057,"Washington, Skagit",0.220093823299453,4.39137013868306,0.0199522643246026,2558,1.02084643777489,1.01873149649174,0.0121188428459734,31,0.000241798355771181,1,,0.444278756636341,1.00906317002896,0.3379,0.8284,0.6234,0.00159898912687394,2238.21,7.7,19.7,72.6,6040.9257347,0.132404402,7.5,0.104,206.93662453,3.3,0.291,0.0079871457,0.0270892158
2983,"-121.9164,46.0241",53059,"Washington, Skamania",0.297297297297297,3.690036900369,0.0124119423012412,148,1.03164595371583,1.01873149649174,0.00675675675675676,1,8.38644750083864e-05,1,,0.444278756636341,1.00906317002896,0.285,0.3715,0.4069,,2024.02,4.7,19.2,6,6060.8481937,0.1461928299,6.2,0.108,33.662058092,3,0.331,0.0056189198,0.0192888293
2984,"-121.7171,48.0462",53061,"Washington, Snohomish",0.209207779364905,4.67296027370196,0.0223364555939924,18202,1.02101496837677,1.01873149649174,0.0168113394132513,306,0.000375505736279622,1.00093721041406,,0.444278756636341,1.00906317002896,0.1045,0.8367,0.5527,0.000823412905371327,2763.84,6.5,12.7,345.8,5374.9730492,0.129623086,8.1,0.082,427.40631442,4,0.289,0.0338126963,0.0158019195
2985,"-117.4046,47.6211",53063,"Washington, Spokane",0.222601938111512,9.2396299484485,0.0415074101637873,21361,1.02128395313191,1.01873149649174,0.012920743410889,276,0.000536306596376821,1.00261513420462,,0.444278756636341,1.00906317002896,0.301,0.5715,0.7896,0.00295357255975641,1984,5.6,15.4,301.6,6745.7921214,0.1449390156,11.7,0.094,406.8788145,4,0.28,0.0186871759,0.0180245652
2986,"-117.8543,48.4004",53065,"Washington, Stevens",0.282728272827283,5.67830313742819,0.0200839593460009,909,1.01987838118193,1.01873149649174,0.011001100110011,10,0.000220945647370747,1,,0.444278756636341,1.00906317002896,0.5497,0.3534,0.3168,0.00198851082633672,1493.39,7.6,21.9,16.4,6465.8926624,0.1478473439,9,0.11,34.692425086,3.3,0.311,0.0050817499,0.0584622183
2987,"-122.8291,46.9292",53067,"Washington, Thurston",0.197775366250678,2.54522220942046,0.0128692579752042,3686,1.01877461927038,1.01873149649174,0.0127509495387954,47,0.000164095259043569,,,0.444278756636341,1.00906317002896,0.2529,0.6925,0.4518,0.00165491814439685,2317.14,5.6,16.2,366.8,5579.1045716,0.1285646403,7.2,0.103,198.25032157,4.3,0.301,0.0320858602,0.0178130641
2988,"-123.4251,46.2918",53069,"Washington, Wahkiakum",0.25,2.48531405332128,0.00994125621328513,44,1.02116420457606,1.01873149649174,0,0,0,,,0.444278756636341,1.00906317002896,0.2271,0.382,0.1133,,1593.15,7.2,33.2,14.3,7721.7742757,0.1327296955,5.9,0.137,22.832765993,3,0.355,0.0038409399,0.0155896972
2989,"-118.4776,46.2304",53071,"Washington, Walla Walla",0.177702955480733,7.79685499491153,0.0438757755818916,2673,1.01581202287662,1.01873149649174,0.00972689861578751,26,0.000426775220774105,,,0.444278756636341,1.00906317002896,0.4382,0.8411,0.9484,0.00518696037556219,1728.85,8.1,17.1,49,6047.1416513,0.1260225986,8.5,0.107,179.6773071,3.3,0.272,0.0200912642,0.0137881225
2990,"-121.749,48.8223",53073,"Washington, Whatcom",0.188919476944253,2.43259410239936,0.0128763542105147,2906,1.01375371419864,1.01873149649174,0.0178940123881624,52,0.000230409641757317,,,0.444278756636341,1.00906317002896,0.3672,0.694,0.8781,0.00112103152624233,2159.64,6.5,16.4,103,5100.5708084,0.1372480769,9.5,0.082,168.69324811,3,0.279,0.0106697388,0.0337771673
2991,"-117.5242,46.9002",53075,"Washington, Whitman",0.0823852491173009,4.21762969211303,0.0511939908818863,2549,1.00573371050055,1.01873149649174,0.00980776775205963,25,0.000502098772870599,1.00584875104734,,0.444278756636341,1.00906317002896,0.7064,0.6893,0.8828,0.0010041975457412,1582.39,4.4,10,24.4,4261.8473202,0.1488455837,9.6,0.073,252.13087288,2.3,0.278,0.0224337732,0.0087365186
2992,"-120.738,46.4574",53077,"Washington, Yakima",0.128452069647299,8.00967205682333,0.0623553367323401,15679,1.01410200717023,1.01873149649174,0.0187511958670834,294,0.00116923713242605,,,0.444278756636341,1.00906317002896,0.8439,0.9704,0.7915,0.002099854441908,1690.76,13.5,13.2,59.1,7714.0782752,0.1444293706,7.9,0.113,240.12170776,3.3,0.349,0.0082562459,0.0654375094
2993,"-80.0035,39.1307",54001,"West Virginia, Barbour",0.27027027027027,9.07166616268521,0.0335651648019353,555,1.01300629990847,1.02009854010524,0.00900900900900901,5,0.000302388872089507,1,1.02081568420731,0.73760072919297,1.01079006678449,0.8369,0.1643,0.7405,0.0043543997580889,1129.71,5.4,19,44.4,10037.818826,0.2325924026,8.8,0.167,24.100344034,3.7,0.372,0.0094345328,0.0062896885
2994,"-78.0241,39.467",54003,"West Virginia, Berkeley",0.283209710047202,10.7579211598064,0.0379857073333163,4449,1.02098657448903,1.02009854010524,0.00809170600134862,36,0.000307369175994467,1.02159147023276,1.02081568420731,0.73760072919297,1.01079006678449,0.4605,0.4881,0.3286,0.00166491636997003,1795.32,6.4,14.1,313.7,9959.4668732,0.2227911962,9.7,0.128,58.591255567,5,0.368,0.0740503573,0.0023906491
2995,"-81.6989,38.0197",54005,"West Virginia, Boone",0.189698492462312,6.87895767846567,0.0362625848480707,796,1.01544907088855,1.02009854010524,0.0226130653266332,18,0.000820008200082001,1.02638809625704,1.02081568420731,0.73760072919297,1.01079006678449,0.9344,0.0216,0.5638,0.00113890027789167,1196.37,5.4,18.3,52.5,13741.691235,0.2516840681,9.9,0.196,16.353369944,3.7,0.406,0.0067422896,0.0020044645
2996,"-80.7201,38.7004",54007,"West Virginia, Braxton",0.296969696969697,3.47789055291362,0.0117112641067499,165,1.01467798876257,1.02009854010524,0.00606060606060606,1,7.09773582227269e-05,,1.02081568420731,0.73760072919297,1.01079006678449,0.9264,0.0271,0.7058,0.00177443395556817,1160.31,4.9,21.4,26.4,11020.59855,0.2303663835,9.1,0.113,13.05287607,3,0.344,0.0063879622,0.0044005962
2997,"-80.5792,40.2737",54009,"West Virginia, Brooke",0.351515151515152,15.6735576273477,0.0445885691122821,990,1.03109420266686,1.02009854010524,0.0151515151515152,15,0.000675584380489123,1.02065336654354,1.02081568420731,0.73760072919297,1.01079006678449,0.3099,0.0458,0.7246,0.00981849299644192,1533.54,5.4,22.3,226,8838.5988215,0.1988752582,11.3,0.185,70.913849201,5,0.359,0.0139620772,0.0017565194
2998,"-82.2386,38.4242",54011,"West Virginia, Cabell",0.260903027193433,10.9092079292886,0.041813266969879,3898,1.02118390318766,1.02009854010524,0.0184710107747563,72,0.000772333304728396,1.02159147023276,1.02081568420731,0.73760072919297,1.01079006678449,0.6567,0.2722,0.808,0.00757315712692011,1422.64,7.2,17.8,372.5,15636.045244,0.2373602453,10.4,0.145,139.7683803,5,0.333,0.0479812066,0.0021882777
2999,"-81.1193,38.8432",54013,"West Virginia, Calhoun",0.245098039215686,3.44637441411635,0.0140612076095947,102,1.01804126125684,1.02009854010524,0,0,0,,1.02081568420731,0.73760072919297,1.01079006678449,0.9197,0.0089,0.1993,0.00578990901571547,1080.68,6.5,22.7,26.3,8942.3872888,0.2378072728,9.7,0.106,0.8719044726,3,0.311,0.0031706645,0.0035842294
3000,"-81.0765,38.4623",54015,"West Virginia, Clay",0.390625,8.68860055607044,0.0222428174235403,192,1.03688527879195,1.02009854010524,0.015625,3,0.000347544022242817,1,1.02081568420731,0.73760072919297,1.01079006678449,0.9678,0.0197,0.4651,,995.45,4.5,19.6,25.3,12204.280954,0.2442851502,9.3,0.163,0.6945487048,3,0.396,0.0026645042,0.0031278962
3001,"-80.7067,39.2706",54017,"West Virginia, Doddridge",0.260606060606061,5.11539376635736,0.0196288365453248,165,1.02585601269049,1.02009854010524,0.0181818181818182,3,0.000356887937187723,1,1.02081568420731,0.73760072919297,1.01079006678449,0.6506,0.0901,0.4177,,1354.98,6.7,20.1,21.5,7724.5966568,0.2082410101,9.9,0.138,10.039976363,3,0.391,0.0189150607,0.0041636926
3002,"-81.0829,38.0297",54019,"West Virginia, Fayette",0.155197657393851,4.92816960342182,0.0317541494258217,1366,1.0119506785604,1.02009854010524,0.0285505124450952,39,0.000906597238365335,1,1.02081568420731,0.73760072919297,1.01079006678449,0.8525,0.177,0.7584,0.00218513180529081,1224.18,7.1,19.7,62.9,12918.665571,0.2477210775,9.4,0.183,31.532598794,3.7,0.396,0.0439118509,0.0025803152
3003,"-80.8595,38.9251",54021,"West Virginia, Gilmer",0.200787401574803,6.35434836780463,0.0316471467729878,254,1.0194229153035,1.02009854010524,0,0,0,,1.02081568420731,0.73760072919297,1.01079006678449,0.8854,0.6597,0.8491,,1145.83,8.9,16.2,22.3,8483.7703865,0.2630866164,9.5,0.187,8.6584683609,3,0.397,0.1040368801,0.0099676053
3004,"-79.1944,39.1031",54023,"West Virginia, Grant",0.386986301369863,19.4391880268364,0.0502322380870463,584,1.02689122816025,1.02009854010524,0.0205479452054795,12,0.00103216927576122,1.04195362743721,1.02081568420731,0.73760072919297,1.01079006678449,0.6156,0.2897,0.2213,0.00387063478410459,1247.1,7.7,23.6,25.1,7990.7853992,0.2244976585,8.1,0.212,20.630476701,3,0.35,0.0091174953,0.001634268
3005,"-80.4534,37.9464",54025,"West Virginia, Greenbrier",0.427752293577982,10.7227045363077,0.0250675559132985,872,1.04082057115338,1.02009854010524,0.018348623853211,16,0.000459955154372449,1.08566736172956,1.02081568420731,0.73760072919297,1.01079006678449,0.7293,0.1805,0.5021,0.00350715805208992,1276.85,6.5,22.2,37,9465.1188475,0.2286216251,8.7,0.157,41.867112078,3.7,0.331,0.0275398149,0.0041395964
3006,"-78.6083,39.321",54027,"West Virginia, Hampshire",0.452861952861953,11.5218229322825,0.0254422409731443,594,1.04279161708025,1.02009854010524,0.0101010101010101,6,0.000256992333062064,1.05963402266705,1.02081568420731,0.73760072919297,1.01079006678449,0.7516,0.0812,0.7182,0.00188461044245513,1025.58,8.9,21.3,31.8,10675.61922,0.2203145209,8.6,0.137,17.585085309,3.7,0.409,0.0115218229,0.0022700989
3007,"-80.5746,40.5194",54029,"West Virginia, Hancock",0.451383399209486,19.6260397332783,0.0434797552760019,1265,1.03927501250899,1.02009854010524,0.00948616600790514,12,0.000412456176531244,1.08004153648474,1.02081568420731,0.73760072919297,1.01079006678449,0.5325,0.1859,0.383,,1483.43,6.4,21.9,319.7,10245.866004,0.2247858728,10.9,0.157,56.021497669,3.7,0.424,0.0275314498,0.0024747371
3008,"-78.8586,39.0068",54031,"West Virginia, Hardy",0.451292246520875,16.4791288566243,0.0365154264972777,503,1.03777972081756,1.02009854010524,0.00397614314115308,2,0.00014519056261343,1.10408951367381,1.02081568420731,0.73760072919297,1.01079006678449,0.4255,0.6476,0.07,,1313.91,5.7,21.3,26,8707.5117411,0.2245010417,8.2,0.144,21.766606239,3,0.382,0.0296914701,0.0029764065
3009,"-80.3792,39.2854",54033,"West Virginia, Harrison",0.29126213592233,8.43769428901324,0.0289694170589454,1957,1.02186841639281,1.02009854010524,0.0127746550843127,25,0.000370074310921633,1.00584875104734,1.02081568420731,0.73760072919297,1.01079006678449,0.5366,0.0885,0.5425,0.00432246795156467,1883.26,6.7,18.6,185.3,10142.170126,0.2344138756,9.6,0.166,74.146199867,5,0.336,0.0176303402,0.0022500518
3010,"-81.6815,38.8426",54035,"West Virginia, Jackson",0.223463687150838,6.96718456071901,0.0311781509092176,895,1.02002830995821,1.02009854010524,0.0301675977653631,27,0.000940569915697067,1,1.02081568420731,0.73760072919297,1.01079006678449,0.5089,0.0271,0.2821,0.000870898070089877,1351.37,5.9,19.5,51.2,9192.1587133,0.2100673009,10.3,0.145,19.479857495,3.7,0.419,0.0060266146,0.0028565457
3011,"-77.8601,39.3078",54037,"West Virginia, Jefferson",0.253311258278146,8.07942123884459,0.0318952315572688,1812,1.01939685177173,1.02009854010524,0.00993377483443709,18,0.000316840048582141,1.01696850489722,1.02081568420731,0.73760072919297,1.01079006678449,0.3182,0.4706,0.2849,0.000440055623030751,2490.77,5.2,15.1,235,7602.0254684,0.2043737477,9.6,0.092,35.057188701,3.7,0.33,0.0610269138,0.0034324339
3012,"-81.5286,38.3386",54039,"West Virginia, Kanawha",0.191340382966562,7.42017356223747,0.0387799660855398,6998,1.0159552957009,1.02009854010524,0.0237210631609031,166,0.00091990202489277,1.00984279209605,1.02081568420731,0.73760072919297,1.01079006678449,0.5446,0.2993,0.6648,0.0076141288084498,1580.79,6.4,19.4,229,12348.05652,0.2075555513,10.4,0.163,124.15209013,5,0.376,0.0755649639,0.0016680151
3013,"-80.4999,38.9947",54041,"West Virginia, Lewis",0.291176470588235,6.17823265102346,0.0212181727408887,340,1.02917822440815,1.02009854010524,0.00882352941176471,3,0.000187219171243135,1,1.02081568420731,0.73760072919297,1.01079006678449,0.7338,0.0653,0.8475,0.00436844732900649,1230.88,7.5,19.6,43.1,13100.49508,0.2256811987,9.4,0.159,12.34510453,3.7,0.411,0.0057413879,0.0026834748
3014,"-82.0702,38.1722",54043,"West Virginia, Lincoln",0.214814814814815,5.6313413272489,0.0262148647992621,540,1.01727153495265,1.02009854010524,0.012962962962963,7,0.000339822321471916,1.04924143725562,1.02081568420731,0.73760072919297,1.01079006678449,0.8987,0.049,0.4823,,1075.87,7.6,18,39.5,14289.481063,0.2356198953,10.1,0.198,4.9545442591,3,0.4,0.0033982232,0.0014078353
3015,"-81.9353,37.83",54045,"West Virginia, Logan",0.136625514403292,5.09093139509921,0.0372619376207563,1215,1.00901741495873,1.02009854010524,0.0444444444444444,54,0.00165608611647806,1.00267387315523,1.02081568420731,0.73760072919297,1.01079006678449,0.935,0.0185,0.7217,0.00429355659827644,1222.39,7.2,18.5,87.3,15459.264483,0.2473448532,9.8,0.208,29.476569251,3.7,0.418,0.0191369951,0.0013494035
3016,"-81.6508,37.38",54047,"West Virginia, McDowell",0.158536585365854,6.42045766339242,0.0404982714152445,738,1.0124009117196,1.02009854010524,0.0040650406504065,3,0.000164627119574165,1.05963402266705,1.02081568420731,0.73760072919297,1.01079006678449,0.9911,0.3228,0.9255,0.00680458760906547,825.15,9.1,19.9,43.6,18952.417845,0.2952306882,9.3,0.195,47.061059013,3,0.439,0.0823684355,0.002249904
3017,"-80.2424,39.5098",54049,"West Virginia, Marion",0.279771615008157,6.11440897017666,0.0218550011587072,1226,1.02141495399001,1.02009854010524,0.0065252854812398,8,0.000142610121753391,1,1.02081568420731,0.73760072919297,1.01079006678449,0.5535,0.2884,0.6336,0.003690036900369,1483.23,5.6,18.9,168.2,8592.4011064,0.2332561861,10,0.122,27.28917446,4,0.348,0.032194235,0.0027987236
3018,"-80.6659,39.8606",54051,"West Virginia, Marshall",0.261107729762629,13.9353581289589,0.0533701477992529,1643,1.01232383012782,1.02009854010524,0.0225197808886184,37,0.00120188403443235,1.02095686155617,1.02081568420731,0.73760072919297,1.01079006678449,0.4433,0.0306,0.2385,0.00292350170537599,1331.37,8.1,20.8,97.9,7700.1673309,0.2156467789,10.9,0.156,76.395170144,3.7,0.411,0.0070164041,0.0025986682
3019,"-82.0252,38.7707",54053,"West Virginia, Mason",0.39386189258312,11.5278089677371,0.0292686578336702,782,1.02698951104087,1.02009854010524,0.0140664961636829,11,0.000411707463133468,1.0465440871019,1.02081568420731,0.73760072919297,1.01079006678449,0.7268,0.0293,0.7154,0.00752301818998428,1220.8,5.7,19.9,56.8,12576.929504,0.235394844,10.5,0.175,13.424758817,3.7,0.405,0.0086832847,0.0018713976
3020,"-81.1102,37.4048",54055,"West Virginia, Mercer",0.253228523301516,7.62713297593479,0.0301195650335695,1781,1.02532226808914,1.02009854010524,0.0252667040988209,45,0.000761022137288394,1.0133874519632,1.02081568420731,0.73760072919297,1.01079006678449,0.7672,0.3649,0.7077,0.0060712654952563,1274.6,6.6,20.8,145.5,13227.547002,0.251516612,8.9,0.13,44.97952418,4,0.385,0.0591906107,0.0024352708
3021,"-78.941,39.4156",54057,"West Virginia, Mineral",0.307777164920022,20.7126948775056,0.0672976985894581,1813,1.02095686155617,1.02009854010524,0.0259238830667402,47,0.00174461766889384,1.07141352122534,1.02081568420731,0.73760072919297,1.01079006678449,0.5424,0.3996,0.4731,0.000927988121752042,1282.43,6.9,20.6,75.1,8674.4373522,0.2116932925,8.7,0.139,53.178633828,2.3,0.351,0.0288418708,0.002264291
3022,"-82.1334,37.7305",54059,"West Virginia, Mingo",0.121428571428571,5.71788942610889,0.0470885011561909,1120,1.01064309218431,1.02009854010524,0.0169642857142857,19,0.000798822787471095,1.01601628385513,1.02081568420731,0.73760072919297,1.01079006678449,0.9822,0.043,0.6457,0.00319529114988438,1019.2,4.5,17.4,65.4,14564.278159,0.2957760329,9.8,0.195,24.434800961,3,0.368,0.0187933572,0.0012612991
3023,"-80.0477,39.6322",54061,"West Virginia, Monongalia",0.191640185773649,7.36703627137756,0.0384420221762827,4091,1.01738646180537,1.02009854010524,0.00195551209973112,8,7.51738395038527e-05,1.01925902092718,1.02081568420731,0.73760072919297,1.01079006678449,0.4831,0.334,0.992,0.00813756812629205,1914.49,5.4,11.7,316.5,6488.354687,0.2020979237,9.7,0.092,78.840452848,5,0.298,0.0385923699,0.001879346
3024,"-80.5458,37.5627",54063,"West Virginia, Monroe",0.200854700854701,7.07831325301205,0.0352409638554217,468,1.01766889775789,1.02009854010524,0.0213675213675214,10,0.000753012048192771,1,1.02081568420731,0.73760072919297,1.01079006678449,0.7662,0.1474,0.1617,,1236.82,9.3,24.2,25.2,8649.2509775,0.2256436924,8.7,0.187,13.652772569,3,0.31,0.0076054217,0.0034638554
3025,"-78.2631,39.5544",54065,"West Virginia, Morgan",0.370614035087719,9.50132118963288,0.0256367009613763,456,1.04195362743721,1.02009854010524,0.0043859649122807,2,0.000112441670883229,1,1.02081568420731,0.73760072919297,1.01079006678449,0.5076,0.0901,0.1337,0.0023050542531062,1444.37,5.4,21.9,65.6,11740.395793,0.2075647596,9.2,0.164,29.635699475,3.7,0.405,0.008545567,0.0033732501
3026,"-80.7976,38.2962",54067,"West Virginia, Nicholas",0.31,6.23943321793736,0.0201272039288302,500,1.02804091225372,1.02009854010524,0.012,6,0.000241526447145962,1,1.02081568420731,0.73760072919297,1.01079006678449,0.7503,0.0105,0.5759,0.00422671282505434,1242.19,6,21.2,40.5,10470.118313,0.2118404938,9.1,0.119,14.349593909,3.7,0.402,0.0053135818,0.0036631511
3027,"-80.622,40.0955",54069,"West Virginia, Ohio",0.232124874118832,11.0405939408454,0.0475631660878937,1986,1.01487359036006,1.02009854010524,0.013595166163142,27,0.000646629146210035,1.04380436769482,1.02081568420731,0.73760072919297,1.01079006678449,0.2666,0.1843,0.7482,0.0105616093880972,1735.64,5.1,20.7,495,9755.7768674,0.216365911,10.9,0.13,171.10840533,5,0.354,0.0352532631,0.0020117351
3028,"-79.3508,38.6831",54071,"West Virginia, Pendleton",0.398843930635838,9.86136915821066,0.0247248820923253,173,1.04166714023826,1.02009854010524,0.00578034682080925,1,0.000142918393597256,1,1.02081568420731,0.73760072919297,1.01079006678449,0.6303,0.0793,0.2512,,1347.14,5.1,25.8,10.2,10545.525114,0.2150928366,7.9,0.176,9.1676929295,3,0.319,0.0194369015,0.0030012863
3029,"-81.1677,39.3709",54073,"West Virginia, Pleasants",0.456140350877193,10.3903023844412,0.0227787398428134,171,1.04819376314301,1.02009854010524,0.0233918128654971,4,0.000532836019714933,1,1.02081568420731,0.73760072919297,1.01079006678449,0.5857,0.0487,0.5549,,1504.37,6.6,18.3,55.2,7757.2710362,0.2240685394,10.3,0.158,79.169562673,3.3,0.316,0.0165179166,0.0022645531
3030,"-80.0099,38.3276",54075,"West Virginia, Pocahontas",0.41156462585034,14.3807939149037,0.0349417637271215,294,1.01223970067319,1.02009854010524,0.00680272108843537,2,0.000237699072973615,1,1.02081568420731,0.73760072919297,1.01079006678449,0.6086,0.0041,0.8185,0.00297123841217019,1229.96,8.2,24,8.6,10259.844146,0.2255799636,8.1,0.141,16.444294569,2.3,0.309,0.011528405,0.0026146898
3031,"-79.6671,39.4677",54077,"West Virginia, Preston",0.410085632730733,12.7367830018618,0.0310588374360944,1051,1.03555182914088,1.02009854010524,0.0161750713606089,17,0.00050237891190638,1.01804126125684,1.02081568420731,0.73760072919297,1.01079006678449,0.7232,0.432,0.5976,0.000738792517509383,1439.53,6.9,18.8,43.3,8481.4195761,0.2126904834,9.1,0.147,17.656280396,3,0.351,0.0119684388,0.0024232395
3032,"-81.9082,38.5078",54079,"West Virginia, Putnam",0.2,8.68000423414841,0.043400021170742,2460,1.01366765531746,1.02009854010524,0.0199186991869919,49,0.000864471966409089,1.05359543541822,1.02081568420731,0.73760072919297,1.01079006678449,0.0975,0.0866,0.1159,0.00123495995201298,2083.68,5.3,17.3,152.5,8339.4564089,0.200308674,10.3,0.129,43.977028626,4.3,0.345,0.0109735013,0.0027698387
3033,"-81.2456,37.7694",54081,"West Virginia, Raleigh",0.218657453109576,5.96600856519514,0.0272847254019985,2026,1.01858318643458,1.02009854010524,0.00937808489634748,19,0.000255878471193471,1.01601628385513,1.02081568420731,0.73760072919297,1.01079006678449,0.7373,0.4142,0.7074,0.00637002720392167,1322.53,7.8,19.6,132.3,12911.521827,0.2471234919,9.2,0.152,37.273392528,4.3,0.393,0.0790260457,0.0027473267
3034,"-79.8792,38.7699",54083,"West Virginia, Randolph",0.230167597765363,7.14707004822538,0.0310515907435035,895,1.01891087354132,1.02009854010524,0.00335195530726257,3,0.000104083544391632,1.05963402266705,1.02081568420731,0.73760072919297,1.01079006678449,0.751,0.0185,0.8545,0.00277556118377685,1357.47,7.9,20.8,29.5,8703.9719388,0.223474471,8.3,0.128,49.041234615,3.7,0.343,0.0176248135,0.0028102557
3035,"-81.0636,39.1809",54085,"West Virginia, Ritchie",0.271604938271605,6.78942495628022,0.0249974282481226,243,1.02176595214385,1.02009854010524,0.0246913580246914,6,0.000617220450570929,1.05963402266705,1.02081568420731,0.73760072919297,1.01079006678449,0.7656,0.0465,0.106,,1182.5,9.8,21.8,22.9,8816.5408682,0.2190786717,10.1,0.132,6.1526086805,3,0.442,0.0044234132,0.0018516614
3036,"-81.3524,38.7162",54087,"West Virginia, Roane",0.23728813559322,4.01952339936836,0.0169394200401952,236,1.01139829139868,1.02009854010524,0.0169491525423729,4,0.000287108814240597,1.04195362743721,1.02081568420731,0.73760072919297,1.01079006678449,0.9389,0.028,0.398,0.00430663221360896,1151.3,5.4,20.6,27.3,13173.126571,0.2320495617,9.8,0.143,7.7564241725,3,0.407,0.0023686477,0.0032299742
3037,"-80.8601,37.6539",54089,"West Virginia, Summers",0.157407407407407,3.99686520376176,0.0253918495297806,324,1.01250777270301,1.02009854010524,0.0339506172839506,11,0.000862068965517241,1.01370885629547,1.02081568420731,0.73760072919297,1.01079006678449,0.8834,0.1468,0.8746,0.00195924764890282,1096.65,3.2,23.2,32.7,11340.339913,0.2390782369,8.7,0.109,33.107669178,3,0.37,0.0427899687,0.0038401254
3038,"-80.0421,39.336",54091,"West Virginia, Taylor",0.283298097251586,7.94686276835488,0.0280512394733721,473,1.01540404055291,1.02009854010524,0.0190274841437632,9,0.000533744514292492,1,1.02081568420731,0.73760072919297,1.01079006678449,0.6968,0.043,0.5855,0.00148262365081248,1470.31,5.2,19.2,77,8648.0189912,0.21029651,9.4,0.127,6.6924267822,3,0.397,0.0111493299,0.0029652473
3039,"-79.5705,39.1124",54093,"West Virginia, Tucker",0.419087136929461,14.5219266714594,0.0346513299784328,241,1.03455103667685,1.02009854010524,0,0,0,,1.02081568420731,0.73760072919297,1.01079006678449,0.5933,0.0073,0.411,,1215.39,4.8,24.6,16.4,8998.0117667,0.2071298802,8.2,0.186,43.147411567,3,0.309,0.0041696621,0.0030194105
3040,"-80.8877,39.4681",54095,"West Virginia, Tyler",0.382222222222222,9.83306654470615,0.0257260461925452,225,1.03076279122944,1.02009854010524,0.00888888888888889,2,0.000228675966155957,1,1.02081568420731,0.73760072919297,1.01079006678449,0.6185,0.0201,0.1032,0.00137205579693574,1281.93,8.3,21.2,32.3,9678.8726777,0.2120281139,10.4,0.101,38.059920165,3,0.373,0.0024010976,0.0027441116
3041,"-80.2369,38.8929",54097,"West Virginia, Upshur",0.184590690208668,4.7102191275855,0.0255171001433545,623,1.0135462465809,1.02009854010524,0.00642054574638844,4,0.000163833708785583,1,1.02081568420731,0.73760072919297,1.01079006678449,0.858,0.0169,0.8669,0.00208887978701618,1216.34,7.6,19.3,71.1,8423.4693452,0.2376931306,8.9,0.147,8.978724014,4,0.324,0.0102805652,0.0029080483
3042,"-82.4229,38.149",54099,"West Virginia, Wayne",0.232277526395173,7.71079511315842,0.0331964750650911,1326,1.01717410263924,1.02009854010524,0.0128205128205128,17,0.000425595834167835,1.00869827228079,1.02081568420731,0.73760072919297,1.01079006678449,0.9016,0.0226,0.4078,,1239.74,8.2,19.8,78.7,12330.957382,0.230502744,10.5,0.184,34.198219545,3.7,0.4,0.0057580613,0.0033797316
3043,"-80.4202,38.4937",54101,"West Virginia, Webster",0.358490566037736,4.58660229330115,0.0127942063971032,106,1.04102081009667,1.02009854010524,0,0,0,,1.02081568420731,0.73760072919297,1.01079006678449,0.9631,3e-04,0.4696,0.00181050090525045,1002.55,5.7,22,15.6,11230.342498,0.2338658677,8.4,0.149,0,3,0.392,0.0045866023,0.0010863005
3044,"-80.6402,39.6066",54103,"West Virginia, Wetzel",0.206563706563707,7.00720366732155,0.0339227242960052,518,1.01306747917618,1.02009854010524,0.027027027027027,14,0.00091683038637852,1,1.02081568420731,0.73760072919297,1.01079006678449,0.7955,0.0105,0.2413,0.00379829731499673,1207.51,6.3,22.3,48,10538.65684,0.240463895,10.5,0.209,91.509904329,3.7,0.34,0.0042567125,0.0013752456
3045,"-81.3747,39.0278",54105,"West Virginia, Wirt",0.29746835443038,8.06174957118353,0.0271012006861063,158,1.02381563029645,1.02009854010524,0.00632911392405063,1,0.000171526586620926,1,1.02081568420731,0.73760072919297,1.01079006678449,0.7605,0.0092,0.1388,,1179.43,6.3,19,18.2,7995.244682,0.2324800534,9.9,0.168,0.0659800265,3,0.392,0.0044596913,0.0024013722
3046,"-81.5163,39.2097",54107,"West Virginia, Wood",0.294459833795014,12.624253292638,0.0428725817369927,3610,1.02360778154948,1.02009854010524,0.00803324099722992,29,0.000344405781266701,1.03366890439586,1.02081568420731,0.73760072919297,1.01079006678449,0.4697,0.0618,0.4085,0.00358657054974288,1609.18,6.4,19.6,236.2,10350.826325,0.2363673603,10.6,0.174,69.036710734,4.3,0.388,0.0123273518,0.002505849
3047,"-81.5451,37.6123",54109,"West Virginia, Wyoming",0.217208814270724,9.95862599826807,0.0458481670355047,953,1.01410456308352,1.02009854010524,0.0136411332633788,13,0.00062542095641297,1.02415191411056,1.02081568420731,0.73760072919297,1.01079006678449,0.9382,0.0083,0.4502,,1113.78,7.3,19.6,45.8,12805.118399,0.241455299,9.3,0.152,16.666769424,3,0.361,0.0068796305,0.0020687001
3048,"-89.7678,43.9697",55001,"Wisconsin, Adams",0.13986013986014,8.84607823864753,0.0632494594063299,1287,1.00909076211855,1.00879735066257,0.00932400932400932,12,0.000589738549243169,1.01250777270301,1.01343547374871,0.839344615905413,1.00687588963292,0.6287,0.3855,0.6275,0.00122862197758994,1515.09,5.4,28,23.7,8351.1488956,0.1644073681,8.8,0.174,12.549810141,2.3,0.302,0.030076666,0.0120896403
3049,"-90.6784,46.3196",55003,"Wisconsin, Ashland",0.240088105726872,13.974358974359,0.0582051282051282,908,1.01361319931644,1.00879735066257,0.0143171806167401,13,0.000833333333333333,1.03819186552583,1.01343547374871,0.839344615905413,1.00687588963292,0.485,0.2805,0.7886,0.00224358974358974,1292.61,6.2,18.2,16,8286.8713732,0.186375073,6.3,0.09,104.35759091,2.3,0.338,0.0044871795,0.1162179487
3050,"-91.8483,45.4237",55005,"Wisconsin, Barron",0.111029770619815,10.0743955362678,0.0907359844123638,4098,1.00636407895658,1.00879735066257,0.0122010736944851,50,0.0011070764325569,1.00887852574775,1.01343547374871,0.839344615905413,1.00687588963292,0.2484,0.2974,0.5307,0.00199273757860243,1637.23,7.1,20.9,52.5,6454.4956966,0.1657306195,7.2,0.115,76.770306793,3.3,0.414,0.014325569,0.0111371889
3051,"-91.1972,46.5287",55007,"Wisconsin, Bayfield",0.18192627824019,10.1715197447148,0.0559101183353277,841,1.01343364425347,1.00879735066257,0.0190249702734839,16,0.00106368833931658,1,1.01343547374871,0.839344615905413,1.00687588963292,0.1873,0.2964,0.0732,,1706.02,6.3,26,8.5,6712.4208017,0.160585522,6.2,0.089,34.819916404,2,0.297,0.0063156495,0.1039090546
3052,"-88.0041,44.4527",55009,"Wisconsin, Brown",0.0912223005246261,8.84660070317187,0.0969784871933115,25542,1.00622036411789,1.00879735066257,0.00626419231070394,160,0.000607491893780042,1.00179858440282,1.01343547374871,0.839344615905413,1.00687588963292,0.1366,0.7297,0.5482,0.00421447501309904,2061.65,5.9,13.9,530.6,5694.5870057,0.1496285184,9.1,0.108,310.9658236,4.3,0.329,0.0273447289,0.0330399654
3053,"-91.7533,44.3784",55011,"Wisconsin, Buffalo",0.116304347826087,8.15238095238095,0.0700952380952381,920,1.00653393539162,1.00879735066257,0.00652173913043478,6,0.000457142857142857,1.02638809625704,1.01343547374871,0.839344615905413,1.00687588963292,0.1096,0.2945,0.084,,1736.52,5.4,21.2,15.2,5872.138574,0.1553222752,8.2,0.08,20.718572601,3,0.252,0.004647619,0.0041904762
3054,"-92.3671,45.863",55013,"Wisconsin, Burnett",0.16318407960199,10.6548856548857,0.065293659043659,1005,1.01176417217728,1.00879735066257,0.0149253731343284,15,0.000974532224532225,1,1.01343547374871,0.839344615905413,1.00687588963292,0.2924,0.2216,0.0458,0.00162422037422037,1523.39,6.8,27.3,16,8595.7413575,0.1609637578,6.7,0.138,15.111223017,3,0.351,0.0077962578,0.0467775468
3055,"-88.2178,44.0816",55015,"Wisconsin, Calumet",0.0879639562325681,8.17400665882494,0.0929245000897147,4661,1.00605959065736,1.00879735066257,0.006650933276121,31,0.000618034649813593,1.00957286878737,1.01343547374871,0.839344615905413,1.00687588963292,0.0131,0.3801,0.0388,0.000498415040172252,2271.77,3,13.9,101.1,4588.0504581,0.141572291,9.7,0.119,170.28470592,4,0.269,0.006957874,0.0053828824
3056,"-91.2807,45.0694",55017,"Wisconsin, Chippewa",0.155648383581547,13.3624386060653,0.0858501598191315,5506,1.00641437902636,1.00879735066257,0.0112604431529241,62,0.000966710844312778,1.01208430616964,1.01343547374871,0.839344615905413,1.00687588963292,0.1796,0.2649,0.4537,0.00339908006548686,1803.59,6,16.9,56.8,5968.6827173,0.1538300282,7.9,0.098,70.492814607,3.3,0.279,0.0170733609,0.0063148047
3057,"-90.6121,44.7348",55019,"Wisconsin, Clark",0.154379562043796,12.1870408251462,0.0789420611368809,2740,1.01088652293342,1.00879735066257,0.0175182481751825,48,0.00138292661845631,1.003012157342,1.01343547374871,0.839344615905413,1.00687588963292,0.4799,0.5221,0.7705,0.00141173758967415,1589.23,21.9,16.2,26.7,6818.9600835,0.1767051093,7.9,0.107,38.224043927,3,0.388,0.0046961883,0.0077213403
3058,"-89.3359,43.4649",55021,"Wisconsin, Columbia",0.112997090203686,8.12441159036229,0.0718992991387426,4124,1.00886216817585,1.00879735066257,0.00484966052376334,20,0.000348687192719411,1.05227402814137,1.01343547374871,0.839344615905413,1.00687588963292,0.0631,0.3623,0.334,0.00170856724432512,2080.74,5.2,17,62.9,6419.8529487,0.1498196949,9.7,0.11,91.279012441,3.7,0.432,0.0164754699,0.00707835
3059,"-90.9307,43.2387",55023,"Wisconsin, Crawford",0.182059800664452,16.8191025719723,0.0923822969737892,1505,1.00783353490565,1.00879735066257,0.00664451827242525,10,0.000613835860290958,1.01516534655549,1.01343547374871,0.839344615905413,1.00687588963292,0.2997,0.291,0.7523,0.0015345896507274,1528.95,6.7,21.7,27.6,6987.299214,0.1589876276,9,0.152,122.75438981,2.3,0.383,0.0219139402,0.0034988644
3060,"-89.4173,43.066",55025,"Wisconsin, Dane",0.110797257839279,6.43663664992514,0.0580938262864054,31508,1.00702610627338,1.00879735066257,0.00371334264313825,117,0.000215722282452375,1.01284538798241,1.01343547374871,0.839344615905413,1.00687588963292,0.0611,0.6699,0.6546,0.00290026624185971,2434.97,4.3,12.8,477.2,4914.8365002,0.1244292363,9.4,0.061,523.26202849,4.3,0.226,0.0521476352,0.0046592325
3061,"-88.7093,43.4158",55027,"Wisconsin, Dodge",0.143278301886792,16.597038032033,0.115837763384065,10176,1.010111614402,1.00879735066257,0.0092374213836478,94,0.0010700422325179,1.00946709896934,1.01343547374871,0.839344615905413,1.00687588963292,0.207,0.3706,0.4718,0.00278893986134985,1799,4,16.7,88,6868.1583416,0.1547575558,9.7,0.111,90.972903882,4,0.338,0.0324086195,0.005851082
3062,"-87.3,44.9586",55029,"Wisconsin, Door",0.11318795430945,7.89568996740311,0.069757334299167,1926,1.00955221309324,1.00879735066257,0.00623052959501558,12,0.000434625135820355,1,1.01343547374871,0.839344615905413,1.00687588963292,0.0525,0.2528,0.1302,0.000905469032959073,1998.27,4.2,28,56.6,4930.8206001,0.1302993793,8.3,0.112,53.293101375,3.3,0.327,0.0068453459,0.0073524085
3063,"-91.916,46.4322",55031,"Wisconsin, Douglas",0.265362169584621,17.8902055174968,0.067418070727643,2913,1.02034187154342,1.00879735066257,0.00892550635084106,26,0.000601740418441029,1.11678687242049,1.01343547374871,0.839344615905413,1.00687588963292,0.2111,0.1964,0.6679,0.000578596556193297,1700.5,6.2,17.5,30.9,6019.0853869,0.1781373946,6.9,0.079,202.07112581,3.7,0.311,0.0116876504,0.0196028513
3064,"-91.8962,44.9456",55033,"Wisconsin, Dunn",0.132954884971616,9.86018479537347,0.0741618842923933,3347,1.00907015572894,1.00879735066257,0.00537795040334628,18,0.000398838935543196,1.02638809625704,1.01343547374871,0.839344615905413,1.00687588963292,0.2207,0.3085,0.6536,0.000553942966032217,1775.81,6,15,48.6,5615.8936247,0.1623080676,7.8,0.093,157.15971336,3.7,0.416,0.007954621,0.0052292216
3065,"-91.2861,44.7266",55035,"Wisconsin, Eau Claire",0.0929320880894731,7.71041001014024,0.0829682208659384,8673,1.00598827422414,1.00879735066257,0.00853222644990199,74,0.00070790364857367,1.00797014400208,1.01343547374871,0.839344615905413,1.00687588963292,0.2172,0.5075,0.5896,0.00674421719249239,1881.56,6.7,14.8,174.5,6039.2626809,0.1644514458,8,0.089,229.81390854,4,0.308,0.0113647234,0.0064093979
3066,"-88.398,45.8496",55037,"Wisconsin, Florence",0.182044887780549,16.8942374450359,0.0928025919925943,401,1.00847387771059,1.00879735066257,0.029925187032419,12,0.00277713492247165,1,1.01343547374871,0.839344615905413,1.00687588963292,0.2401,0.0073,0.2935,,1547.83,5.5,25,7.1,9670.045426,0.1552717405,6.6,0.141,24.579262893,3,0.338,0.0041657024,0.0097199722
3067,"-88.4889,43.7535",55039,"Wisconsin, Fond du Lac",0.135829086632693,13.4476937108261,0.0990045213746531,10204,1.00818563230131,1.00879735066257,0.00646805174441396,66,0.000640366367182194,1.01370885629547,1.01343547374871,0.839344615905413,1.00687588963292,0.1354,0.4467,0.5419,0.0015912133972406,1899.46,4.2,17.4,130.4,5726.5122749,0.1578827592,9.8,0.086,151.14830617,4,0.342,0.0191430734,0.0059282402
3068,"-88.7708,45.6668",55041,"Wisconsin, Forest",0.0874251497005988,8.11923034145256,0.092870648426204,835,1.00541926791979,1.00879735066257,0.0263473053892216,22,0.00244689133578022,1.0066678482933,1.01343547374871,0.839344615905413,1.00687588963292,0.6182,0.3913,0.4062,,1333.01,11.4,22.5,8.3,12198.035925,0.1932899613,6.8,0.094,38.205733392,2.3,0.294,0.0121232343,0.1522633745
3069,"-90.7063,42.8672",55043,"Wisconsin, Grant",0.126450390717499,10.3580711486985,0.0819141094774411,4223,1.00897368631779,1.00879735066257,0.0175230878522377,74,0.00143538813671102,1.01429731037187,1.01343547374871,0.839344615905413,1.00687588963292,0.3239,0.1414,0.6619,0.0014547852736936,1569.2,7,16.6,41.1,5212.1922891,0.1629960356,9.5,0.106,83.643820247,3.7,0.338,0.0140823214,0.0027543935
3070,"-89.6024,42.6795",55045,"Wisconsin, Green",0.172581429265921,9.61304124130088,0.0557014812207208,2057,1.01140666902775,1.00879735066257,0.00437530384054448,9,0.000243710904709036,1.05963402266705,1.01343547374871,0.839344615905413,1.00687588963292,0.0459,0.2728,0.0764,0.00257250399415094,1978.9,4.1,17.5,59.2,5077.9870756,0.1451982613,10.2,0.072,83.061300678,3.7,0.346,0.0069322213,0.0036827426
3071,"-89.0468,43.8003",55047,"Wisconsin, Green Lake",0.101385390428212,8.51041336293477,0.0839412200021144,1588,1.00693550110665,1.00879735066257,0.00692695214105793,11,0.000581456813616661,1.02908210240756,1.01343547374871,0.839344615905413,1.00687588963292,0.2481,0.4097,0.4273,0.00132149275821969,1644.76,9.3,21.4,47.5,7269.0858778,0.1617346863,9.2,0.132,60.69269955,3,0.328,0.0098847658,0.0054445502
3072,"-90.1347,43.0005",55049,"Wisconsin, Iowa",0.13860103626943,9.00256615203399,0.0649530941062639,1544,1.01264410985323,1.00879735066257,0.0038860103626943,6,0.000252408396786,1,1.01343547374871,0.839344615905413,1.00687588963292,0.0306,0.1716,0.0353,0.001051701653275,2018.83,4.4,17.3,30.5,5099.032507,0.151426351,9.3,0.119,60.735855248,3.7,0.29,0.00761432,0.0023558117
3073,"-90.243,46.263",55051,"Wisconsin, Iron",0.134171907756813,11.2755461592671,0.0840380549682875,477,1.01061981137774,1.00879735066257,0.0335429769392034,16,0.00281888653981677,1.00926242190831,1.01343547374871,0.839344615905413,1.00687588963292,0.4137,0.049,0.5256,,1361.01,6.9,29.3,6.4,7785.1545968,0.1622488665,6.3,0.105,63.233386345,2,0.261,0.0017618041,0.0151515152
3074,"-90.8057,44.3186",55053,"Wisconsin, Jackson",0.172166427546628,17.579841781424,0.102109581013771,2091,1.00782266350135,1.00879735066257,0.00286944045911047,6,0.000292997363023733,1.02638809625704,1.01343547374871,0.839344615905413,1.00687588963292,0.4162,0.4292,0.7278,0.00122082234593222,1592.05,9.2,18.1,18.5,7626.9521165,0.1788855942,8.2,0.041,77.929133119,3.7,0.332,0.0213888075,0.0681707198
3075,"-88.7753,43.0205",55055,"Wisconsin, Jefferson",0.133974946532233,10.3020122402472,0.07689506513644,6546,1.00890757324263,1.00879735066257,0.0073327222731439,48,0.000563850156820825,1.01583853430855,1.01343547374871,0.839344615905413,1.00687588963292,0.1401,0.4731,0.4311,0.000575597035087925,1859.03,5,15.9,127.7,6055.483311,0.1502106968,10.6,0.048,161.85503223,3.7,0.303,0.0095619589,0.0049924233
3076,"-90.1112,43.9246",55057,"Wisconsin, Juneau",0.132178669097539,10.8952924822482,0.082428523124319,2194,1.00869416740934,1.00879735066257,0.00364630811303555,8,0.000300559792613743,1.01925902092718,1.01343547374871,0.839344615905413,1.00687588963292,0.4067,0.2394,0.6441,0.00150279896306872,1564.42,5.5,19.8,31.2,7176.6787535,0.1686812748,8.7,0.072,71.553611214,3.7,0.362,0.023255814,0.0152909794
3077,"-88.0405,42.5764",55059,"Wisconsin, Kenosha",0.153713440683536,11.0520408766023,0.0719002894441491,12172,1.01154779325728,1.00879735066257,0.0151166611896155,184,0.00108689231496249,1.01569188516476,1.01343547374871,0.839344615905413,1.00687588963292,0.4089,0.6969,0.6135,0.00305393112410656,2163.16,6.5,13.2,539.2,6793.7208645,0.1701795537,11.2,0.076,189.44156176,5,0.305,0.0686455195,0.0074251285
3078,"-87.6147,44.5173",55061,"Wisconsin, Kewaunee",0.107913669064748,10.3027032330864,0.0954717166266006,1946,1.00913406349109,1.00879735066257,0.0118191161356629,23,0.00112839130648089,1.01308078292908,1.01343547374871,0.839344615905413,1.00687588963292,0.0831,0.2869,0.1245,,1842.7,3.5,19.3,53.3,5828.0719187,0.1443901522,8.8,0.08,20.705260711,3.7,0.316,0.005592896,0.0054947751
3079,"-91.1145,43.9063",55063,"Wisconsin, La Crosse",0.128356323049384,10.310411908991,0.0803264822803011,9497,1.00743669801069,1.00879735066257,0.00452774560387491,43,0.000363697877019369,1.01038507754155,1.01343547374871,0.839344615905413,1.00687588963292,0.1691,0.5301,0.6628,0.00554850714708619,1974.04,4.5,15.4,272.5,6073.8406896,0.1483219271,8.5,0.066,300.55847278,4.3,0.272,0.0151315233,0.0046773239
3080,"-90.1318,42.6601",55065,"Wisconsin, Lafayette",0.100806451612903,7.5007500750075,0.0744074407440744,1240,1.00541494591526,1.00879735066257,0.00403225806451613,5,0.0003000300030003,1.03239118471,1.01343547374871,0.839344615905413,1.00687588963292,0.2003,0.3429,0.1108,0.0015001500150015,1732.85,8.4,17.6,21.8,6764.487596,0.1616790528,9.9,0.074,41.784068094,2.3,0.337,0.0055805581,0.0063606361
3081,"-89.0748,45.2627",55067,"Wisconsin, Langlade",0.094671201814059,8.66722026157359,0.0915507577330289,1764,1.00605596187659,1.00879735066257,0.022108843537415,39,0.00202408137845132,1.0075488835911,1.01343547374871,0.839344615905413,1.00687588963292,0.5121,0.256,0.2665,0.00129748806310982,1454.05,6.6,22.7,21.9,5991.8007749,0.1644621855,7.5,0.127,87.743405181,3,0.323,0.0110545983,0.0146875649
3082,"-89.7341,45.3374",55069,"Wisconsin, Lincoln",0.122299049265341,10.2206652461266,0.0835710932139117,2314,1.0082941461109,1.00879735066257,0.0216076058772688,50,0.0018057712448987,1.00289026984454,1.01343547374871,0.839344615905413,1.00687588963292,0.1627,0.049,0.3082,0.00155296327061288,1692.57,4.4,20.5,28.8,6472.8089147,0.1563838189,7.4,0.094,87.320950301,3.3,0.342,0.0085232403,0.0055617754
3083,"-87.8093,44.1195",55071,"Wisconsin, Manitowoc",0.120593396075929,9.56066469383109,0.0792801679439512,6269,1.00785207053857,1.00879735066257,0.00813526878289998,51,0.000644965475377494,1.02812481341586,1.01343547374871,0.839344615905413,1.00687588963292,0.1755,0.4839,0.2432,0.00298454612135468,1650.9,4.4,19.3,129.7,6530.2635259,0.1492612891,9.5,0.119,112.41163926,4,0.334,0.0098135923,0.0073728406
3084,"-89.7586,44.8979",55073,"Wisconsin, Marathon",0.122188653910708,10.7511002156127,0.087987713028325,11916,1.00886617388509,1.00879735066257,0.013595166163142,162,0.00119620757893493,1.00819891621082,1.01343547374871,0.839344615905413,1.00687588963292,0.1159,0.539,0.2722,0.00313081489795316,1923.04,5.8,16.6,88.4,5431.1046348,0.1515327876,8.2,0.105,202.43453757,4,0.335,0.0079821012,0.005641374
3085,"-88.0332,45.3855",55075,"Wisconsin, Marinette",0.107511868193242,9.52168966711184,0.0885640797348766,3581,1.00777613158144,1.00879735066257,0.0100530578050824,36,0.000890339813028639,1.00403251981126,1.01343547374871,0.839344615905413,1.00687588963292,0.3433,0.0933,0.4202,0.00136024138101598,1469.8,5.3,22.6,29.6,6755.1918704,0.1635761831,8.1,0.079,71.308850101,3.7,0.308,0.0056635505,0.0078646683
3086,"-89.4007,43.8191",55077,"Wisconsin, Marquette",0.079646017699115,6.41440974471945,0.080536477905922,1243,1.00420737918766,1.00879735066257,0.0136765888978278,17,0.00110146429959829,1.01804126125684,1.01343547374871,0.839344615905413,1.00687588963292,0.4156,0.2697,0.2174,,1562.07,6.6,23.6,28.3,8599.9525234,0.1548529207,9,0.189,29.431012744,2.3,0.379,0.0060904497,0.0090060904
3087,"-88.7095,45.0042",55078,"Wisconsin, Menominee",0.136434108527132,18.8922284242164,0.13847144697295,645,1.01183679221798,1.00879735066257,0.0124031007751938,8,0.0017174753112924,1,1.01343547374871,0.839344615905413,1.00687588963292,0.7185,0.5934,0.5103,,1335.47,23.9,12.6,15.2,17045.961074,0.3357999957,8,0.102,16.751418928,2.3,0.432,0.0081580077,0.8130098755
3088,"-87.9673,43.0049",55079,"Wisconsin, Milwaukee",0.124044651252501,10.8521294535652,0.0874856702323663,82954,1.00896313295112,1.00879735066257,0.00999349036815585,829,0.000874287202818812,1.00708984827969,1.01343547374871,0.839344615905413,1.00687588963292,0.5949,0.9131,0.8529,0.00470364405859095,1706.79,7.8,12.9,4014.1,8928.676331,0.1781730991,11.5,0.104,810.69284367,5,0.322,0.2622387026,0.0097236767
3089,"-90.6188,43.9464",55081,"Wisconsin, Monroe",0.157416423239208,10.5318016981173,0.0669040846018545,3081,1.0096842958642,1.00879735066257,0.00649139889646219,20,0.000434301100953291,1.04195362743721,1.01343547374871,0.839344615905413,1.00687588963292,0.2841,0.4699,0.638,0.00162862912857484,1772.98,8.9,16.1,52.7,6928.6589784,0.1626541206,8.5,0.136,115.27005464,3.7,0.382,0.0151353934,0.0142667912
3090,"-88.2681,45.0272",55083,"Wisconsin, Oconto",0.109925293489861,10.8908273856727,0.0990748083531589,3748,1.00876076431143,1.00879735066257,0.00987193169690502,37,0.000978059740946339,1.00392180941666,1.01343547374871,0.839344615905413,1.00687588963292,0.1854,0.2194,0.078,0.000925191646841131,1817.25,4.8,19.5,28.5,6385.9866798,0.1597384896,8.6,0.193,21.014575218,3.7,0.373,0.0037800687,0.0150409728
3091,"-89.5194,45.7068",55085,"Wisconsin, Oneida",0.123926838372527,9.36002255427121,0.0755286157316042,2679,1.00752710411868,1.00879735066257,0.0182904068682344,49,0.00138144911192557,1.02579101104119,1.01343547374871,0.839344615905413,1.00687588963292,0.0561,0.0675,0.0681,0.00484916831124894,1823.45,4.6,25,30,6741.5206832,0.1462080561,7,0.092,74.213058851,3.3,0.348,0.0062588103,0.0115872568
3092,"-88.4657,44.4158",55087,"Wisconsin, Outagamie",0.0983238831079818,8.42206388599792,0.0856563392309129,16049,1.00682283517002,1.00879735066257,0.00884790329615552,142,0.00075787900621781,1.00618651102204,1.01343547374871,0.839344615905413,1.00687588963292,0.0506,0.504,0.2229,0.00275932004376484,2114.28,4.6,13.9,301.8,5303.1275221,0.1464725795,8.7,0.104,239.06631921,4.3,0.331,0.0136418221,0.0183545486
3093,"-87.9463,43.3835",55089,"Wisconsin, Ozaukee",0.155008843865573,10.8136000089739,0.0697611809707562,6219,1.01096315769248,1.00879735066257,0.00771828268210323,48,0.000538436514969657,1.01250777270301,1.01343547374871,0.839344615905413,1.00687588963292,0.0051,0.277,0.1117,0.00365688133083559,3031.04,3.4,18.6,363.7,4214.2346394,0.1251055905,10.5,0.06,179.73755719,4.3,0.235,0.0158277901,0.0033315759
3094,"-91.9995,44.5831",55091,"Wisconsin, Pepin",0.185689948892675,14.954040334751,0.0805323089587049,587,1.01635126163193,1.00879735066257,0.00851788756388416,5,0.000685965152970229,1.1398522810476,1.01343547374871,0.839344615905413,1.00687588963292,0.2032,0.1706,0.1554,0.00342982576485115,1581.33,8.7,21.2,26.8,5715.9737465,0.1571065122,7.9,0.144,47.242630834,3,0.323,0.0041157909,0.0030182467
3095,"-92.4224,44.7185",55093,"Wisconsin, Pierce",0.213244613434728,15.8148278698155,0.0741628480789567,3156,1.01574874039305,1.00879735066257,0.0082382762991128,26,0.000610974033603572,1.01766889775789,1.01343547374871,0.839344615905413,1.00687588963292,0.0439,0.3747,0.4661,,2232.14,5,13.7,52.6,4749.922751,0.1502384777,8.1,0.055,130.55878174,3,0.27,0.0075901774,0.0054047703
3096,"-92.4418,45.4613",55095,"Wisconsin, Polk",0.195903165735568,12.0647736134685,0.0615853938254048,2685,1.01370346290742,1.00879735066257,0.0074487895716946,20,0.000458736639295381,1.01516534655549,1.01343547374871,0.839344615905413,1.00687588963292,0.143,0.1414,0.1076,0.00167438873342814,1790.87,6.6,19.4,42.2,6514.5809504,0.1556879212,7.4,0.102,32.066326959,3.3,0.326,0.0040598193,0.0114913528
3097,"-89.5015,44.4756",55097,"Wisconsin, Portage",0.102710676747188,7.8514843111274,0.0764427278621973,5423,1.00668173969006,1.00879735066257,0.00848238982113221,46,0.000648417016717882,1.00637045739233,1.01343547374871,0.839344615905413,1.00687588963292,0.1793,0.4008,0.5788,0.00132502607764089,1786.95,4.9,15.6,88.2,4275.3659555,0.1561276422,8.6,0.063,174.2116304,3.7,0.315,0.0088523019,0.0047503594
3098,"-90.361,45.6805",55099,"Wisconsin, Price",0.173245614035088,11.7936851533926,0.0680749421512279,912,1.01113113740098,1.00879735066257,0.0043859649122807,4,0.000298574307680824,1,1.01343547374871,0.839344615905413,1.00687588963292,0.2051,0.0885,0.354,0.00186608942300515,1475.54,5.6,24.5,11.1,6522.4377433,0.1543080314,6.8,0.096,54.198775418,3,0.291,0.0058968426,0.0084347242
3099,"-88.0594,42.7475",55101,"Wisconsin, Racine",0.115775569976454,10.255158100354,0.0885779107150124,17413,1.00859900642051,1.00879735066257,0.0130362372939758,227,0.0011547226630855,1.01609153038771,1.01343547374871,0.839344615905413,1.00687588963292,0.2892,0.7109,0.4839,0.00343873356936475,2093.51,5.5,15.6,539.8,7096.5611159,0.1541427416,11.7,0.083,178.12730021,4.3,0.362,0.1127304358,0.0066892524
3100,"-90.4301,43.3763",55103,"Wisconsin, Richland",0.121393034825871,7.02077458709789,0.0578350693445359,1005,1.00761857720101,1.00879735066257,0.0129353233830846,13,0.000748115324854693,1,1.01343547374871,0.839344615905413,1.00687588963292,0.3121,0.2837,0.4467,0.00143868331702826,1529.5,8,21.4,27.9,6868.4314702,0.1572199442,8.8,0.064,62.170377432,3,0.342,0.0073660586,0.0047764286
3101,"-89.0715,42.6715",55105,"Wisconsin, Rock",0.149518103672831,10.5560629930914,0.0706005676489159,11517,1.0120598614282,1.00879735066257,0.00911695754102631,105,0.000643662377627522,1.00556396931642,1.01343547374871,0.839344615905413,1.00687588963292,0.3825,0.5954,0.3814,0.00345738648554212,1691.67,6.2,15.8,207.2,7374.6703988,0.1734592032,10.9,0.116,180.83325492,5,0.363,0.0491574153,0.0054987157
3102,"-91.1333,45.475",55107,"Wisconsin, Rusk",0.144497607655502,10.6736410546406,0.0738672510072807,1045,1.00848299601818,1.00879735066257,0.0105263157894737,11,0.000777550010602955,1.02908210240756,1.01343547374871,0.839344615905413,1.00687588963292,0.4602,0.1958,0.3015,0.00176715911500672,1272.66,9.1,23.1,16,6264.0742914,0.1657452026,7,0.071,35.456253722,3,0.266,0.0113805047,0.0069979501
3103,"-92.45,45.0344",55109,"Wisconsin, St. Croix",0.187880960917892,11.684170624568,0.0621892211296185,5578,1.01665309613468,1.00879735066257,0.00394406597346719,22,0.000245278390973755,1,1.01343547374871,0.839344615905413,1.00687588963292,0.0038,0.2528,0.0567,0.00139362722144179,2595.96,4.3,13,107.8,4658.5956675,0.1427262356,8.1,0.073,107.9072803,3.7,0.277,0.008138783,0.0043369679
3104,"-89.9497,43.4257",55111,"Wisconsin, Sauk",0.129378127233738,8.45149340845772,0.0653239739139909,4197,1.00910449611911,1.00879735066257,0.00571837026447462,24,0.000373546669987081,1.03393669433935,1.01343547374871,0.839344615905413,1.00687588963292,0.1825,0.4027,0.4011,0.00250587557783001,1834.39,6.3,17.6,79.2,6110.9965277,0.1756253411,9,0.098,131.36243864,3.7,0.309,0.0101635823,0.014739529
3105,"-91.145,45.8793",55113,"Wisconsin, Sawyer",0.150801131008483,9.70343865607374,0.064345927588089,1061,1.01140953600141,1.00879735066257,0.00754005655042413,8,0.000485171932803687,1,1.01343547374871,0.839344615905413,1.00687588963292,0.4102,0.3696,0.3569,0.00151616229001152,1449.15,8.3,24.8,12.5,9721.2306518,0.198948446,6.6,0.112,25.049170636,2.3,0.356,0.0061859421,0.1800594336
3106,"-88.7644,44.789",55115,"Wisconsin, Shawano",0.0875981909069269,9.02049220511815,0.102975781939406,4201,1.00620412337207,1.00879735066257,0.014044275172578,59,0.0014462202176684,1.01007964058662,1.01343547374871,0.839344615905413,1.00687588963292,0.1631,0.3075,0.2238,0.000612805176978135,1643.66,6.7,20.3,40,6998.9040744,0.171327172,8.6,0.124,57.881798639,3.7,0.362,0.0054907344,0.0839052848
3107,"-87.9458,43.721",55117,"Wisconsin, Sheboygan",0.114177693761815,10.4628603104213,0.0916366407982262,10580,1.00866422684145,1.00879735066257,0.00765595463137996,81,0.000701565964523282,1.02530654445791,1.01343547374871,0.839344615905413,1.00687588963292,0.0994,0.5635,0.5476,0.00320468403547672,1844.18,4.5,17,226.4,5895.1041815,0.1539095157,9.8,0.074,114.06548953,4,0.291,0.0204839939,0.0056298503
3108,"-90.5004,45.2118",55119,"Wisconsin, Taylor",0.211076923076923,16.803840877915,0.079610033313737,1625,1.01601102983952,1.00879735066257,0.0110769230769231,18,0.000881834215167548,1.02638809625704,1.01343547374871,0.839344615905413,1.00687588963292,0.2904,0.2471,0.2063,0.00122476974328826,1600.18,7.9,18.2,20.3,5613.7213811,0.1705797746,7.3,0.089,24.42427913,3,0.329,0.0041152263,0.004654125
3109,"-91.3589,44.3036",55121,"Wisconsin, Trempealeau",0.132902298850575,12.5670810406902,0.0945587935602201,2784,1.0069091397793,1.00879735066257,0.00897988505747126,25,0.00084912709734393,1.01842967859905,1.01343547374871,0.839344615905413,1.00687588963292,0.2013,0.5657,0.3263,0.00146049860743156,1704.59,7.7,17.4,40.2,6811.2397193,0.1544394923,8.4,0.103,49.770694897,3,0.302,0.0043475307,0.012940697
3110,"-90.8325,43.5942",55123,"Wisconsin, Vernon",0.164843180160467,7.34123761572194,0.044534675978561,1371,1.01065119307719,1.00879735066257,0.012399708242159,17,0.000552216988793243,1.01804126125684,1.01343547374871,0.839344615905413,1.00687588963292,0.3975,0.2658,0.696,0.00162416761409777,1627.74,15.5,18.6,34.3,5710.877233,0.1719940667,8.7,0.107,63.707933419,3,0.318,0.0047425694,0.0030209518
3111,"-89.5172,46.0547",55125,"Wisconsin, Vilas",0.13383152173913,8.97985231105844,0.0670981857963351,1472,1.00863710346214,1.00879735066257,0.0142663043478261,21,0.000957243139757498,1.07091180525193,1.01343547374871,0.839344615905413,1.00687588963292,0.3494,0.2553,0.0283,0.00113957516637797,1515.01,6.4,30.2,20.6,8647.4090232,0.1721249859,6.5,0.123,29.39335599,2.3,0.312,0.0036922235,0.1112225362
3112,"-88.5416,42.6686",55127,"Wisconsin, Walworth",0.175878192063302,14.1441215603849,0.0804199849592163,8341,1.01227938874732,1.00879735066257,0.00887183790912361,74,0.000713473071212326,1.03289040721972,1.01343547374871,0.839344615905413,1.00687588963292,0.2315,0.653,0.4285,0.00129196475057367,2028.92,7.9,16.4,170.2,6098.7289453,0.1545340513,11.2,0.076,112.89463866,4,0.294,0.0103935672,0.0048111225
3113,"-91.7905,45.8984",55129,"Wisconsin, Washburn",0.243186582809224,14.6114120166268,0.0600831338959567,954,1.01921541999342,1.00879735066257,0.00838574423480084,8,0.000503841793676786,1.04195362743721,1.01343547374871,0.839344615905413,1.00687588963292,0.2561,0.1665,0.0751,0.00314901121047991,1576.46,5.6,24.9,18.6,6532.581893,0.1633252139,6.5,0.126,56.55974715,3,0.304,0.0033379519,0.0166267792
3114,"-88.2297,43.3686",55131,"Wisconsin, Washington",0.159706009511457,13.6116085575527,0.085229156994097,11565,1.01017245858027,1.00879735066257,0.00795503674881107,92,0.000678001075958229,1.01481553062551,1.01343547374871,0.839344615905413,1.00687588963292,0.0083,0.2786,0.0433,0.00103911034467511,2484.29,4.1,16.8,277.9,4820.3020369,0.1351968585,10.7,0.066,162.28363229,4.3,0.326,0.0124398458,0.0039279845
3115,"-88.3043,43.0183",55133,"Wisconsin, Waukesha",0.14286587228842,11.600905049222,0.0812013734518895,32730,1.00991430201829,1.00879735066257,0.00919645585090131,301,0.000746764845982852,1.03044600174517,1.01343547374871,0.839344615905413,1.00687588963292,0.0045,0.4164,0.1028,0.0026918267704033,2871.95,2.9,17.5,751.5,4812.2936893,0.121941417,11.3,0.095,269.27326906,5,0.264,0.015902866,0.0032401159
3116,"-88.9653,44.4707",55135,"Wisconsin, Waupaca",0.0691894312583968,6.04365514004068,0.0873493975903614,4466,1.00436145849225,1.00879735066257,0.0277653381101657,124,0.00242528555781568,1.00232563164892,1.01343547374871,0.839344615905413,1.00687588963292,0.1389,0.2954,0.3352,0.000488968862462838,1761.64,5.7,20,64.1,6797.5659518,0.1529410126,8.8,0.114,67.477766706,3.7,0.368,0.0046549836,0.0079604131
3117,"-89.2432,44.1132",55137,"Wisconsin, Waushara",0.0697435897435897,5.60524255038536,0.0803692865680254,1950,1.00409558322032,1.00879735066257,0.00717948717948718,14,0.000577010262539669,1.03505205734318,1.01343547374871,0.839344615905413,1.00687588963292,0.3567,0.5043,0.4951,0.00103037546882084,1587.85,7.8,23.3,32.7,6291.7671823,0.1618632439,8.9,0.104,41.751578811,3,0.363,0.019865639,0.0079957136
3118,"-88.6448,44.0689",55139,"Wisconsin, Winnebago",0.0977192540322581,9.06911472342416,0.0928078587299731,15872,1.00626551172586,1.00879735066257,0.00938760080645161,149,0.000871243129458543,1.01856289954807,1.01343547374871,0.839344615905413,1.00687588963292,0.1217,0.467,0.4304,0.00272482750555491,1910.85,4.7,15.4,315,5939.3676043,0.1525887836,9.8,0.09,281.56589418,4.3,0.367,0.0217050637,0.0074611157
3119,"-90.0416,44.4554",55141,"Wisconsin, Wood",0.160482200037672,11.6624461022517,0.0726712750667305,5309,1.01008161730842,1.00879735066257,0.00753437558862309,40,0.000547532680856889,1.00362337833333,1.01343547374871,0.839344615905413,1.00687588963292,0.1446,0.3457,0.1948,0.0082540551639176,1680.3,4.7,19.7,98.3,7032.1222163,0.1593873147,8.5,0.083,119.267706,3.7,0.291,0.0088015878,0.0093217439
3120,"-105.7235,41.655",56001,"Wyoming, Albany",0.074788902291918,6.42470402321183,0.0859045102458486,3316,1.00425021880538,1.01156119436447,0.00271411338962606,9,0.000233154581487526,1,1.02721294818317,0.762092439985668,1.00475257005699,0.3984,0.5011,0.8192,0.00256470039636279,1473.51,7.4,10.9,9,5615.8957414,0.1564749358,3.7,0.052,201.39148987,3,0.236,0.0177197482,0.0120722261
3121,"-107.996,44.5241",56003,"Wyoming, Big Horn",0.184640522875817,9.51098392391213,0.0515108155879135,612,1.01354332576568,1.01156119436447,0.0245098039215686,15,0.00126251998989984,1.02065336654354,1.02721294818317,0.762092439985668,1.00475257005699,0.4452,0.4613,0.2283,0.0021041999831664,1545.12,15.8,20.6,3.9,8540.2722301,0.1560820029,5.4,0.135,88.383524271,3,0.327,0.005975928,0.0151502399
3122,"-105.5474,44.2489",56005,"Wyoming, Campbell",0.133178249491131,9.92631122670134,0.0745340268747291,3439,1.00757716642726,1.01156119436447,0.00581564408258215,20,0.000433463372345037,1.02348860217202,1.02721294818317,0.762092439985668,1.00475257005699,0.1748,0.5365,0.7007,0.00195058517555267,2243.44,9.4,8.3,11.5,6051.9055109,0.1848914294,5.8,0.075,80.898762593,3,0.319,0.0049198093,0.0153446034
3123,"-106.9326,41.6936",56007,"Wyoming, Carbon",0.197892271662763,11.28849108276,0.0570436176608109,854,1.01452543264213,1.01156119436447,0.0140515222482436,12,0.000801549662681184,1.04195362743721,1.02721294818317,0.762092439985668,1.00475257005699,0.2274,0.7673,0.8198,0.0016698951305858,1837.39,10.3,15.4,2,8525.3392399,0.1695845473,3,0.075,83.96609632,3,0.304,0.0118228575,0.0170329303
3124,"-105.5082,42.9727",56009,"Wyoming, Converse",0.149232914923291,7.84457478005865,0.0525659824046921,717,1.00994798121737,1.01156119436447,0.0097629009762901,7,0.000513196480938416,1,1.02721294818317,0.762092439985668,1.00475257005699,0.1975,0.2448,0.4155,0.00183284457478006,1977.72,8.5,15.5,3.4,8021.6557311,0.1538153563,3.4,0.097,74.333319896,3.7,0.317,0.0048387097,0.0123900293
3125,"-104.5698,44.5886",56011,"Wyoming, Crook",0.15014164305949,7.11409395973154,0.0473825503355705,353,1.01098964535748,1.01156119436447,0.0169971671388102,6,0.000805369127516779,1,1.02721294818317,0.762092439985668,1.00475257005699,0.0573,0.0837,0.1668,0.00214765100671141,2210.79,10.1,18.5,2.2,5805.5300059,0.1431855399,4.9,0.085,49.401244104,3,0.267,0.0118120805,0.0102013423
3126,"-108.6297,43.0418",56013,"Wyoming, Fremont",0.106251676951972,10.0174546558397,0.0942804381371582,3727,1.0070156015255,1.01156119436447,0.0136839280922994,51,0.00129012673597936,1.04293015722781,1.02721294818317,0.762092439985668,1.00475257005699,0.4041,0.4158,0.7106,0.00627355746123296,1788.9,18,17.2,4.3,11610.681982,0.193999372,5.4,0.099,93.083406531,3.3,0.291,0.0052363968,0.2208646379
3127,"-104.3535,42.088",56015,"Wyoming, Goshen",0.233737596471885,15.8492822966507,0.067808014354067,907,1.01362904926654,1.01156119436447,0.0132304299889746,12,0.000897129186602871,1.04195362743721,1.02721294818317,0.762092439985668,1.00475257005699,0.3662,0.5444,0.2738,0.00186901913875598,1639.04,12.3,21.3,5.7,6250.809717,0.1609760664,4.5,0.116,77.382099056,3,0.318,0.0094946172,0.0140550239
3128,"-108.4423,43.7193",56017,"Wyoming, Hot Springs",0.216931216931217,9.00109769484083,0.0414928649835346,189,1.0161066647043,1.01156119436447,0.00529100529100529,1,0.00021953896816685,1,1.02721294818317,0.762092439985668,1.00475257005699,0.1306,0.1433,0.3247,0.00548847420417124,1803.66,11.1,24.9,2.5,10028.537099,0.1526870793,4.2,0.138,123.1746961,2.3,0.328,0.007025247,0.0158068057
3129,"-106.5845,44.0406",56019,"Wyoming, Johnson",0.238442822384428,11.5839243498818,0.0485815602836879,411,1.0135679949136,1.01156119436447,0.0121654501216545,5,0.000591016548463357,1,1.02721294818317,0.762092439985668,1.00475257005699,0.092,0.1165,0.4142,0.00295508274231678,1806.46,13.8,21.8,1.8,7342.0975515,0.1502852689,4.2,0.077,100.42042634,3,0.242,0.0066193853,0.0169030733
3130,"-104.6887,41.307",56021,"Wyoming, Laramie",0.220884789745193,14.2761881668283,0.064631829938571,6397,1.01502184746592,1.01156119436447,0.00640925433797092,41,0.000414241836404785,1.05599249632307,1.02721294818317,0.762092439985668,1.00475257005699,0.1729,0.5629,0.4031,0.00208131264144843,1915.1,8.3,15.1,38.9,7383.3769021,0.1704288647,4.6,0.094,269.02289577,3.7,0.3,0.0241775784,0.011699806
3131,"-110.6564,42.2638",56023,"Wyoming, Lincoln",0.164507772020725,6.53493876710919,0.0397241947103015,772,1.01408458254203,1.01156119436447,0.0129533678756477,10,0.000514562107646393,1.07570373984278,1.02721294818317,0.762092439985668,1.00475257005699,0.1315,0.2257,0.093,0.00195533600905629,2183.31,12.5,15.9,4.3,5908.9864307,0.1458803811,5.7,0.082,36.061058533,2.3,0.268,0.0052999897,0.0102912422
3132,"-106.7979,42.9618",56025,"Wyoming, Natrona",0.182710201319574,13.6510143462049,0.0747140238892751,5911,1.01150844720492,1.01156119436447,0.0104889189646422,62,0.000783669342096948,1.01726174850825,1.02721294818317,0.762092439985668,1.00475257005699,0.1436,0.4438,0.4766,0.0031725968526828,1981.75,13.5,13.8,15.4,7576.9110113,0.1779320026,3.9,0.085,139.06857238,3.3,0.318,0.011616002,0.0146622006
3133,"-104.4759,43.0561",56027,"Wyoming, Niobrara",0.0955882352941176,5.44388609715243,0.0569514237855946,136,1.00982910562212,1.01156119436447,0.00735294117647059,1,0.000418760469011725,,1.02721294818317,0.762092439985668,1.00475257005699,0.4662,0.2779,0.4833,0.0100502512562814,1593.67,15.8,19.1,0.9,4265.7895019,0.1789530784,3.3,0.086,69.286266988,2.3,0.265,0.0092127303,0.0121440536
3134,"-109.5853,44.5216",56029,"Wyoming, Park",0.213325183374083,11.9015141181285,0.0557904787887055,1636,1.0152047505594,1.01156119436447,0.00427872860635697,7,0.000238712317555586,1.02226578920968,1.02721294818317,0.762092439985668,1.00475257005699,0.0287,0.3553,0.1684,0.0017050879825399,1931.02,12,21.4,4.4,5857.2214669,0.1310571997,5.3,0.092,85.954552881,3.3,0.251,0.0068203519,0.0094461874
3135,"-104.9663,42.133",56031,"Wyoming, Platte",0.153846153846154,7.0044361428905,0.0455288349287882,390,1.01230563496411,1.01156119436447,0.0205128205128205,8,0.000933924819052066,1,1.02721294818317,0.762092439985668,1.00475257005699,0.1067,0.4454,0.036,0.00291851505953771,1668.28,10,23.4,4.2,7330.0828896,0.1414922848,3.6,0.15,64.389300467,3,0.301,0.0058370301,0.010273173
3136,"-106.8862,44.7905",56033,"Wyoming, Sheridan",0.167886353852777,12.899811464294,0.0768365693116793,2323,1.01038041746635,1.01156119436447,0.00559621179509255,13,0.000429993715476466,1.02415191411056,1.02721294818317,0.762092439985668,1.00475257005699,0.0143,0.2372,0.3664,0.00291072668937916,1797.36,9.7,19.6,12.2,7429.1153937,0.1521418513,5.7,0.095,100.09733487,3.3,0.282,0.007971422,0.0136605696
3137,"-109.9131,42.7656",56035,"Wyoming, Sublette",0.188888888888889,10.3943748089269,0.0550290431060838,540,1.01221589950921,1.01156119436447,0.00925925925925926,5,0.000509528176908183,1.1398522810476,1.02721294818317,0.762092439985668,1.00475257005699,0.0357,0.348,0.015,,2413.48,13.4,16.7,2.4,6080.2223215,0.1391299376,5.1,0.092,39.000282932,3,0.299,0.0076429227,0.0119229593
3138,"-108.8828,41.6594",56037,"Wyoming, Sweetwater",0.260709914320685,14.8428607930129,0.0569324754361107,2451,1.02149354877699,1.01156119436447,0.00571195430436556,14,0.000325195698125479,1.04924143725562,1.02721294818317,0.762092439985668,1.00475257005699,0.2576,0.6718,0.412,0.00267125037745929,2052.42,12,10.7,4.5,7831.8276549,0.1807342159,5.1,0.088,154.75471368,3.7,0.298,0.0114515342,0.0154467957
3139,"-110.5891,43.9352",56039,"Wyoming, Teton",0.156955380577428,12.9543780598761,0.0825354187426888,1905,1.00933812984055,1.01156119436447,0.0010498687664042,2,8.66513582600407e-05,1,1.02721294818317,0.762092439985668,1.00475257005699,0.0025,0.7736,0.6266,0.00207963259824098,3165.12,10,13.6,6.7,2730.6039915,0.1454636942,4.9,0.022,135.18860021,2,0.124,0.0063255492,0.0091417183
3140,"-110.5476,41.2878",56041,"Wyoming, Uinta",0.199693955623565,12.8577762451352,0.0643874082467117,1307,1.01251783389219,1.01156119436447,0.0053557765876052,7,0.000344844573624316,1.04924143725562,1.02721294818317,0.762092439985668,1.00475257005699,0.3583,0.439,0.6657,0.0020690674417459,1920.16,12.2,12.1,9.8,7330.6835491,0.1721267464,5.9,0.113,96.191604045,3.7,0.358,0.006847628,0.014187891
3141,"-107.6802,43.9045",56043,"Wyoming, Washakie",0.330203442879499,26.7596702599873,0.0810399492707673,639,1.02272369138637,1.01156119436447,0.0172143974960876,11,0.00139505389980977,1.0465440871019,1.02721294818317,0.762092439985668,1.00475257005699,0.4293,0.3687,0.2751,0.00228281547241598,1723.8,15.4,20.7,3.8,6586.0499591,0.168594001,4.8,0.117,82.822154793,2,0.288,0.004692454,0.0181357007
3142,"-104.5675,43.8396",56045,"Wyoming, Weston",0.0747663551401869,4.59308167073346,0.06143246734606,428,1.00269913387817,1.01156119436447,0.00467289719626168,2,0.000287067604420841,1,1.02721294818317,0.762092439985668,1.00475257005699,0.3022,0.4276,0.6581,0.00172240562652505,1835.76,13.3,18.9,2.6,5388.7069473,0.1669313356,4.1,0.09,64.304298992,2.3,0.333,0.0064590211,0.0176546577
